998 9792
2430
77760
27180
63540
56790
35910
50220
78750
43020
29970
5940
22860
62910
17730
63270
25920
14490
31140
84780
29340
86760
99900
63180
43740
57510
64530
78120
57420
60480
91260
49950
99000
32040
56610
37170
37260
27630
71280
81540
1980
71730
77400
74970
33300
79470
47970
53910
7830
73620
6660
28620
12960
30870
33030
13050
30420
75600
61110
83880
33120
82530
80820
89370
91620
56520
5850
44640
30690
56970
86940
78210
42750
32760
34470
23670
53550
92250
8550
85050
78120
46260
75150
22230
59400
15030
12330
14940
18540
70740
23940
64170
87840
52110
61650
34380
95580
36630
95130
71640
53910
12960
17280
67410
32580
17010
88560
53460
43020
14310
71370
1170
40050
76500
12780
71910
81720
33480
73350
5130
51570
54000
91080
38970
80730
12600
49050
64620
28350
65070
30870
78390
4680
630
88830
91620
23130
59760
62910
86400
60570
88380
11160
14220
44190
30870
69930
37080
31770
30420
71460
60120
61650
61830
46350
34020
24750
44370
88290
67950
96660
39060
56430
80910
27450
44910
52110
28980
15030
80640
28710
82710
5040
9900
64710
99900
48240
49320
94590
66330
42210
0
4680
77040
14670
64800
91350
28080
88560
62460
70560
14040
67050
8190
45540
58500
24030
22590
99270
1350
31140
64080
42390
41490
15660
75060
78930
18270
35550
58230
2070
77400
46800
28350
77760
28260
74790
95670
84420
30150
80640
50580
34920
81720
46710
92880
94680
74250
38430
71190
52110
25650
44280
6570
31590
2880
89820
60030
76230
68850
51210
5940
21420
42210
4050
71370
22770
54000
3690
22050
43290
8280
50490
9000
42930
32490
16740
12600
28530
69210
82170
36180
78570
96570
16020
91530
61830
28890
96390
80280
92160
83880
77670
66870
19260
53190
91260
24570
78660
16830
25650
65790
42930
57510
54270
74520
20880
26370
64980
85140
98730
58590
52110
83880
62100
47700
30870
69480
38250
38160
98190
77130
35190
8910
55080
88830
49320
8370
16560
71550
20430
37080
91980
19530
22770
17010
54360
75600
90360
25830
55980
40860
7380
5130
22230
87930
81630
8820
94320
55260
13410
63900
62370
47430
10710
62370
58230
69930
93600
51660
43020
12150
87120
19890
77310
45990
2430
8820
52380
59940
45990
60480
53550
14400
33210
98010
99720
87300
73620
79110
56340
37080
9810
15210
10350
66960
28710
56970
76140
99180
14130
11430
900
85500
69750
3420
74340
28260
86670
5760
84690
62010
2070
53910
34470
46350
47340
26730
27900
91260
33840
77310
49680
50130
96480
69300
10800
60480
25200
40140
72810
30240
63450
51840
88380
67590
27180
98910
23580
87390
35460
9810
72000
51840
41760
45090
87930
64800
36180
60750
38790
33930
59130
14490
68400
99540
4680
52380
45450
97470
34830
32130
24390
67140
40590
74250
47700
46080
51480
77940
24120
59040
54090
6930
33030
88470
900
45270
86310
55800
31500
5850
58950
38970
37620
80190
7920
92340
87840
29790
16020
94140
79740
22320
40950
44190
68850
8370
63990
81900
22140
19710
10620
19710
53460
75960
35550
15030
26280
85950
69300
8010
90000
84870
18630
8640
82530
23400
92070
23040
79830
90270
12600
67680
69480
79020
44820
25920
58320
86130
73350
77850
84060
42300
35820
29970
71010
93870
720
37530
27540
10350
89370
84600
95310
81000
40050
65610
92520
83970
72450
78480
39870
15120
38070
21330
17820
52470
67140
83970
47160
53190
2790
8730
58230
4140
4680
83700
58140
61290
32850
80190
92250
94770
11610
16560
89820
90540
79650
9990
81630
28980
99720
46620
85050
38340
68400
98370
360
79560
91980
8640
38250
44190
70110
79740
28800
80910
21870
71010
93600
38970
39240
79650
6210
12960
78750
65430
25470
80010
42840
96750
61110
51660
98280
70020
28620
85680
58500
73260
48510
55170
46440
18720
55710
92700
54630
51660
33300
97110
5940
50580
17460
25110
41490
41490
35640
73890
76590
24570
54810
66420
83430
34290
8910
28260
450
4500
78300
18270
46800
9720
91890
9990
55980
3870
58410
54900
12240
63450
29430
86490
99000
27450
22860
4140
39510
40230
29520
80280
58590
24480
28080
35910
23760
69480
92970
28980
34740
62550
71370
8550
63450
98100
51030
56430
50310
13320
37260
14580
37530
3510
20700
85230
51750
67140
92340
31680
26280
52650
5940
19350
16920
20520
48240
53820
63900
74430
70560
18630
54810
68580
0
83880
48330
37440
96840
41580
16110
76320
57690
24750
18360
65970
56610
78750
32400
77310
16200
57960
63540
94950
79020
65610
59670
81630
66780
51120
54540
2610
60930
70650
35280
13140
61560
32310
93690
31410
51390
37980
81540
11250
91530
83610
29430
2610
36990
23580
81180
41940
6210
63270
80370
76320
57870
52200
5130
97650
14940
3600
55620
28440
13950
15570
35370
97380
36720
59670
93150
36630
22680
6210
91260
75510
27450
44730
85410
67140
82980
71820
94770
59760
3240
80100
55890
45180
17370
69750
49050
11250
11790
65070
9540
57150
8820
55800
17550
55350
81090
53280
68130
26460
23400
47160
31320
38160
3330
45990
43200
38520
94320
64080
82710
11160
73530
58860
48510
31410
35550
16200
59220
94500
96930
9000
22860
91980
35820
19260
63450
57690
14670
81450
87120
34560
34290
61920
42390
4590
79740
28080
41670
43650
81090
8370
2430
63090
51930
49680
450
79020
34470
24210
67770
47160
29610
85320
4140
10980
94770
94050
58590
42210
39870
37800
82620
95220
78390
19080
93060
87210
3510
32580
86490
59940
83610
12150
39600
76320
47430
32220
6390
21150
43200
43380
82350
98370
29700
97110
43380
5490
18810
17460
88650
9900
7560
14940
47250
60840
6840
32490
10710
31680
43740
39690
70560
63630
25920
28440
30780
89550
84420
62460
65430
32220
80100
65340
99180
21870
60660
63720
16290
76320
9180
57780
8820
34560
34110
63630
7470
69300
4680
26370
95310
98190
48780
35550
16380
54720
38520
49410
21150
6750
87390
36990
9450
23130
86940
52200
64080
93870
48780
92610
63630
89910
16830
10530
34560
71190
72990
69210
37800
73890
99090
92610
180
16290
77040
2610
53640
64800
87660
95490
23040
64620
2340
93510
98820
2970
72810
61470
49050
2880
36450
25740
88830
50940
23310
52470
82170
28440
52650
15840
93600
82800
65430
72270
54000
85950
35460
7920
9990
47520
65340
31320
32400
75600
74430
70200
40230
65790
20070
54900
68400
42660
25020
74700
11250
24930
7380
74430
1800
74700
27180
19170
43470
76230
32130
55170
59940
13230
64350
990
9360
21150
68940
99180
37620
73350
60030
76320
5580
21960
77040
13140
10260
25200
68130
32580
79020
86760
7380
41400
31860
450
10260
55350
67860
87120
16020
48420
63630
43380
15210
46890
75510
38160
82260
40410
54900
40680
26640
20970
79110
91620
78570
7920
77130
61560
46620
85050
54270
27450
10530
64350
40050
99630
3150
71640
41670
87840
35370
78930
46620
39240
76320
21510
80100
18540
14850
4590
57870
19890
1620
20340
98280
65070
84510
96750
86760
63450
19080
74340
19980
96660
17280
47880
64620
47160
21510
84240
45810
5850
29610
43560
83430
22860
76230
36180
72090
99270
92790
86940
13500
14130
47340
36900
94230
38790
93690
63450
77490
31230
31500
45000
99990
37800
69120
26460
85680
91170
9810
99540
81720
16380
45270
4500
6030
49320
48420
57870
62280
45360
9720
24390
30960
62370
60300
88920
74610
57150
37980
74880
33480
36360
13680
44730
48150
84150
90900
1260
26910
61560
21870
58770
27270
48600
68850
25560
9000
78300
85140
61290
33300
69480
33660
42120
25470
45450
87660
17550
14670
57420
27540
3600
67410
24120
50760
98280
63720
77760
61470
38430
62370
44820
630
87750
48060
39150
5310
55350
55890
81540
22950
53010
79200
12510
47250
42750
64260
54720
16020
40860
70290
53460
5490
76680
97560
43920
80910
6390
30780
3960
81720
67140
81810
65700
16650
88380
10350
82530
12870
9450
14490
86130
12060
13410
96930
15840
36720
57780
69750
33210
80550
4230
14850
24030
15930
51210
84870
79830
71280
24300
23580
67950
47250
75330
62730
78300
52290
29880
29340
67950
39600
82800
22230
61920
91620
70290
58050
98460
74430
57960
26280
19260
8910
16380
78480
99270
68490
52110
91440
68850
58050
20610
52830
43560
16470
50400
74970
8370
4770
75600
19440
84150
68940
19710
22860
87840
99720
38070
22050
28350
42210
87750
38700
51840
36540
92790
5400
36360
92340
86220
93510
92880
23580
99000
67680
68130
75060
56160
14490
23040
32310
16740
37260
30960
92070
37800
43830
75690
33390
40590
44550
40410
95130
87840
83610
53820
82530
61020
10980
44370
60840
38340
75330
180
25290
6480
76860
3780
20610
65790
60300
30420
49590
16560
22320
71100
41580
43110
71460
27270
59940
32580
53100
62460
36900
4680
32310
36810
85860
66780
99990
2250
68310
20880
74160
33930
75510
270
75150
24750
91980
20790
80010
19170
1710
41670
34290
86760
65970
70740
27630
27540
5940
19350
79110
18810
8820
24660
42480
50940
73440
39870
87750
89640
11790
8100
40590
50130
6300
48960
57600
68220
81810
26730
97830
7830
81630
15390
92160
18090
97110
99000
51660
62640
35370
38340
67140
57510
37530
48600
65880
84510
79470
71190
37800
5850
18720
90180
75330
79380
70380
12870
33030
94140
91170
63990
87300
41400
16290
46440
81450
60570
84600
83340
93600
67770
36270
42480
77760
19440
95760
8910
83160
12870
5040
6750
84060
76140
29340
25200
67140
64620
5760
46350
81270
90810
89460
66690
67230
10530
85320
47520
70290
990
33210
81270
97290
36270
78390
27270
98100
10890
94860
83880
15480
48240
83970
51750
14220
44370
18540
87660
33930
94320
89370
89100
81630
61380
94770
4500
24030
77850
57960
14580
18810
94140
35100
64080
60660
8550
64440
63270
61560
270
87930
77400
75060
10260
80370
10980
25290
98280
22050
29430
12150
42120
38430
98910
14400
44640
58500
65700
78030
38520
20790
14580
65340
67950
47700
7740
91170
62910
59220
46800
45090
56250
76410
8910
99090
67680
11250
46620
60210
25830
26820
26730
39330
57150
64980
92610
57510
21780
61380
73350
80730
3240
59850
56340
64440
94320
73350
57510
14670
16200
23490
42030
18090
73080
14760
75240
22410
46260
90810
87210
81720
16560
30150
43920
98370
61920
11070
91620
8460
73980
30510
54000
43740
93150
27270
52380
58950
14490
27720
48780
80910
35820
63540
67680
36990
98010
71730
69570
35370
66690
17910
69840
4500
19710
51030
58770
18630
50580
62910
85320
80010
17190
29340
40140
14760
78840
71640
19620
17190
5310
83880
19620
15570
58140
26190
13320
94140
28350
46800
75510
62910
55080
2430
21510
90810
45450
25290
24390
68760
12780
19710
47970
43560
12690
22680
83520
56700
63000
83250
79650
24210
20070
93510
88200
10890
90900
92790
22140
53730
62910
4590
43290
0
76230
73980
36540
12420
32580
53010
26730
16290
42210
62190
81810
2250
7920
36540
4230
48690
42390
25920
26640
84780
93690
1620
97650
32130
81720
65250
83340
35190
9630
96300
43020
20430
68490
84780
30240
89370
96300
85050
5940
81180
47520
93510
5040
57960
71640
90360
63540
93600
26820
83160
75330
55170
61920
47790
58950
35730
14670
17190
6120
91170
68760
34830
12150
14490
3330
69120
51660
3330
21690
17460
11430
37620
75150
77130
39240
37800
20610
46530
90270
90
88110
1710
14940
97290
39960
77760
79920
19980
25920
55170
63450
76410
78210
54900
50760
82350
77220
8370
68850
38880
84330
78840
29520
77940
69840
90720
84150
62550
99810
57330
1350
68310
6210
88740
41040
76410
43290
61020
270
47430
37980
73260
14850
42750
68670
7290
80640
87210
68220
2070
51930
31230
99900
92700
34290
81360
71190
54720
10620
76770
46350
56160
16470
84060
36450
11430
33300
41490
17550
59850
37710
74070
16650
24570
62640
70740
56700
72810
95490
69750
3330
58950
84420
47610
78570
24210
1350
51120
42210
19890
36270
34830
78120
31590
23490
54090
74700
44010
87750
74520
5850
57870
33030
46800
84690
74970
25200
51570
69750
78840
38070
79290
5850
77310
13320
80730
71190
87210
95940
87030
77670
32580
82530
94950
30960
97830
48420
50490
80460
29700
20070
23400
44820
2610
32850
91350
70020
16740
94680
94680
6390
56880
32130
99720
54540
93240
67050
69480
68400
76500
6750
24300
14580
360
88560
58230
76140
48420
11430
28080
76230
31680
79110
59940
65880
27810
12150
65340
21330
43650
94950
10260
65970
85680
43380
4950
6390
13500
3690
3600
41040
51030
55710
12780
76770
20790
5940
14490
51390
31230
14670
79920
52920
33750
3240
1800
5940
19620
8550
45720
4590
44460
75510
38250
72720
36630
9630
58320
14400
92970
19980
99810
64980
47970
26820
22320
81990
94230
11700
50400
29610
78660
53100
99990
95940
49950
20610
3330
18090
7380
83430
64170
25200
78840
41400
76590
77580
86310
84690
14040
180
55350
16560
45180
81360
28980
36900
95760
91620
86670
30240
29700
29880
25830
88290
41130
39060
40230
14310
22680
59760
80640
54810
84690
62550
84420
77670
18990
78930
14490
2700
58050
48510
36990
52470
58050
6480
6120
53640
1530
45270
94140
9360
35730
87480
8910
47970
69930
89010
73440
81180
38340
59850
55980
12960
99540
89280
12960
18360
47880
60210
56970
9900
15030
9720
61380
47970
13410
42030
28260
39780
59220
49410
4680
90000
70740
28980
38790
16650
19350
90090
13500
20790
23850
83700
80640
11790
78930
16290
98190
10170
51210
96840
57960
57060
84780
58230
33120
95760
85500
48600
36180
39150
74070
31410
37260
98820
6300
46080
66690
34110
39690
72090
36810
52200
56880
19440
72990
72270
11070
85320
43650
68490
3240
83340
92700
91530
17370
20970
48420
14310
96570
47070
20610
57510
98820
43290
57330
13860
52290
56430
69750
34020
19710
30960
89280
74790
24210
43740
10530
5220
85230
80640
7650
61110
24930
6660
78480
42480
11970
94050
17550
29070
49590
67950
33750
2070
18090
40140
92070
79110
25290
3060
56610
23490
60210
72270
81000
38520
83070
39690
59220
36900
80370
63630
63990
56520
23220
14400
41310
70830
1350
11610
96930
77850
49230
44910
31770
5040
40950
82620
62010
39510
61470
49410
82710
97470
33660
50850
31500
19800
64710
90900
30600
78570
85230
3240
35640
58230
70290
49230
94770
97020
41220
90720
56250
65790
91800
16830
62370
32940
11250
69480
13320
71280
58500
37350
13680
30240
33210
6210
47070
72000
90990
91350
97560
95220
19260
26550
10980
94680
99720
35550
8100
93780
5490
25920
61920
22140
15390
88110
95670
43020
20250
78480
54630
19800
68130
19710
2700
93960
12510
60660
26460
96660
39060
28890
40500
55260
14130
50940
44190
82890
11250
87660
2520
900
87210
55170
30330
36720
68130
34020
67230
92070
16830
5940
67860
99450
27540
30780
82710
20430
54540
1620
44190
94320
70560
49590
55080
22860
79470
47610
92250
73620
23400
99270
97110
60480
49140
81000
54810
32400
18720
34740
35640
64980
64800
74880
17460
16290
42120
62910
53010
56700
3600
90090
75330
77400
82440
15930
18630
63000
3960
96390
70200
53730
21510
66150
39420
58410
22860
10260
12150
92250
39330
10980
39600
46800
79020
22050
27810
15030
39150
75240
44010
96930
13500
26280
57780
44820
42300
15660
16470
23580
90270
92340
54900
73350
36990
57870
66600
9450
93150
55800
19710
76950
5040
80640
71820
50670
2880
8820
75330
71370
10620
78480
27360
45090
99360
7920
47610
96570
4410
11250
3420
7740
37440
62910
79740
53550
16650
14220
36990
96660
32580
21960
50220
2790
43830
78300
65160
89010
39870
68670
51120
17820
36180
55260
88020
33570
71280
83880
88110
55080
10170
7200
35010
35640
98370
77850
22950
45630
5400
53730
32850
41040
71910
63990
630
50670
54270
31500
17370
16830
94050
37710
9810
13950
2520
55980
92430
21870
86850
91980
30420
34290
18990
39330
83610
76500
18450
85410
93870
36090
19440
67950
95220
94230
13050
77850
54090
82710
36450
13230
39150
82620
37530
23490
70110
85590
30330
37890
69120
72090
92610
50760
54270
22770
57780
32490
23400
35730
84510
2790
26100
82710
81630
58140
24750
74520
17640
33390
71820
55980
46440
10710
41850
29700
59850
44820
61200
3150
26010
89550
94770
62550
15480
79650
93600
8370
65790
73080
43560
12690
40500
58950
23130
29520
9540
99000
96570
56430
88830
5580
86670
27900
34650
95760
93690
84150
95490
42210
99360
34380
48600
26820
29160
1350
63900
94680
35820
41310
47520
50580
12690
20790
11880
29250
34110
86490
61290
25830
76950
63540
75060
27000
82080
10800
20520
77670
78930
26370
72900
4230
80100
89460
35820
52380
96120
89190
97290
74430
66420
15390
21600
7380
81900
58410
62190
49050
12510
62010
51030
27540
92790
50490
25650
36270
93330
50130
65700
61380
96660
80370
32940
49590
72270
74340
67950
1080
7830
92520
56970
30870
73530
17820
64620
66150
62370
38340
48240
900
50310
37890
58680
44280
7920
990
69840
57870
29790
16290
52200
71370
70020
66780
26460
65250
55620
20880
2340
91890
38070
62640
34650
73620
45810
4230
37350
90450
38610
41220
16380
8640
47790
90000
94410
82170
19260
6390
95040
22860
29430
91260
85320
57510
26460
90180
66330
91260
10080
21420
15660
2430
48060
73260
54450
10530
19890
89550
82440
10350
71820
86760
37620
91710
27720
43110
82260
21960
62460
49140
36180
20520
41040
15930
96030
70830
29160
67680
55260
40590
64890
2160
77940
21690
94590
53190
7020
7650
26460
36540
22140
82170
15660
72540
22590
76950
31950
52020
37710
7290
99630
450
9180
65970
66780
95040
16560
80730
95580
10530
80010
42300
34020
450
29070
38610
78030
62550
28350
60390
67860
63090
36270
15840
42570
69390
32760
39780
22950
88200
57240
26370
63900
98640
72810
60300
32760
450
88020
45810
16470
98910
27090
11340
38250
54900
90180
91800
54360
88200
15210
66780
64530
61200
72720
27360
15750
28170
88110
44460
63540
3510
83970
26370
48780
630
96480
53280
61830
71100
46800
54450
13950
2880
77760
6570
67500
39870
18900
78390
85050
12690
58140
450
95490
14130
50400
79560
87930
28710
70200
63360
95490
33480
40590
64350
85860
93240
23760
73620
98010
45990
87480
53280
59580
9090
17370
21330
74250
61560
7560
91530
87210
62820
92070
5940
17010
74520
74160
20970
76590
82710
5130
90000
68400
20790
27630
30960
68580
11700
67590
38790
15570
15210
34380
23130
34920
32580
23130
73260
99630
30330
4320
93330
20700
62550
33750
36810
80100
71100
46350
64620
66150
270
84060
70110
85500
270
47160
60750
15660
29070
62370
19620
92610
18540
58050
46980
7110
84690
39330
23040
37350
62370
72540
53640
32220
70470
62460
16380
30420
34920
6930
56340
55710
32850
68220
87570
84510
9090
39960
44730
42030
99540
7650
91710
81990
8460
20340
13860
6300
54810
55170
2520
54720
36360
87930
86040
6030
58950
63180
86760
55170
83610
82260
16020
95850
11970
96930
51120
1170
70290
900
35010
99990
6660
91620
15570
29520
37530
23580
93510
12510
89730
63630
35100
73530
96210
79470
3510
15570
97380
22500
55080
48690
32310
630
53010
85320
76320
68670
22050
63270
11070
45000
88200
90720
17100
74340
10260
14220
13050
21240
2430
90180
92160
17640
46440
67230
69120
99270
67590
40500
76590
76500
39060
95310
94500
14130
54360
27180
52380
99450
50670
93780
54450
34200
8010
42300
63450
11160
74610
73170
61200
93420
71370
73440
3960
25020
55170
30510
1440
35640
90630
49500
74340
58590
1260
62280
85860
6660
72000
88470
59310
28260
540
1530
1170
75600
33390
28890
50220
61290
16740
18270
29790
20520
17640
37980
66510
19710
88650
43920
99630
77850
62190
93780
62730
49950
54000
63000
90000
46170
1080
16740
87930
46260
35820
74430
95130
90
17550
77040
15480
81810
2250
60840
75780
10350
22500
14490
81360
48060
7920
42660
49770
23580
95040
2790
59490
28080
37980
74430
9090
74430
6480
88920
36540
20250
59220
46260
60390
7470
59130
43110
71910
18090
92610
71910
98460
38160
57240
32670
11430
95850
13140
14670
14940
45000
72180
23310
3780
54270
45000
39780
15120
95940
83160
36450
7560
57780
46620
71460
44100
41130
35730
78120
88110
38250
81090
6840
91710
54450
35640
42930
90720
41580
4860
98910
68940
92160
16200
55710
7920
85230
74430
32220
25020
56430
69300
48600
98010
78570
99720
62280
86850
55890
36810
18810
81270
36360
20520
11520
49680
95760
20340
36180
39510
20610
96570
11250
35280
61290
73530
22500
28800
56430
89550
99090
66600
76410
57600
94140
77670
9090
6840
88740
2790
13770
30870
41400
11160
55440
36720
36090
23040
81360
72990
95760
57060
72540
8460
31680
22230
46260
61830
23220
58230
34650
19080
20880
4500
90000
52200
33300
38880
32220
15930
81180
86580
6840
54630
40590
66330
56160
80280
34290
68040
72180
91530
18720
34470
40230
53550
7650
79020
45900
72630
93420
51480
33660
10800
95670
72540
47160
91620
17820
94860
54450
46890
62370
93150
50940
81540
48510
38520
45720
59040
89100
71820
53460
48240
49050
95490
99180
66330
17730
46260
22050
94410
71280
63810
51210
49230
60210
45540
64530
4860
43380
8370
47880
65790
99990
18540
54180
78210
3690
82530
8730
61920
60840
82440
87750
66330
12600
53460
16200
78930
94680
27630
49950
80820
40770
71820
51840
80280
88200
28710
43020
42030
21240
67680
94320
64170
24120
25560
29700
96840
41760
85410
72990
46440
27000
76320
49770
11700
52020
37980
62370
39240
13050
27900
32220
35190
22500
44820
56610
2880
95130
66330
78390
61470
94320
91530
51390
78300
54000
41940
43380
96210
38250
47790
53280
8010
57150
10980
26910
38970
58320
48420
80190
6390
59850
59490
46260
18720
62910
99900
49050
61020
41940
4050
360
50850
24750
5130
98910
75600
79650
63090
8280
90900
85860
57960
58860
99270
11880
39600
68760
2790
82260
1800
95220
61020
23760
24390
12510
40680
88380
9990
74880
57240
25200
17640
87030
58140
35100
26730
37530
9720
19800
77040
81360
52110
99270
15300
92250
180
46350
60030
78030
450
11520
87030
97470
27090
96930
10080
43290
57780
6120
9270
13230
23490
8010
60930
1800
65520
47790
29250
17820
33120
62460
45810
63810
51930
42480
84780
56340
38610
69030
73350
65070
3870
99630
360
76680
67230
96030
33840
52380
7830
36090
72720
14220
46800
22680
92340
63720
87570
91800
44640
77580
93600
20700
25650
78300
30150
32850
93420
82350
37170
40320
63360
84690
95400
80640
26910
31140
47340
87570
80190
82890
17460
81900
75240
32310
38070
83700
56700
92790
70200
98730
540
94950
73530
28800
30600
26460
53100
91890
39690
33840
62190
56880
90180
33480
58680
57780
43470
63720
68490
98010
5850
19890
97110
24030
91080
5940
43470
82530
20700
76140
42030
21870
13230
63450
80190
91800
52470
15930
630
48240
52110
39600
7200
27990
95760
68400
33480
11880
94140
89820
63450
95310
58320
72450
52020
75960
43200
54810
97380
88650
97110
31320
7380
21510
74700
83880
84600
25020
36540
65880
94050
2160
44640
21510
73440
92430
26460
35820
3150
80460
41670
52380
82260
97650
29160
85500
93150
18360
55800
78030
41760
24480
21060
70110
15840
42840
75690
93870
3420
69210
18090
74610
7290
15120
65970
8730
62550
91170
36630
57150
73350
1260
1800
25020
51930
90630
87390
67770
62190
96300
62730
57870
50580
47700
26190
51570
37530
14580
52830
69480
65430
51300
55530
56700
6390
98010
74700
78300
91710
81360
13140
56790
43110
91080
75600
33120
63000
71820
8730
13860
49590
90810
58140
84060
68130
32490
45630
22680
48690
78840
20070
92790
26910
32850
41400
14400
85050
59760
12510
23400
13230
20520
27810
20970
36900
70830
32760
86940
18000
30060
44370
16920
73170
18090
27270
70380
29520
34920
76680
85140
57600
48960
84150
70830
52020
46350
360
24030
15930
78660
13050
10800
75330
84690
48690
54180
19170
74700
40140
2610
26100
68760
74070
99720
19980
87840
9270
90000
22230
16110
39060
26820
2160
49140
65070
27990
11790
96570
48690
53100
94320
77220
37710
21780
8280
85410
84510
68130
19530
52020
44370
51390
93600
61920
25650
19890
80550
69480
61110
18270
50580
52470
38790
79560
28350
28620
40140
44370
55350
9900
34920
54450
77490
96840
26190
66780
77850
28710
34920
49860
38790
36540
28980
35010
90180
60210
58680
74340
89280
36720
1170
16650
37350
59130
77670
58770
86310
69750
59490
34020
88830
53100
33930
19620
58230
93960
30600
18630
63540
36990
84420
35550
81090
57240
3240
90540
18540
27270
73350
99720
38610
2160
45540
64170
8370
59760
69930
79470
2610
53010
87840
52470
87750
62190
22950
49860
37080
9630
12510
74790
64440
32490
74790
70380
74160
61560
38160
79020
55980
29700
75780
66060
81900
7110
68040
35370
34290
74970
82440
89190
84420
43290
53640
35820
12330
65340
39420
4140
24210
13770
89550
69930
59670
36090
72540
16920
73440
45900
2520
59400
43110
15210
43560
18810
70200
77310
43920
86400
36090
22320
61920
87840
45540
45450
57600
95580
42660
74790
49140
74610
60030
59670
44010
15660
74610
61110
85230
90000
45450
54540
72360
45990
98550
79200
99720
51840
15480
22590
7020
57690
92700
10260
15120
60480
66420
24570
70650
56070
7470
86850
61110
85950
44010
17910
16740
24840
7830
75240
5040
59850
26640
3420
14670
44100
87570
28890
9720
10530
3960
46260
83160
48870
29610
38430
96840
27720
85050
43830
19440
82710
73620
17100
12780
42210
94950
15480
35820
40860
61740
64620
52200
38700
9990
63450
70110
97110
47700
77400
8190
81900
50490
95490
55800
40500
33390
25290
73890
79560
88200
75870
76590
70380
80820
81270
80820
24120
93420
5580
43290
91800
7560
11070
53280
76410
97110
96660
1440
91170
13770
70470
85050
92700
51930
14580
75330
15750
2160
90450
37890
45090
75330
46620
42120
19080
72900
15480
26100
93420
12600
71460
26010
37890
40680
68850
14760
65880
34920
48060
81900
42930
46710
1440
45450
23400
99630
47160
44370
85230
20610
2250
50760
4590
65520
28440
48240
19440
44280
97020
44910
8640
24030
77670
94500
95130
78660
92430
64620
90630
75510
13770
76320
5040
61380
4140
17640
13050
47250
53460
8010
45180
40500
48780
4680
74790
14400
12690
75420
29340
50220
69660
47610
95580
23850
98820
18900
93600
11970
99900
54540
4140
32130
84510
80550
27360
77130
42480
12510
24210
30960
18090
92970
27450
74970
20250
35280
23490
48330
78120
23940
70290
88830
97650
72270
92340
54000
70110
71010
97560
40590
33120
98640
39330
91620
62190
14850
13860
48780
86850
31860
33210
66510
88470
27810
29520
8910
95220
22680
35820
28710
53910
91980
61290
38160
80190
43560
69570
92700
19080
1710
55080
84870
64890
38790
62370
21510
82170
990
25290
360
12150
12420
60840
27990
37170
50580
83970
3330
96300
77670
75240
31050
97830
39150
97200
62370
40770
94680
66600
58050
54090
23760
88650
61830
78930
86400
45630
4590
50130
79290
9360
47970
30870
91530
34470
72000
17100
14130
74790
16560
43380
86400
20700
31320
30060
6750
54630
79830
50850
17550
87390
10080
48240
4590
54090
10620
82800
72000
7740
25830
99450
20790
97200
93960
21600
24930
97920
95130
81090
47340
1080
49770
1260
92880
20430
8460
14580
85230
67860
95310
26370
71100
81090
85320
84240
81450
28170
60480
41040
28620
1710
87480
66780
63450
68580
11790
34740
47070
22410
63630
85410
32130
84060
5490
93600
38250
30870
24930
89550
2790
97560
28620
29700
67860
24300
1800
32850
5670
72540
79470
42390
8640
8640
53820
11790
21420
93510
10980
89550
40770
28890
53370
48510
10530
31140
51390
60300
76140
80100
94230
82440
73800
71460
20160
7830
23580
24750
53550
27540
33390
4590
44100
35010
40320
92610
23040
5580
48780
93960
8820
17370
30870
37170
34740
29880
41760
3330
61470
63900
43560
33660
32040
8730
80910
66690
26280
88740
18360
97200
83700
20880
26640
21690
13410
57330
38880
35910
35820
55260
58500
74520
8100
53910
82620
92070
93330
32580
97920
36270
720
78930
450
25920
55080
87750
96030
42120
54990
22680
35730
20970
95220
73170
19890
69120
6660
40230
83610
92520
25470
95400
33750
95220
4770
32490
82080
24300
13680
33390
23040
82530
76590
78930
84420
89370
51930
87210
77940
23040
67230
49410
34560
8010
66690
93600
57150
32580
4050
61290
2160
82530
31410
33660
73710
40140
6120
50580
94770
55980
54000
48150
90630
55260
88290
45090
5040
99720
18270
89910
52740
52650
80010
77940
27000
44010
20340
4320
30960
54900
66600
52740
74070
17820
58410
28890
14940
73350
72090
16560
30420
43200
45630
33930
52290
11160
52920
8010
50130
47790
13590
43650
46800
25380
5760
78300
72900
97380
10440
77130
87570
91800
32850
67050
95130
22410
9180
40230
19800
17640
72000
54990
45180
17280
27360
62280
28800
53010
69390
86580
95130
79650
57960
42480
70020
16830
63810
2790
63540
71190
7020
87750
43380
49410
25200
26550
73800
18900
92340
10080
35190
89280
990
45540
73260
37800
20520
87030
92970
96480
18000
69480
77850
3330
5400
77670
95850
96030
71280
56880
22500
56790
97020
10170
12780
48510
82620
76050
47700
50040
42120
55710
16110
90630
66870
31680
69750
21600
31230
99810
50670
56970
0
93780
99720
43200
78390
23670
55170
95130
31500
56610
91530
57150
2610
31860
30510
12510
19800
28350
47520
67860
10170
68220
34200
27180
69390
51930
68490
10710
70560
39600
93510
32490
35730
25110
85500
72630
1350
28620
57150
22860
27810
40590
88470
43470
11880
28620
29790
55530
66240
16290
63090
93240
82710
92610
10980
12330
80100
36540
20070
36630
14400
80460
75420
56970
32580
73170
43380
31050
65070
99990
37800
99270
18270
53460
58770
45720
16740
41220
2520
79380
27630
13140
57600
48870
49680
99540
88560
43020
76500
80460
81630
51750
65340
19800
70200
30960
30690
56700
36270
20160
27990
60930
34110
97830
30510
84240
27180
26730
90270
73530
28710
95130
61290
86310
17010
61020
57780
7020
65520
12690
23940
74880
36630
63000
63540
45900
92070
55890
56700
37350
93960
66870
14400
21330
88560
62100
66240
83610
4860
30060
16290
97470
18900
3870
25830
57330
68310
83250
3510
68310
51120
75240
90810
62460
83520
71010
45990
62280
15300
20520
63540
52290
2160
97020
0
11790
34200
8460
11790
48690
85320
99000
4950
37260
68850
27000
65970
19170
4230
23850
92610
79650
67860
89010
28170
30420
540
36360
88740
11970
19890
48240
22230
41490
90090
5850
91890
94320
26820
24840
3510
13230
35550
82260
20700
35460
13500
2610
51840
36720
82620
49950
28620
22230
54090
92790
27900
48690
65790
37890
69570
17010
6030
92070
61020
13050
84600
61650
5490
97470
77490
23490
87840
64170
14040
2970
19980
27630
24570
34560
73080
23580
79110
24930
87030
64440
93330
96390
8730
57060
10260
43650
55980
28890
71910
6390
54180
13410
63810
94680
72090
15120
5310
63090
10890
35460
67590
7830
18360
85500
39060
33570
89730
88740
79830
21780
60390
6390
90630
23130
62550
2700
39330
63720
70110
48960
84780
26640
87750
34110
29160
42390
10170
21870
28260
57240
70290
43200
4590
51840
36630
17640
22050
59580
64260
6030
69480
23760
21690
20970
85500
17190
35640
66330
77580
46890
70470
65790
75420
50220
34830
14670
43560
40860
72900
630
62190
9450
85770
99360
73170
31770
94320
48420
13590
11250
67050
72180
40500
59130
71010
77760
22950
43110
3960
15480
65520
89010
86940
12060
90810
11880
30600
90090
12330
41670
81090
65160
73890
73800
32130
17370
38070
74790
51750
12510
2880
2430
28530
74340
57510
82980
46440
58950
95310
43920
15570
13500
61650
60210
82440
61560
49050
39240
39510
39420
26820
93870
2700
36360
47700
68130
20880
51030
22680
59670
56880
74790
630
59580
67230
58860
65520
76500
77580
87660
72900
97110
20430
17730
18180
31050
6480
30060
69030
80460
32310
53550
20790
79200
72360
23220
53640
73800
60660
74520
25560
4500
64620
78660
98640
98370
5310
65790
63000
55170
11790
66240
13860
57060
42840
17460
51930
2430
25380
25920
21420
98190
90270
75780
46710
93600
20430
46800
13680
80100
64620
69750
67500
22950
51480
83430
23850
79470
47610
11340
54450
71010
35640
9450
66330
8280
1800
32850
79830
58860
33750
96390
36090
96660
22950
80730
67140
38430
29610
27990
30870
82440
88290
63810
92160
64530
14940
81810
29610
20250
96030
56700
68220
82170
2880
67230
80910
30870
63540
27720
12240
94140
31950
56790
49050
39330
80550
65160
64350
12510
83970
46170
70380
48240
50220
37800
27810
42210
53100
33480
10170
86760
30330
68670
42030
87570
16470
81990
4770
7920
34290
90900
68760
15570
96480
81180
40680
67500
9180
32220
89910
62370
14580
72540
73710
27180
55530
72270
29700
39600
29520
31500
71100
63090
76860
71820
18270
53190
66780
77040
53550
95040
29430
47520
44910
22320
25380
78210
6210
27630
16290
3690
9630
61020
12780
21510
61920
79380
98460
99180
34110
55980
49590
50580
84690
42390
34740
87480
43650
52920
60390
18900
24210
19980
4950
76680
32580
95580
24840
43020
14310
21600
6300
35280
11160
90000
46710
3150
70380
50220
75060
86850
20880
3780
79110
82530
8640
64530
93780
1620
85500
27360
47700
26550
46260
1530
55260
49950
44010
65790
72000
83970
64170
97740
90180
97290
63180
33750
74610
34920
80820
73530
21870
58230
1800
61380
99270
39330
40680
41490
99090
95220
1080
22230
15660
13230
76230
46980
6660
76860
47520
94500
26370
25740
27810
58320
90720
60840
77580
54000
4320
9900
25110
22770
87570
17550
67680
61470
73710
97470
27180
83880
27810
58230
79650
18630
54810
16020
4050
41940
4680
16920
67140
63360
30240
85230
45270
9450
64170
46620
51210
60210
86490
38610
73260
43200
56070
96120
49590
46530
79470
50130
62730
97920
94860
7200
49050
33210
77760
16200
61650
43200
66960
76500
86310
40770
24570
46350
13230
89910
8640
33570
7200
94410
30150
58680
69390
19260
1530
6390
29970
41040
80910
18540
77040
16560
40680
12060
71730
45630
74700
42210
11970
38790
92790
29430
59040
81540
21510
40050
17010
81900
77760
56430
22860
83430
90180
70920
33750
65070
74430
79020
6660
97290
62820
83430
88560
63000
17190
45180
37080
30600
25290
92250
62100
96660
64980
27900
45180
4860
92340
28260
89730
82260
87300
37170
70290
59310
33390
43020
58860
43740
37530
47070
38610
450
76050
42120
60660
91080
33840
45810
4860
44100
57960
7740
96120
43740
16830
69300
10170
67950
86490
68850
37800
42570
71550
71190
64890
27900
36360
57600
34920
22320
68760
26010
75870
86760
8460
25470
69840
77400
17010
3870
31500
32040
66060
57780
60300
1710
82710
27720
53370
99090
44640
24210
90810
91440
96300
29610
17370
38970
68670
12420
24750
6930
34560
47790
58320
46620
63720
67500
90630
38340
57510
28080
360
2430
96660
6030
42840
52560
18000
80550
91800
26910
34380
10980
95220
13230
10620
3510
92340
8100
60660
74790
63810
13770
73260
72810
10710
67500
45000
77670
54270
60660
30690
3060
24480
92160
7200
63540
53550
86310
2160
59310
57960
34110
41310
79290
39060
26730
900
98820
45720
78840
450
37530
16020
74610
73710
12960
30510
81270
2250
85140
450
30600
25740
77760
94320
85590
49680
89730
48330
540
96750
97110
19260
19530
48870
63900
97290
85050
34560
78660
99900
65070
29160
27720
47430
31140
87750
41040
47970
42570
7740
57600
23400
59670
86490
36360
58410
33570
59490
43560
49140
24750
85860
28980
96930
75960
90000
50130
88560
94230
42660
27900
3060
53550
88650
58950
21780
29970
53370
94410
72180
40410
72270
27450
68670
22410
47880
26910
56160
23130
70830
86490
39240
45270
35190
87840
97290
34740
2340
87840
76950
14850
20790
59760
45090
26190
50850
31320
71370
19080
28440
47430
13320
62010
96930
35640
24570
4410
83610
180
58590
46170
25830
7470
67050
81360
50850
93780
83520
8460
25920
99450
64080
54270
82800
21960
73620
10530
67680
63990
28350
27630
95310
38160
90090
62010
53190
53550
28710
53550
2250
99000
25470
71820
68850
1800
40410
87120
60480
89190
540
83700
28890
83790
450
81630
34470
14130
16020
34560
86580
99360
72540
64440
47880
33120
69570
18630
71910
95400
87660
32220
9270
42660
54000
3600
60300
24390
58770
32580
46440
89730
71010
15210
6300
54900
48420
40590
8460
32760
84690
44640
29610
33930
80820
77580
42570
29790
95130
9450
35730
32130
48240
26190
8100
30420
71820
49860
37980
50040
96930
18810
31320
1080
24750
84330
91170
95040
39780
71280
6570
2880
25740
54630
42480
76860
96390
14580
82980
34290
98640
32220
24750
88020
18810
48330
72990
3240
59400
78930
67950
99450
90
12150
9900
2520
94500
75330
64710
79650
87570
86940
17280
9900
22230
63630
53550
68130
87840
5580
73260
7020
92070
87210
48960
19980
85860
54720
9450
39780
95490
48870
11610
6030
52380
19530
10080
51930
16020
37350
9540
90990
19170
95850
67770
2700
2520
22500
91710
58320
38250
47340
35010
41670
70020
76140
19260
12870
64440
93870
62820
63990
31680
1980
72270
32940
4590
62460
41760
21330
65340
86490
95040
9270
18630
23940
90810
82350
12510
29790
62820
54900
3600
54360
70740
74160
61920
44100
97920
74340
52110
26550
55260
24660
62280
71010
37260
46260
1620
13680
43560
83250
14850
81540
72990
61110
34560
56160
91530
4860
49770
92160
23220
74610
15660
83430
36630
20610
93330
99450
59670
98280
83340
69570
21510
98640
83430
96660
26280
70650
60840
19440
23400
71640
57780
88560
76230
31860
51750
26100
1530
99180
37440
61290
83610
8550
23400
97380
77490
26190
74070
60120
43650
11880
66240
80640
36360
86220
37170
8460
46710
17010
93420
35820
97920
54000
22680
21150
9540
22410
36990
77040
58680
89640
14490
1890
83250
82350
57330
58950
89820
98280
61110
5310
39420
38070
49230
19710
36270
60660
88380
10980
36900
81360
37080
2430
540
73710
3690
6210
15750
87120
4410
32940
37260
28170
75510
4410
78030
40590
79560
36090
19890
76500
9810
19260
94770
71190
44730
74610
86850
98730
22320
70380
60660
20340
2520
6480
91530
52650
71010
69480
83700
58770
74070
58050
25290
7110
33840
94860
27360
85680
83160
83160
86130
34830
47430
97200
32670
19620
8100
24210
3420
32130
26010
10080
16740
72540
60480
99540
63360
13320
39240
20070
87660
44010
37260
67500
31050
26010
10620
16470
450
97740
83610
44640
86310
28620
30600
43200
3420
27450
5310
18090
91800
78840
18270
83790
10440
83340
96480
31680
90450
56610
44460
26910
9450
96570
7920
61200
86760
4050
97020
24660
80280
59670
55080
48870
19530
51480
95490
74610
27630
91530
44730
12510
74700
53010
25290
86040
36810
84420
65160
70830
92700
80730
69210
26910
56070
25650
37530
31590
7380
45720
83700
32130
56430
38340
39870
60300
13770
98820
5040
5670
14670
86310
64710
37710
8640
6210
86040
11610
61020
3870
78930
89910
60930
990
35640
92700
76770
28980
96480
77310
65430
30420
74430
88020
79650
24930
46980
29970
48960
23940
2160
44370
16020
21690
9810
46980
49500
52830
51840
11250
62910
19350
61920
14310
75510
78480
13770
82980
47160
48690
67590
80730
62640
31680
89100
48780
39510
99180
48510
95760
31680
87930
76050
76500
53550
46530
60840
97020
17280
7110
91980
76680
33570
68400
62550
6120
49860
43470
16380
29700
78480
59310
30420
65970
62910
70650
50760
71280
20790
3780
92160
62010
79560
76500
44730
57600
90540
61020
68580
58230
90810
36990
13590
7740
25380
79740
1440
46350
44730
58950
20340
48960
96390
1170
58050
46080
53010
57960
73620
65700
35550
65790
30600
64710
88470
96930
63270
10350
91170
19440
97830
86130
1710
98550
4050
34560
450
70920
52200
76680
80010
80730
65700
46530
26370
46980
77850
31680
75330
31320
16110
92430
35550
83160
45090
55800
82980
83970
70920
89100
92430
88200
27810
59580
26910
35280
62460
48600
26910
79920
24390
8820
19080
1980
33300
56880
84690
38700
87210
67410
72090
17100
32850
14040
46350
6660
9540
4950
5220
13500
57150
31860
88920
75780
27450
26460
52560
38520
24030
22500
53010
64170
94320
58320
10620
1710
50400
70740
76320
25560
64710
23130
81180
76860
53730
63720
54090
52110
54270
37980
13680
70380
21510
30330
59490
10890
57780
38160
99450
81630
64260
70380
43110
16290
26280
76410
34380
92610
74160
21150
40770
20610
94230
31680
13860
60120
45540
90360
18000
24570
53010
6030
11340
62910
65070
84510
22410
49230
16380
85590
13770
26730
78030
19170
89190
50580
30960
66510
75420
18180
35460
26100
900
18900
23220
85500
15120
39690
60570
79020
58320
27540
59310
32760
44460
19260
46260
1530
68580
94950
28710
51210
83970
73530
75870
52110
57420
31140
87210
99270
19530
88830
30510
82350
28350
77220
59580
38610
97650
32760
85500
85140
95490
73080
62460
47070
76680
90000
82890
59220
46710
61920
39240
76680
39960
61200
52740
88380
68940
98100
89370
2970
93600
64620
90630
50130
27630
10080
83880
18540
24750
15210
77130
68130
51210
14670
76140
17640
96480
10440
87840
50220
52920
5130
58140
48420
37440
44280
49230
79200
78660
53910
54900
89910
66870
64980
89010
62460
62730
12150
18900
51480
31320
12870
86310
77850
25290
49500
46800
58770
44910
60480
29430
16740
17370
9090
63000
92790
99990
55080
95940
31410
6300
7110
9900
28350
35190
67320
6120
4050
2340
25380
51570
77850
2790
58410
79020
80010
30690
63630
4320
6030
14580
96930
10530
40320
59310
68580
26550
77580
45000
28890
78030
90630
92520
32220
47430
98820
76500
54090
51570
61290
83520
95580
27810
97110
16920
4410
26100
27090
36360
58410
50940
98550
96750
79830
78300
70110
93150
18450
18810
71010
86400
71190
63540
63180
89280
73440
78120
35820
0
11430
60390
15390
65700
12240
27900
96390
93600
24480
42750
23760
55710
92340
90090
1710
10890
20970
96030
50220
49590
51660
99090
86580
16200
93240
41670
90720
94770
39240
40680
55440
61290
79560
29430
90450
46800
70920
13320
31320
45810
1170
61200
87570
38520
95220
90900
7020
51210
86940
64620
32040
96210
31050
89190
12780
26640
26190
23400
77220
2610
59310
94230
22050
6300
80730
10980
99090
66420
29970
42840
48240
95580
59850
58680
78930
36900
73710
85950
50310
98730
8460
57420
71550
34380
95040
13140
22050
32670
73710
74880
80820
26910
41760
46980
44820
46620
5940
34020
86220
4230
25830
37260
92520
22500
76680
80640
89460
43920
54540
4680
37530
91080
38970
28170
87300
64260
67680
6120
82800
90630
17190
10800
900
71550
21420
33210
61650
90630
43200
24840
63270
71730
55440
74520
29520
73620
90180
80460
99900
67860
3420
36720
75060
10890
77310
64710
44010
99450
53640
23580
57600
48150
60390
70470
69930
61290
41760
88560
88740
69480
1710
5940
82980
12780
3420
34200
90450
19800
67860
79830
57690
93600
54270
67950
9270
19440
45090
76770
94860
29970
35730
19800
84420
24210
58230
78570
86220
91800
80100
36900
54810
57600
72990
19710
36720
15120
78840
26280
41670
7470
75240
32040
77220
99540
82890
87300
86850
21240
55170
67500
74520
65070
91620
84330
31590
54630
46170
40680
39240
72450
66960
40770
85410
22860
35280
25200
89730
34560
7920
76050
35820
70470
56160
13050
21960
58590
48870
57780
52740
66330
81900
71190
88740
8010
60120
61740
69840
61830
32400
14220
59220
39150
23040
72720
96390
26280
49590
97110
91080
76410
42030
71370
94770
37260
49770
81270
51210
94230
77040
92070
70740
99900
69300
51750
46620
73980
11430
49500
96480
99990
41220
72540
9360
52560
59310
48690
35820
9000
33300
15030
6480
30420
63450
17280
28350
5220
22770
36180
99900
67230
64620
83520
34380
89910
60480
89820
71640
3780
79020
37620
41760
4320
46080
97470
81990
65610
39420
70830
88650
39150
36180
77040
53190
73530
33930
69930
95040
46440
82080
66510
18810
68940
56700
16110
98280
20610
41400
56520
56520
62190
55980
33210
52740
38160
44010
52380
59040
810
35460
75600
98460
56250
21150
42660
10170
24660
3870
78570
57330
23580
6930
77130
45810
64350
54990
75870
33120
54450
55440
37080
1980
51570
54180
80910
46530
27360
83880
54540
52650
0
5040
19620
42300
10980
92340
78570
27720
95130
26730
87750
99540
54450
12510
29880
43380
89730
53370
47880
52650
15930
95760
55080
4140
85230
76590
71910
39420
11970
32130
72270
56880
17550
54000
83430
3150
79470
69210
16020
37980
6930
71100
40230
58950
26820
42930
99090
65340
16020
72990
64350
34110
9450
51750
53190
93420
66330
32220
90990
720
24120
85680
91170
24120
49860
10890
98370
54540
52470
39600
34740
51570
74430
20430
78120
21960
80910
48780
99810
74340
76770
38520
83880
50040
73980
73710
86130
41580
24930
18270
18720
98640
58050
67410
87120
95400
77940
23400
51570
11880
37260
68310
67680
29070
62550
99360
99360
73620
86670
44100
55980
13230
59310
62910
96480
76500
2160
21060
53010
76590
5940
82440
3060
89820
90450
14850
2160
9270
93240
29880
42840
77760
76590
2340
75420
28710
41490
32220
50760
2070
80640
86130
61560
95850
73800
92880
56250
95400
32940
64890
17730
90900
4680
19170
98730
96480
85230
24390
65700
24480
42120
24210
20340
63810
36180
97290
80280
23580
41670
52920
65160
69660
41310
91800
64080
36090
41490
11520
62370
13230
25920
45810
87300
37260
75690
23310
64260
71010
73710
94860
18720
70200
96480
3690
9720
97380
63630
33750
11700
71460
8190
94320
73800
26010
72000
79200
41760
85050
28530
49140
86760
79290
70200
7290
85860
92970
3060
78840
92790
53910
82530
89010
55800
33750
54630
83430
31950
93600
24480
54720
72270
36450
36090
23040
93870
37800
28980
75600
83340
91620
84960
30960
87750
75780
70290
28800
63720
91080
37800
8730
81540
36990
90270
8730
77760
9990
3960
3870
23670
38880
38970
38250
50940
7380
75330
14850
82170
24750
6480
70920
85050
16560
75240
49860
40680
79650
22050
88740
44820
64980
30420
35730
91800
71190
35280
10980
18270
12240
98100
76770
60120
14580
1800
8820
45810
46800
2340
45810
29520
55080
32130
83160
83160
71550
96570
82080
57690
73620
53730
91800
71820
24120
2160
15030
67680
75870
53190
4050
4770
27630
31680
90360
44910
44730
85770
53640
88740
8100
90180
87660
94140
68760
36810
73620
0
75960
41220
26100
37620
20970
66870
83880
7830
62820
76770
20340
35280
95490
56520
56160
80010
80460
87210
21510
24570
29880
37980
16290
36540
75330
91710
54360
53100
8910
82530
38430
19440
99900
10530
93060
2070
41040
51300
42750
22680
17640
47520
33030
56700
31770
28440
31680
33300
51840
78840
80460
9000
10980
15840
50040
96570
54630
82080
12870
11880
94500
96210
3870
86670
36360
72900
54360
61200
74790
20700
15300
72450
63180
3420
51840
95850
91800
51210
51840
30510
87930
77850
3870
33660
4680
65790
19620
86130
81540
15480
70740
91620
61920
7110
70380
83790
30060
34830
44550
57960
84600
90180
36090
62730
35280
29970
18720
20430
74790
55530
89100
27720
33030
87660
87300
49230
48510
12600
78300
63270
26190
1530
8280
31770
16290
7110
96030
73890
89190
11700
59220
57240
29430
85770
57690
14490
50400
77400
20790
26820
0
25380
8910
1260
92430
19530
8010
83790
46080
69750
51210
20340
93510
42030
41310
65520
92250
72900
22770
40950
92160
59400
8460
89820
25380
71100
53640
46350
12330
68760
11160
99270
85500
6930
32850
86850
18270
96300
54810
66960
81180
78570
99630
96570
54540
71280
26460
36360
67590
97380
88920
30240
540
86400
540
50220
51570
62280
95400
1080
33840
83250
92160
90090
20160
99000
93150
80280
30600
1620
87390
44550
36090
30510
83790
72990
85590
71190
49050
25380
79470
93600
43470
77040
31680
49860
28080
65790
60840
99090
42480
10530
81540
31590
15300
34560
31860
74520
87930
26820
34380
63900
84870
19710
78930
44640
79560
49320
59670
10170
26910
73530
95220
52740
80460
91980
3690
89820
61110
9720
38610
5850
65700
89280
89550
92970
180
82440
89010
71550
55170
75060
14040
97470
55170
36450
9990
7290
4500
95850
79380
51480
39510
79560
21150
14760
4770
62460
90810
75870
26730
6570
77130
20430
42660
22950
2880
31140
20520
22860
31050
58860
62460
26550
96390
79740
52290
27270
42930
41940
40860
80910
88110
65790
90900
45630
10800
38520
18270
50220
72990
31950
89190
16200
77040
77400
71730
31950
16470
12960
19800
24480
33660
89910
95670
50040
84420
10800
21600
82170
15210
96300
86850
74430
16830
26370
51660
93600
45000
630
32400
76950
6840
85500
67950
95130
69300
81180
17820
58050
81990
79380
71190
67140
7470
95310
74790
24570
41040
30330
86310
52380
39870
75060
1800
31950
81540
73620
95220
55620
28980
37980
25200
40680
31050
40230
65520
93690
80640
77580
58770
78210
68850
7290
84420
8820
88020
80190
1980
89640
58230
76680
43200
84600
82350
64260
72990
13680
27000
1260
34020
55710
60030
35640
54810
77130
82710
26640
62370
8550
45180
57780
93240
12330
37530
47340
19980
44730
20250
4500
32490
25560
62550
89100
69840
85410
72990
35910
2880
83430
67320
37260
85860
62100
36810
16740
47160
82170
81990
87930
63180
63360
14670
28260
97110
93780
36270
66780
40680
84420
32220
12870
99090
20610
10170
97740
34740
79290
39510
95670
72000
71010
67500
56520
67950
5220
82260
93420
69840
35460
28980
24750
3420
81000
72540
3960
98820
38700
22140
43740
17910
36000
35190
41040
39240
64170
89820
57960
18540
19710
17910
43380
46170
29340
52380
96570
81630
67680
44550
56610
84690
74430
10710
16920
74250
93420
11070
68940
99630
91260
39420
60030
85680
55440
92520
25650
7920
79740
6660
1080
5850
32400
7470
92970
70560
79200
47970
93240
59940
5940
11880
78750
83430
9000
79830
34290
23940
58680
51210
94950
22590
53100
11700
70020
74160
37170
51750
46350
6030
43740
41130
84780
31320
70470
52110
89460
33030
1800
65430
57690
84060
6930
1890
8640
10530
9540
84510
38880
29790
46350
76320
90270
31140
85050
61920
81090
6840
3600
28080
14040
18720
3960
270
19980
14940
77130
4950
81090
84780
53820
68220
53550
99900
22770
7560
3060
61020
71910
14130
78660
20790
46350
18720
18810
48330
71190
78030
78750
37620
73350
78210
6030
65160
45090
74790
52650
83970
46620
79380
15660
46980
55800
21690
81810
46620
71280
40410
27090
92790
6840
69660
44550
22950
38340
71100
6120
89730
21060
68490
38250
12600
88740
14220
15300
79560
8100
2880
20880
70560
23220
23400
82080
96570
30420
11340
43560
42120
37170
39690
62730
15750
56970
62100
21960
82350
84060
63180
51930
76230
5580
63540
71370
14490
52380
86310
24480
72630
30420
36000
16560
38610
64980
32760
6660
66060
62460
24660
40500
99360
75960
38520
5490
25380
13410
25920
78030
33840
76860
83430
4680
36540
63450
23040
84780
58140
74160
75510
63810
32940
94230
21600
35190
7470
50310
36810
92700
92880
87030
59400
2520
83430
52020
3690
10710
50220
81450
68130
73080
25290
51750
80640
35280
35100
45450
18810
16020
88470
81630
65250
33300
79200
86490
7740
93060
68940
96660
14400
32400
55620
97920
29970
76050
56610
34740
15840
82620
2790
59850
16560
27990
46710
14940
13410
23580
90540
62640
71550
25470
81990
67230
77850
10350
12690
93510
14310
59310
22410
40680
60930
26010
33660
45720
23580
8010
8820
92610
84150
88650
79380
37530
8910
81450
35550
69930
67950
69930
95490
66330
2520
8550
62010
63990
76590
6840
46710
8370
30780
97650
73620
69660
53370
46530
15660
28980
75060
74430
6210
16560
11250
76590
27090
33840
87120
62100
89280
44550
33120
42300
5220
6930
68040
98820
69030
50490
88830
69390
41400
67410
51210
28710
85230
70470
46350
75690
33750
46800
54900
43020
58320
50040
52290
95400
13140
75780
720
52200
37080
34830
41130
88290
98280
61110
270
76590
36540
54000
15390
4410
4320
25380
8640
99810
28350
17010
12870
17100
36000
57150
90900
98100
63540
29070
21780
69660
75420
58230
23490
47070
35460
47340
24660
49860
38790
10710
88650
15120
94140
32310
13680
10440
5130
49500
4140
34830
22410
91260
95670
46530
43560
22320
75150
94500
52650
88830
29610
88740
45450
58680
90450
72090
44730
96300
9630
43740
97830
75780
87030
90990
48780
36900
32400
47160
95220
32850
47160
80910
97020
17640
74250
30420
12600
32220
11070
96840
66510
3690
7020
59220
51030
42840
30240
93510
82620
96930
99360
14130
63090
12150
8640
36630
17370
9450
35730
68670
69120
80370
53910
95130
75150
89550
22950
69750
70290
56430
89820
16740
38880
68130
6390
5760
29880
95310
54630
1710
40320
58590
78120
37800
66780
63630
1530
75060
62730
30060
5850
64800
53010
26820
72270
48150
45720
13320
29970
3060
25020
80010
12330
70290
30960
98730
13590
55800
65880
16290
51390
90000
97200
87750
2970
32940
39240
64980
37080
65070
61200
96750
7830
97380
36720
27810
19710
74250
60300
9090
76410
39780
81990
39330
82710
11340
39330
86400
41940
88830
67140
17370
35190
79920
19350
80730
40950
3330
88020
32580
46710
63900
73080
71550
71820
30150
87750
61830
13590
65700
46710
71100
23400
42210
51300
99810
49140
18810
93510
43020
2970
4770
43650
14670
71730
50670
98820
28530
25740
98730
46890
21690
53370
35550
49410
71820
77850
10260
94680
72180
82800
28710
7380
20520
49770
82890
99810
9270
10620
76590
36630
50400
32220
72360
19440
35820
35550
21060
11250
35190
42840
21240
62550
23580
67680
68220
86850
32220
79470
54090
24390
46620
62820
31140
2880
84960
48060
65160
49320
26370
24750
65430
12780
35190
98190
53640
48510
36630
12420
26190
41220
74790
99000
37260
97200
61290
88740
78660
8640
74790
20880
28620
93150
52110
80730
99090
34470
75150
21690
96570
88830
71820
63180
17190
25470
12780
65070
78660
13500
29070
9900
14940
88200
65700
52020
38790
36450
55170
17910
51210
4140
24840
8460
31770
27000
54180
5940
89910
86940
79110
40680
3060
53550
45270
95040
30690
70290
9000
11700
87300
18630
16200
76230
30150
97560
79380
75780
40860
23580
4590
2610
76500
63720
43920
69210
26640
35280
36900
53550
37800
85590
78840
23400
20520
50040
29520
79920
54540
62550
65610
64890
50310
78210
61290
46080
61740
10440
2880
18540
72360
11700
12510
16920
63000
14760
45270
34290
42300
96660
32760
22410
50760
29520
21960
29700
5760
60390
20790
43740
49410
81630
28980
76050
79650
17280
79560
40590
32760
56160
69570
37440
69120
74610
81000
25380
69750
76140
48330
77940
28800
1260
96480
1530
15930
74160
67770
2880
58410
37980
20430
7650
70110
6660
45180
34470
60210
52830
62370
19890
85140
95940
36360
47970
33750
40860
6570
60300
20070
71550
56160
22860
97830
82260
13230
45090
95220
7830
59220
58500
43200
98100
23490
2700
76860
81810
47790
57600
70920
11610
73710
19530
87030
93690
92250
42570
20250
58950
29340
93690
74430
50130
24300
63450
78570
32490
44010
39690
20070
52560
44190
43650
15570
15930
36180
74520
20430
60930
71190
10620
88020
36450
76140
18900
42120
50310
72630
94230
66870
5400
26280
12600
57600
79020
72000
96570
16380
36180
96840
10350
57510
20070
17370
43020
63900
68400
36900
16650
83070
36630
83430
68040
81000
63810
88830
96210
7560
87660
36900
94320
5310
24930
35910
87480
52830
19710
87390
19890
92970
74430
10080
69300
1260
37980
98640
72900
87390
75600
35370
61470
26010
17730
3510
43290
32940
9000
90000
41490
42210
31050
86130
44010
42120
36090
90630
45450
67410
80910
71010
45450
48780
70830
74610
85500
57780
98190
90360
93420
22320
13770
85500
13680
62730
15840
83160
6930
18990
73350
50310
33120
34560
48960
2790
66240
62280
97020
97560
65610
91440
11520
14850
12780
43560
33930
82080
56610
20070
83880
14130
18990
69660
73800
7560
14850
44550
27810
25380
67320
64620
11610
9810
89010
11970
10890
6750
37800
23940
79470
42570
55530
76680
77490
82710
88200
50760
48330
34380
60390
83340
88740
75690
40050
87390
44370
59130
52470
81360
77490
87930
76050
57690
93510
79110
98100
18990
36900
70200
71820
4050
73260
31950
63450
12420
29790
41130
29970
46620
80010
76230
49590
64350
97200
97290
8370
40410
68670
4050
63900
72270
4500
39870
55890
13860
70110
6660
84870
37620
6930
9270
16560
18900
52380
37890
3600
50940
40050
40860
10350
25110
16830
3240
38700
40410
11340
68490
56070
70470
15660
53910
21150
19800
46440
74970
87840
18360
23670
68760
89100
71010
11250
81540
26010
75600
79740
94860
11880
90990
38520
68130
85320
7830
45720
10350
80820
37710
90000
95490
33570
56430
31410
37800
15300
58770
53100
42660
75060
39510
29340
4410
25110
67860
25110
78570
72900
33390
67590
270
29790
74610
54450
88830
8730
18000
6300
92880
68580
97470
68220
92790
73800
90630
9000
23490
39960
68490
91080
78120
16920
61920
28620
82260
51570
40590
69660
36090
49860
86220
13770
52470
79560
56880
35280
11070
11160
79560
65790
87660
45000
65790
64710
7290
93690
31050
83700
83700
27450
32580
53370
73350
88290
56070
47070
74970
17820
81810
54540
10890
51750
83070
21960
83430
59850
63720
29610
73080
32220
86400
46890
33840
81450
48150
69660
67050
69930
93600
18990
62910
92160
7560
21330
95850
86850
97290
95040
54990
44010
1980
32670
60840
57960
68490
25920
22770
63360
38880
49050
31590
35910
17910
89640
99540
55800
37890
10080
89820
95580
52560
51030
18810
62910
60660
29160
32220
21510
39060
57420
84060
57330
36630
38520
87120
180
2070
38340
22410
38610
13770
43470
78660
35190
44010
9270
56880
24390
65160
84510
98460
28170
59310
16020
98910
8550
20970
17730
51390
20430
64350
58950
95850
74700
30420
62910
11160
57240
57330
22680
18540
53280
50130
49680
99900
39240
46260
69840
1080
70650
49050
82260
96570
52650
2070
70290
5310
65160
82620
93600
41040
25470
58770
55170
72720
73260
810
48150
95940
51660
90990
98100
35550
79200
0
89460
12960
76950
34740
83250
24210
58860
92790
41760
75330
2250
68040
54900
28080
96030
32220
14760
99810
40410
34830
86220
36270
48330
5220
22590
56880
2070
55800
19170
64620
75600
67230
25920
90000
33930
56970
86940
24300
92970
83520
67050
94320
62280
27720
94410
72270
59220
54990
95580
90810
61110
26100
37440
56160
33750
6750
69300
3780
70290
38790
9450
98640
35370
33750
35640
60480
35280
65790
97200
90360
79560
86490
85050
47070
40680
80280
23400
360
27090
65160
540
23760
49410
10530
58950
99990
83880
97830
93600
81810
89550
67050
24030
62370
38340
12150
95400
10980
29970
14130
48600
21150
94860
93240
17100
46350
85590
91710
54720
62820
93420
57240
23940
14850
72810
28710
21870
4860
24750
44640
43560
39060
13500
53640
28800
810
12690
13320
99990
79290
24930
50400
47430
14670
27720
39600
69660
38520
72720
62550
95850
30420
59580
58500
49860
78750
74700
55620
16200
6930
29250
25560
49140
19440
93510
65520
44280
89460
30330
4320
81630
81900
26730
45360
27720
97470
8010
6750
6390
95310
15390
14940
13590
67860
68310
18180
7470
71550
12690
88110
33300
4500
27090
60030
8730
65700
43110
19080
70020
13950
76410
7380
40590
75330
42480
26640
86220
55710
16200
38250
97380
35370
73260
54360
67680
46800
89730
85950
19980
32760
25740
62820
73800
17100
93240
33300
55260
61380
64170
8280
98280
93240
83160
72450
7830
89190
18270
49860
630
21780
66420
11610
52740
57870
39060
81360
45990
29430
35550
97650
55440
5130
22860
77490
43200
72090
48330
97380
12060
29610
63720
33210
93240
66600
4140
43110
43200
46170
30150
69300
65880
9000
64980
79110
95220
18720
80640
49860
21240
75060
89370
96930
29520
64890
30330
96390
2520
98100
9090
34920
15030
74520
87480
15390
82440
63810
80280
20970
4950
91800
54630
78300
48240
70110
49140
49140
42930
27900
94770
84690
15300
83790
37800
21240
43020
33570
50040
72450
35910
64260
72180
40680
56340
22950
27990
35820
810
77850
4680
48420
35370
20250
28080
95490
56520
12060
55080
54810
30510
47070
35820
10170
93960
43470
37170
17550
10350
41220
95490
78300
99900
97290
5580
34380
43830
85230
7650
22770
96300
83340
98640
42210
76410
9090
52110
79110
62550
69030
5130
85500
68580
59670
89010
86490
36000
54450
83430
54090
33570
40410
10530
92070
63900
78120
45360
87390
18720
59670
9360
79290
96390
76950
52740
76140
66780
17820
10800
85950
77490
85770
6210
42570
94410
34740
24030
48870
94860
59400
35820
21690
61920
97380
60210
60300
22140
30960
67680
26460
92790
49950
77490
60480
56520
48330
20700
66690
92970
17640
68400
55980
40860
63270
85770
68220
70110
82080
11250
83790
8370
27090
60840
49770
31320
28620
56610
9360
99810
37170
73440
85950
62460
59400
61110
94500
57330
81450
56160
5850
16290
58140
74700
19440
31050
26640
51030
57060
70560
76410
22590
90630
1710
69750
19980
88830
21870
59760
5490
23040
36270
90000
37350
11250
50310
22050
54450
64710
41490
47880
7560
53010
16830
52200
40680
47340
96300
49590
27270
15570
45540
48780
22950
56880
45180
24480
79560
14850
15300
79110
26640
43110
57240
96390
24480
10260
91980
39060
6210
70200
51840
21870
270
50130
46350
8730
56430
18630
6930
96390
23580
7650
39960
47520
60930
99090
89730
6390
71010
18450
25110
24300
63000
8100
74070
6210
16200
36180
81000
68400
10800
68670
27810
22410
56250
98460
67140
18540
23040
68220
51300
82620
92970
61920
48690
31770
44820
62550
6480
14850
36450
72000
49320
96030
62910
70560
27180
41760
66510
74880
82530
24390
46980
1350
44910
71190
63000
7380
44550
8010
79560
58500
96030
66870
31950
66960
45270
52560
28800
47700
18090
12600
58140
12690
58410
26100
56070
630
76230
92250
40500
19620
50400
98820
64080
19350
5400
87210
33480
28170
1530
17730
99360
24480
2610
55620
92430
48420
81720
71100
81450
16560
95040
64800
80100
1530
3690
87120
47970
55800
62010
4410
78750
53010
24840
62730
67410
91620
30600
32490
29070
27810
51660
72630
88020
9990
36360
80820
83160
55890
49590
73080
49140
87570
27000
87750
92070
43020
71280
65430
58050
81720
19530
31860
9450
35640
61920
33390
74160
25830
18360
68490
12870
85410
37170
75060
29250
48060
65250
40230
1350
5310
21150
21060
76410