247 10000
86310
61560
76590
94410
61470
25560
98820
19800
6570
44370
79110
87750
22590
34830
990
10710
3510
76500
86580
89640
54360
18810
26910
67320
72450
51570
96570
86220
6570
29790
92970
30330
35280
22050
24930
13950
41130
95940
22050
68040
21510
80460
67950
53640
61020
82170
96210
26190
14490
69570
40140
85140
90630
8640
85860
96570
80820
70110
60660
7470
54360
94320
49500
96300
2610
38880
31860
57690
48330
81720
62820
7650
26730
86580
8820
18090
57780
83520
98730
84150
16920
50850
43110
52020
1080
36630
13500
92430
12960
70020
83430
99090
16830
96930
66240
9270
48780
37080
23490
53010
68490
8010
47520
70470
56070
34650
32220
11160
25560
94230
60480
20700
34380
900
86580
86850
5400
67860
55350
17100
12780
17640
50670
89640
67410
8100
84330
7110
54450
2340
91620
57240
26730
32490
52470
52470
98820
40140
31050
62910
180
63180
50580
34290
92610
95670
36540
33300
5040
67140
72630
2610
36360
86220
21510
33480
57510
92070
84690
24570
75240
7740
66330
28350
85680
30240
60300
62190
33570
58140
66690
69210
73530
14310
48510
34740
42750
62370
73890
85950
3150
47160
76770
69120
96030
9360
53460
5760
59400
82530
53820
9000
67230
20610
80370
79380
19620
68220
10710
46980
48960
89820
69390
40860
96120
65880
26370
95850
99810
30150
98370
72540
31050
75240
39690
18540
45450
56880
94140
6030
11160
68310
33390
66870
24930
13410
37260
89370
80370
16920
87930
54450
32490
3420
12510
81450
60030
59490
89460
40590
6120
64440
60570
36630
63360
99990
78840
70650
37260
19620
53010
82980
15210
30240
35910
52290
14490
62460
35910
450
42030
77580
91080
21240
33840
20340
88470
79470
1890
27000
36540
83070
50940
99720
48780
39510
64710
90000
44640
53100
1980
8190
53910
41850
58770
1890
50400
90180
86310
37440
69570
1170
14760
50130
70380
44370
63450
85230
36720
50040
86760
11160
89100
79200
99540
93510
90270
85590
72540
15480
78210
8100
20880
62820
24300
9630
78120
3330
25470
32310
33750
64530
47880
58410
84240
67230
84510
79290
47610
37980
94590
7920
66150
43380
67050
78570
85230
30510
6570
73440
86940
9990
51480
17280
90
92520
80010
78840
69660
77940
38070
87750
54450
90990
7920
93060
49590
40410
77220
28890
81360
76860
75240
94410
75420
27900
51030
37080
47610
27270
60120
47340
95490
96120
59310
10170
63540
54090
2070
30690
57870
15120
24390
42210
60750
32400
10620
55620
540
18450
41850
21420
20880
56520
79920
90900
15840
70020
76140
88560
27360
74340
37170
44460
48240
11790
62010
93960
38340
59670
17370
33120
15480
29250
23940
50400
96480
84510
23670
94590
76770
84870
70290
54360
81540
52110
42030
52650
4950
62550
55350
27900
28350
52200
72000
33030
55620
27450
33480
37260
89370
98640
11070
75330
37260
44550
51660
84600
54990
50130
34110
55170
83250
74250
36630
27180
21420
38610
97200
75420
82980
49320
14220
66510
27000
90180
27450
33390
73440
29520
51840
61830
14040
18180
8100
21150
84960
80640
53730
10800
4770
67770
97290
19440
65160
37170
16650
54000
54990
25110
28800
71910
90270
32130
57240
3690
86400
81180
54540
4500
91080
29700
82260
30330
60030
53640
19530
11970
8190
79560
41760
50220
60570
22770
46350
83160
8460
11340
6480
99990
7110
75870
41670
51840
41760
47700
65430
27270
9900
96390
89010
31950
88110
45270
19890
53280
27810
78390
51480
41220
23220
90990
24840
12060
50940
87300
83700
65160
19080
43110
19350
13680
74700
1800
35640
36540
77310
1710
88740
47160
23760
13140
44820
84510
60210
95760
74340
19620
19710
73800
2160
5490
900
51480
70830
11880
70470
64260
79380
16200
47340
6120
92340
55890
73080
14400
7290
36810
44010
20070
92520
0
92790
81000
43740
90360
360
44100
18540
36540
45990
36450
72000
28800
58050
83520
15030
97650
56880
21420
97110
66600
41580
44100
60480
41310
29790
84690
28440
50220
1170
22860
6570
71190
92340
43200
66510
41580
45810
93150
88830
14670
25830
1980
1980
42390
15390
94680
27360
73080
90990
31140
29790
15480
61650
98910
23940
85320
4950
67410
52380
26910
24570
90270
42300
26550
59130
85410
6480
41940
33570
8550
16020
93600
47880
82350
28260
93240
53640
63720
70740
98730
40230
62910
84780
42930
49860
27720
25110
82980
17550
92970
15120
95490
18900
16650
67590
18000
47070
94770
64620
63180
43110
54630
99810
64710
10260
99090
42120
81360
73440
91350
13860
55890
45810
31230
28890
44370
85500
26550
62640
14220
87390
76680
87570
60930
50220
21780
53820
46890
96030
79470
97470
58590
15570
91350
99990
75240
17550
80910
28890
72720
96120
84600
43200
61560
8460
61380
72000
900
78840
56340
17550
85410
29610
45180
85050
33840
38610
8460
75960
89550
12330
44460
64350
89370
81180
52740
44820
45270
45630
1350
77400
26730
43470
79920
4590
20520
54900
64260
40050
69390
60300
9630
10620
73980
42750
97650
57780
75780
13500
20610
2880
17460
38070
91080
14400
26910
58680
18900
15930
43560
88740
91260
10710
18990
90450
70920
33120
76410
46620
27180
30240
29520
88290
96120
9900
21330
97830
38070
94050
66780
76410
37440
48690
68310
4680
97560
28080
66870
4860
69750
7380
24750
2610
87300
78480
77670
91620
13950
60300
25290
37620
55710
59310
50940
64620
97650
92520
78030
33930
24300
53280
8820
73530
80370
59850
70290
4140
92610
26010
40230
98910
25470
44280
73980
63900
40590
93780
53910
30870
15840
14580
97020
52920
56520
21150
12960
17730
53100
87120
23760
80550
86040
16740
91980
22140
58500
89550
34110
33660
99450
81540
68130
6300
17820
37440
23580
70020
73620
32580
55530
91890
3960
82170
55710
49230
97560
42210
70920
97380
96660
83790
90000
31320
58050
29430
71370
40950
84420
97290
68850
89550
16200
16020
14040
91710
34560
52830
81270
57240
450
82710
23760
97200
3150
14490
67680
64530
85140
48150
76950
68220
57690
89280
26820
98820
91620
80010
83700
48870
93060
27180
88650
10980
76500
33300
60750
66960
74790
77400
29790
9180
72180
64080
90180
76590
4410
51030
34200
42840
23850
12420
7020
41130
44820
99900
7020
990
90450
34470
45090
3060
52740
96660
97200
94950
79920
88110
52470
7920
31950
17640
83880
40050
6030
56700
20520
64890
28440
47970
73350
21780
57060
14580
62370
6930
25650
20700
16920
29790
23940
83070
9090
54000
85500
58230
87930
64170
69120
94230
23580
36720
61560
61740
31140
91980
45180
91080
16290
10080
22680
1350
4230
46440
29790
16740
47340
32670
34380
93330
82890
82080
14220
82890
8730
79920
90630
71100
90360
4770
23400
34920
50760
91170
55080
89730
63810
43830
57240
64800
53100
14490
91980
3330
1530
19350
20700
34470
58320
63000
74160
5490
52650
20520
95850
69480
98640
23670
79830
51930
72720
61740
15570
62190
84960
66870
5130
14220
64440
11160
44190
8190
1260
48240
14760
48780
61830
75330
93420
17280
63900
99090
91980
55260
74070
86580
37890
44550
36090
72540
92700
95040
40770
21330
1530
32220
8730
91080
70560
46980
90000
42300
82980
21150
48510
43740
27450
48960
46440
60480
70290
89550
76320
95490
99180
11880
72000
77130
45720
28080
51390
78750
35460
63090
48420
48960
71100
24660
81810
95220
73800
36720
94860
61830
35100
76770
66780
85950
88830
57870
68940
78660
76320
52380
55260
32130
6750
73350
57510
50400
19890
60750
51840
83520
95220
8550
11790
19170
96930
18090
86130
9720
5580
23760
81000
35820
27450
44820
1800
75150
35460
52560
63270
3600
36180
31860
51300
76860
99900
18990
71910
44820
87480
61290
42660
29970
46440
43740
13410
360
9180
38610
48150
66240
93060
17730
44730
98370
31050
73170
24390
13860
94050
10260
34290
360
86940
41130
93060
7200
33750
28170
27090
11340
52650
78030
59850
34650
56430
9990
12420
35010
56700
71640
47250
94680
26910
63180
98460
33390
21240
88560
24930
61110
95130
27000
74340
32670
51120
84780
45540
270
30870
53010
71370
72900
90810
73710
44460
35550
77490
74160
56790
91170
10530
66690
40500
26190
33570
22770
25920
53190
46620
50940
57600
1170
85500
55800
2790
12420
73440
12330
23130
89010
78120
35370
67860
450
16200
21690
25020
47430
97560
38520
77220
77310
84780
64440
36990
64890
67680
68760
43200
8280
65430
66510
67950
81720
94770
85590
50670
17280
44280
59040
9630
37800
44820
90270
81720
24930
41310
95400
60030
14310
8640
97470
11700
81180
99180
98730
65430
57690
63630
52290
86670
68580
27630
46080
66600
24210
7470
92880
5490
65340
86760
18540
88830
6210
98190
75510
89820
79380
12780
39510
15480
21690
81360
18090
52020
49770
79200
10350
60840
69030
76770
360
94140
3240
66420
60390
73620
61650
25110
79470
9630
3690
77490
46890
70740
77850
70200
67140
22680
85770
91890
11700
46800
51840
56430
50940
63720
92790
68760
28080
7200
8640
98010
44100
6120
51660
28170
82260
46080
77490
81810
19440
17550
95310
2520
91800
94320
62640
38790
45090
13140
30780
82530
90000
85860
92610
76860
49320
88920
23580
69750
34740
65160
69120
43650
90810
49680
12510
47250
85770
58320
20970
72180
22860
52380
5580
30150
77850
40230
45180
33840
14490
26730
61740
43830
37440
10260
4860
14400
41310
86040
71730
56430
9090
9990
85140
63090
28080
48150
74610
85500
4860
92160
15120
32580
98370
95310
82710
73350
21960
8910
46710
36360
92430
42480
40950
98640
28440
78030
91170
55530
67590
63270
54900
9000
34560
67140
17910
3060
93960
55800
36360
99090
39150
26550
87930
32850
720
99900
5310
66150
19800
21870
45450
56880
63720
35190
2700
4320
10260
90270
92160
24840
19260
3420
79290
13680
2700
25020
65880
37980
99360
93780
56340
3420
65970
37800
82890
17820
27360
3420
95490
87570
45540
97110
74790
58050
37800
36900
94680
91350
21870
63720
7200
46980
67410
89010
34920
17910
98280
80010
40320
91260
50940
79110
27810
81270
87480
60930
4410
90090
48060
2700
2790
23130
1260
94500
58050
63990
20610
50940
5760
62190
58860
49680
47970
61110
81360
11070
62820
23580
89280
1710
98550
82710
64080
49230
63270
51210
87210
22590
81090
18180
1980
92250
18900
94590
99990
55620
40230
62460
37260
62550
54990
29250
45360
90090
720
1980
32130
16830
35730
54270
26640
10530
18450
3870
51930
32220
40500
92160
92880
70470
99900
63900
8730
8640
22860
23040
98190
32130
40320
40950
5670
10620
6930
71640
38430
83430
81270
70650
39240
74520
64080
73620
10710
1170
50670
58410
52110
69570
16650
540
59130
52110
53640
83790
40230
5760
89190
38160
21420
52020
43470
82800
23940
92610
82800
53910
29340
46890
8100
51210
79830
94230
25470
6750
93960
16200
28350
77400
77220
72180
18540
71460
30600
68580
88470
36270
450
3330
86580
89820
91800
90
52290
91890
82710
34380
61650
22590
81450
36540
87390
58050
40410
44280
83430
57510
59310
54360
43200
63090
900
88920
45270
54180
16380
97650
28980
39240
47970
33030
24030
50310
3420
77130
18090
58770
66780
68850
48870
13410
7560
98550
67590
83970
49410
3420
57060
7110
36720
8370
84240
32040
30600
16110
58230
5220
5400
98190
71460
69570
34650
71100
73080
23400
44190
78570
47700
79830
71190
16830
20790
38160
68670
37350
67230
79830
46800
36000
97650
55620
54000
40770
37530
96840
79650
69750
3060
75510
29700
14310
66960
82980
55530
31410
78480
54090
61200
6480
57330
26730
13140
35550
98280
5310
25560
44370
79290
56160
1080
97020
54450
9000
53280
1710
65340
23130
78840
6390
13680
50400
99270
23310
16200
98550
98910
60570
74790
47880
52020
80010
8370
36900
81000
65160
48060
7200
360
12510
61200
17730
94860
29970
55620
82260
99180
68760
13140
94770
41310
73170
34740
4050
46890
94500
35190
94410
11520
9000
60840
13680
31500
36540
88560
13320
54900
50220
45180
71640
84150
62460
95760
10800
89910
36630
64080
9810
85950
81450
96300
99990
40050
63900
5220
30510
37530
85410
10170
93690
810
6570
56250
72990
79740
80370
29700
7830
28080
46800
24030
68760
2250
8370
80820
94410
61380
12150
16110
70470
58140
80820
52470
52110
97830
55980
74790
92160
58320
96390
39690
5580
18360
29340
84510
98460
93780
28980
46170
7740
33750
35910
60570
32940
810
62910
28350
41310
86580
57870
8820
47700
77760
70290
70380
92340
82890
30510
91530
53640
28800
67500
84510
81540
6120
71100
18720
77490
51120
85950
6390
27540
84870
18180
85320
34920
9720
92520
64080
37980
72180
51030
88290
41400
96480
28800
99180
72450
90810
73260
60120
46890
50400
36090
76860
84060
45450
16110
73710
37260
34830
61740
87570
19260
32760
45900
40950
74520
74610
80280
67590
68850
37530
35100
10620
53460
87120
30060
82170
97740
76050
44280
65430
28350
21780
67680
72990
47160
91530
75240
44820
28980
35280
75960
89190
70200
48330
58860
21780
28980
14220
8730
90810
22320
86850
86850
7110
20160
42840
3330
86760
83250
16920
11880
6480
75240
79290
72630
67770
44010
52830
36630
83430
20340
44370
83160
48690
55800
25560
92160
46080
75510
18810
80910
78030
61650
86130
67860
72270
98730
20700
1440
96480
23040
12060
33120
24120
24750
86400
46620
38250
17100
18720
94680
42750
36180
63630
8550
76860
96750
63990
25740
6750
4860
47520
9630
66420
44190
35550
61380
82890
15570
72090
45450
34560
55350
97380
85680
93240
23850
20520
36090
77130
45090
19080
88920
94770
28080
27810
31950
70290
71730
810
57240
65250
80550
52920
56790
20070
85860
51300
46980
10260
78210
27900
99450
7650
54810
72090
45540
19440
86130
80010
73620
81630
36540
81720
93960
30510
67950
85410
6210
29970
91980
43380
18360
83880
46890
58770
36270
71640
48060
42390
2250
4230
16740
14220
77850
54540
52110
76410
70200
62370
69120
74340
78750
80010
35370
71370
20970
26100
66780
21600
65340
23940
94320
62010
60660
78480
54360
80190
60030
9990
29070
87840
47340
83340
61020
97380
75960
17640
35010
20160
93870
74610
14220
91530
35190
89460
55350
8460
94950
37710
67950
63630
21960
28170
65520
64080
68040
4320
6840
92340
10800
13590
50400
70560
60390
630
7200
67590
62280
23220
28890
33660
3870
66780
43470
5040
16560
11070
21060
7200
67500
59670
65880
18720
54000
36000
49140
19620
1890
76230
88200
70110
32130
19260
64890
87300
81000
32400
92160
6660
80190
17010
37800
8730
80910
90090
3870
76320
20430
3240
68130
66690
62010
20700
86310
77940
45720
89910
90270
56250
13320
44190
20430
73800
88740
9450
32760
80730
19800
45900
26910
47610
54180
58320
7290
28080
69750
5760
63900
8190
66690
7740
60300
9720
36990
67320
53280
21600
31140
14670
18810
85410
85950
97020
45180
23400
55980
9900
68850
67320
78750
16830
80010
16920
93420
60660
70110
33210
72450
61470
19440
33570
88650
18180
46890
85680
90810
16650
54090
53550
14850
63900
86760
15750
74790
87210
77040
10620
24030
92790
13590
65790
78840
62190
88740
18270
35280
88290
53820
77760
40140
46080
9720
38970
79200
84240
24840
14580
46170
44730
28530
89370
9990
30870
58590
2610
540
26820
23760
42210
99360
90090
74700
76770
8910
98010
6840
26550
79380
84330
360
10980
21510
80460
27360
42120
70380
66510
80640
21060
65970
17460
46890
29790
76320
28800
58950
41310
74250
3780
61560
32670
28530
29790
12240
10080
47880
35010
50310
5310
22680
79110
57960
36990
26100
91440
5220
50850
28080
73980
76590
54450
36630
3600
17190
55800
49680
78300
63810
66690
33840
12330
99810
18540
88380
11250
94590
66060
95130
2520
2250
8370
46260
20790
70920
21780
88290
19710
12690
5040
33300
54990
28530
95940
22860
30510
55530
8190
46980
95580
26460
56250
93600
15390
96930
96570
21510
31590
16200
26370
45630
51210
25470
9270
26550
90450
99090
5490
55890
23040
84780
75510
32580
91620
23490
72360
72630
60660
13770
17730
58860
20250
68580
79470
94050
88020
79110
85050
14580
72180
75870
44010
40770
11610
36180
73530
90000
72270
45720
58950
16650
61560
34470
3330
5040
9000
9360
99090
16380
66780
63180
13500
74340
81990
77940
46080
52110
19080
2160
64080
59940
84960
33840
39150
78480
16020
89640
20790
42570
63810
99810
61470
83070
59670
62910
4680
78840
78570
98280
11880
17910
86760
43290
7740
41580
49950
96390
53640
10710
90990
81180
73170
45900
89550
62550
77130
78750
56070
92520
86760
92790
64440
99000
58770
92070
85050
43110
5130
77760
18810
41940
83610
66420
82890
19530
17910
17370
20610
95670
73530
98550
36540
94140
74520
30150
33300
92700
52200
53100
40680
86040
0
27270
38070
94320
46710
52020
8730
48150
21960
26910
20160
62370
57780
95580
85140
43740
78120
87300
27990
70110
10440
47700
72360
38970
91710
39240
77670
16650
99000
38520
61830
24480
52200
81090
90900
31680
67770
56160
98010
29250
14130
80640
2970
18450
60750
2070
9990
38070
36090
12780
25200
2520
36450
42210
25740
85230
24570
17730
5670
11250
31050
13320
64530
15210
42930
52380
12150
49860
86580
56520
5220
44280
2250
41850
64890
79830
27720
38790
5220
57780
14310
35550
28350
45540
17280
39690
35100
14760
69570
15930
26100
2070
31050
46620
45090
53100
88380
54720
57510
4140
49860
81180
85050
65340
91800
59310
15480
72090
97740
39690
93240
21510
51390
62640
29520
81990
14310
57060
24480
70470
63720
72360
28620
63900
37890
54630
41040
12690
23760
1620
52560
57420
55170
40410
18450
91800
38700
11610
14040
55260
5670
24480
47970
17550
96660
92790
17550
12330
54900
80190
21870
33930
96210
10620
94320
35640
39420
86400
95760
36000
6750
93240
59670
75330
54900
64440
94320
90810
74970
33390
29700
39960
84690
69660
77850
24390
5400
31590
23130
70740
25560
52920
80550
98010
37890
36540
9000
62010
31410
88020
23940
53280
43290
12420
82980
81090
63450
44190
53190
42930
31140
14490
72270
22140
92070
37890
96750
62910
14850
69300
7470
34650
67860
71280
20430
21600
41040
61470
33210
47520
33390
34110
97470
74520
87570
66960
3330
55710
49590
72810
21510
93510
86040
26370
39600
18900
85860
27000
40770
14760
52560
16380
37530
79920
95400
22590
17460
6660
540
19980
55530
91710
89460
29970
24480
51930
80550
98280
7740
52110
8370
56790
54090
22320
93060
37080
89820
50580
98460
45630
83700
92700
6660
71370
33750
67140
13680
16380
6030
14130
49860
34110
68940
1440
86580
54540
19080
37170
55980
94680
67320
74340
53820
11430
64620
32400
75330
61290
85320
48060
10710
18090
87660
21060
36720
17820
92880
98910
77040
51120
93600
99990
28980
22950
74520
99540
68310
81540
76050
16920
51480
79470
75060
37620
7380
50400
40500
18900
84870
67140
48510
77670
89820
13950
46800
3150
19440
56520
1980
69480
23850
75060
60480
68670
82260
49770
47070
44100
63360
92340
30870
32850
98010
54000
55710
56520
43380
34830
38520
96660
89460
49680
84780
88200
49590
49140
44640
71370
64350
37890
80100
88650
10980
74430
35910
86850
54360
24840
10890
93330
34830
2430
90810
78390
95670
15390
41850
7290
66690
85590
28260
54270
74790
51930
52470
14130
37440
6660
29790
20790
44280
34470
17190
57060
76320
83430
25470
94860
51120
54630
2070
89280
58860
80280
60930
14310
60390
40950
93060
17460
53640
51660
39330
2520
45000
78300
65610
63810
66690
53100
11340
13230
76320
27360
84510
96660
57420
51750
45630
49770
13320
28530
27270
32040
21870
92700
47700
81630
83970
83160
13680
92790
50670
76320
99270
71190
74790
1170
33210
37530
71010
93870
6480
51210
13950
37710
89550
58140
28170
7650
80550
42300
21060
75330
19170
55620
17820
14580
26640
19440
33480
94590
86310
77400
74970
77940
57240
54900
46530
69120
1080
41670
12780
70830
20160
66330
56250
5310
71370
79020
68040
29070
64080
10980
6030
88470
0
58230
23670
62460
80550
11610
16470
23670
41130
99270
67860
85500
51750
91080
26550
66870
70560
78210
9000
91260
67950
19800
93330
71730
35370
21330
93690
71010
44370
73170
77490
44460
2880
86580
89460
77220
54450
19440
10620
42930
4320
7560
44640
17190
81180
58410
68850
32670
48420
82530
57870
74250
42840
720
61200
76860
80280
15840
78390
58410
40410
98640
30150
900
15480
43020
21150
44910
18450
7110
52830
48870
10800
8640
32850
72900
51120
33210
55530
45630
94950
47520
68940
47700
45090
37800
17280
99990
97200
64980
17820
5940
61650
18000
28440
38250
17370
50580
62100
89640
79020
28440
71460
57870
92970
99270
60840
93420
64800
54180
48420
73350
84600
90810
82350
93240
97830
27990
49140
73620
25380
39150
81450
78300
23310
2070
74340
8460
90900
24210
14040
27990
84240
27990
71910
32670
38880
69840
82350
31500
97380
89820
86310
61020
62730
20520
78840
94770
42480
57510
17460
14130
15750
32670
59940
35280
83970
57150
93600
69390
14940
45810
87390
29520
25830
75690
38880
98460
39690
45090
94680
21240
56520
65880
26730
16020
5850
70290
35820
57780
65970
28440
12420
3420
53460
24480
60840
65700
99090
25200
50850
46710
61830
81360
21240
31140
77850
18360
92070
55980
12510
22050
49050
19530
97020
31140
55890
65250
86040
37350
40050
82530
720
48420
5130
86940
72360
60930
78840
84600
11340
3600
9900
43560
34470
89370
15210
30240
4500
33750
3150
49950
36720
30240
51390
18900
52920
63900
59310
64620
5940
2970
50940
58770
10890
65880
7920
7020
48780
88290
31500
70920
34830
50940
95400
81810
19260
5670
58500
26460
74070
23940
35730
79110
75510
19350
87660
85230
37080
99990
73260
56160
34020
37170
49140
99450
32220
63900
13320
45000
50850
74430
35550
24750
91260
81270
46080
45990
20790
73890
54990
54810
88200
56700
72180
88830
3150
21600
79290
61290
1710
21870
65970
76500
5760
73080
82800
67680
54360
46620
61020
25380
53820
20610
81720
55980
48600
77220
97290
56880
52920
50670
77670
93600
10440
43560
49590
75690
27360
41400
17100
77760
58500
40680
42570
35100
72270
88920
89100
5040
11160
48420
29250
81000
4140
44460
38430
54360
5940
46710
29430
12420
97650
25020
20970
44550
40320
18810
29340
64620
69120
23310
95850
13770
3780
5130
7020
77220
43560
70740
55980
61830
42840
54360
71190
3150
19350
57150
76050
96030
4680
82980
39780
39150
24660
81180
75330
91080
51030
81090
48150
32220
78570
65790
39240
10980
51570
82710
12420
57150
32940
27270
5940
9450
11340
22500
15210
13770
87120
18720
77940
15210
60210
27810
36000
67140
22140
10620
86130
49410
99900
6210
60480
53460
3780
54900
54180
83610
13680
45720
39060
65520
16470
97560
16380
72180
18090
64710
74610
4320
19080
59760
25290
49140
47610
18180
72450
89370
69300
15300
45990
45900
36450
95130
66780
59310
80640
25200
4680
77040
62640
91350
65700
40230
39420
93240
58050
67230
92430
93060
54810
72990
89190
59220
65970
11070
51120
78570
51840
61290
92520
35280
92520
62370
74070
47430
86220
62640
76320
64170
3150
88830
62460
7380
63810
64800
92700
61920
72900
43020
53550
20700
68220
63990
86490
5580
54360
71820
79920
69030
46530
6120
55080
62550
2520
78300
27360
45000
28530
15750
53370
92430
27360
95220
46800
38610
32490
87030
6930
73890
24660
96120
83790
83520
36540
40140
24930
50490
73890
64620
8910
77400
97650
91440
53100
70290
92250
62370
40320
96840
26190
7830
83340
19530
46440
75240
4590
53010
6840
90270
42570
48420
90360
97740
82710
22590
92070
71550
19890
61380
71370
51390
25650
67050
34650
92070
69210
16560
5490
23310
92250
78480
34020
27090
45450
72000
35100
58230
65610
89370
38970
61290
26640
83430
63180
76500
45450
28980
79380
76860
87120
20070
34380
86760
30780
60210
60750
43290
83250
34470
20610
5310
27900
31860
53910
30330
10350
77220
12600
96930
87480
9990
52740
95400
76500
87840
73710
56160
78300
14580
84240
72360
9540
9540
29700
52470
94140
1800
51840
12240
69120
9810
59580
14400
54450
32220
5760
80190
57060
97470
74880
36720
61200
91170
53910
64080
81270
8550
70110
52290
16380
12780
4410
4770
71190
22140
25290
21420
17820
57150
15480
43200
56070
21870
77850
48510
86130
28260
3780
47970
34740
68400
39960
19800
85230
15930
42930
87570
66150
64800
81000
57780
54900
57510
11250
37800
6300
76410
62910
5490
11160
38250
96390
57690
45090
69300
5670
56880
75960
41130
97560
28800
73980
71910
53910
78930
55260
87930
16740
66870
96120
31500
87750
36810
45900
45180
50670
91530
88470
68760
13410
79020
36540
66600
69210
5670
35820
6390
34200
20610
55980
51750
71010
8820
25200
58860
61290
65160
46710
36000
26820
66690
73710
42750
51930
84510
13500
1530
61020
75060
23850
81990
61020
11160
44910
96030
540
41940
28170
53640
810
46710
94950
27990
42120
74520
9900
4590
22680
51750
2340
16470
99000
82170
34740
76680
94950
15300
70380
84960
99900
29160
27630
72270
30420
50400
99540
74250
55620
19800
52560
81090
73350
84870
52470
15570
56700
69570
57060
62370
57240
0
97470
49500
76500
41400
94680
5400
95130
56880
99180
86670
37080
95580
44640
52380
47430
78120
21240
3780
26550
13770
6930
2790
20880
81360
82530
32490
99810
90990
94860
92520
70380
94230
9540
45360
31680
19260
31320
13770
86310
48060
41310
6480
94950
86670
97380
16290
74430
40140
37710
70740
61020
40680
91620
75600
52920
85950
84240
83880
54450
67590
96480
52020
89370
95220
44190
74430
77040
72270
1350
12510
5850
58770
65790
21600
19620
3420
14490
99900
25380
37710
97830
96030
61380
42300
95310
16470
55890
26100
19440
31230
43020
19440
85410
11610
76050
94680
47610
44010
92340
99720
52290
41490
16560
51300
90450
15120
77940
45360
56520
96300
46080
2430
56880
90
86760
53190
82350
78750
0
24300
11340
91710
59760
57870
57600
84060
44280
360
80640
65070
44730
25920
18630
72990
82170
33930
5400
14850
5400
36090
87210
1260
49140
810
60390
38880
30150
88740
95850
94320
2250
33030
22500
38340
48960
48780
58770
61560
61920
11340
90540
30690
4950
79560
88830
47340
45720
25470
94230
55530
45630
96390
63720
16200
70560
56970
57150
70020
14130
69120
40680
86940
64170
3150
40050
6030
49770
52560
65250
36360
30780
53460
36270
70110
34920
33840
26640
97650
65970
64980
61740
94590
56430
63990
8640
5760
79740
42570
11340
47250
15930
95580
69030
57150
15930
3600
78840
80370
8640
33660
67770
31050
73170
52110
70650
58140
26370
64080
9630
55260
44100
2340
53640
43740
55620
22050
60030
69300
86040
64710
65070
41940
28170
88920
3060
57510
7470
24930
71730
43830
46620
40050
21690
49410
24300
40770
81090
86130
810
90900
36540
67590
28800
38340
76590
87210
34470
17730
18270
10530
35100
14490
90990
32850
47430
81630
6660
66060
11070
23670
97740
70470
78210
76680
93960
53730
95580
15660
59130
23670
65250
19260
21330
77940
89460
97020
78300
35820
61470
87390
42300
15750
67950
81540
17640
28800
7020
5130
49140
18810
72540
67590
13680
67410
48330
58230
61740
13230
37260
69120
55260
1890
44460
11160
7110
95040
11790
25560
67320
95400
55530
50760
58770
43830
19440
24660
76050
86760
77310
38880
83070
9000
30150
33120
57330
77670
20160
82800
71640
5580
95130
30510
4410
82170
35280
52020
40590
73620
35190
41400
76320
23310
99720
14490
64980
27810
59580
28080
56340
41850
63540
3150
94230
42660
71550
5310
74790
93780
82620
94410
180
57150
50040
77040
31770
29070
180
9270
20070
87210
81540
34920
37980
66240
64260
35910
42390
16470
47070
61290
23850
8100
93420
94860
52110
62550
89820
27900
5400
49950
31320
69930
7110
79380
90450
51030
56430
8640
80910
67140
91350
30420
18180
95130
18990
54090
79110
14040
6210
91350
65970
5670
39510
31320
45360
22770
32850
86670
39510
87120
27090
86220
21960
23490
42120
35910
77940
50130
55080
54810
14940
47970
57330
83610
49950
19800
10800
13590
91440
3330
25830
78390
69210
79380
89010
65340
89460
69210
79200
4140
39330
93510
25650
59850
43470
13950
31770
76770
75240
61560
78300
57780
44010
50670
38790
83160
66060
34200
89370
87840
28530
30960
14670
68310
99360
450
98190
33660
54180
45720
68850
28890
37350
76950
96930
13500
16740
85230
43470
78840
37980
68220
67320
38880
73170
86760
18360
18090
3330
21240
77490
96300
76140
43380
44460
59580
67860
75510
53910
69210
48240
44370
58140
61560
4590
16650
69120
64890
180
24750
37980
51570
900
56610
72720
72180
37710
33120
26820
99090
75690
31860
30330
17100
37800
79200
81900
5130
90810
79200
61560
86220
90720
10620
27360
17370
52470
1440
28170
28530
1350
720
92070
76230
61560
88020
63810
79560
36360
26550
76500
62370
93960
5220
80010
73710
72720
33750
40410
68220
9990
32220
90180
21330
91980
66240
9090
90
57510
75150
89820
73710
7470
55440
19080
99630
61110
38160
63000
85140
86580
95670
9450
18360
33930
27720
50220
18090
89280
93600
70920
67950
85410
34380
78300
48060
52560
49410
78480
37800
97830
43290
84600
89820
5130
31590
81090
71010
66690
79830
69210
97020
92070
53190
94410
40050
29610
84060
81900
16560
37710
47430
47790
16740
84510
21330
99180
44550
85770
48960
46800
97290
20970
64620
540
96300
60660
77220
90630
90540
86400
2430
33120
93240
79380
24030
73890
16110
49410
96120
71730
46350
91530
8100
79650
86220
84150
2610
46170
89010
76590
80640
92880
38610
44910
65700
15300
34200
2340
21690
86130
84870
44820
8550
62280
90270
14400
66690
37170
17640
3330
61110
8820
99450
14400
33300
38070
44820
11970
50310
9450
5490
61830
55170
59940
44730
19260
18450
41760
11520
71550
13500
6390
94950
4590
54810
62820
9000
37440
82710
17640
47610
65700
90900
44010
19440
39330
43470
91980
68850
81540
88290
80190
46530
64890
8100
10980
68040
92520
9090
49680
5580
7290
98820
83160
23400
85410
81270
51300
14130
83520
78840
34020
53730
81360
23490
48690
40860
90630
16290
10350
44100
78840
42660
92790
31410
55620
94230
68580
24570
36180
99810
96120
5580
46620
86400
51120
58590
54810
58680
63990
39330
33660
48510
35370
49680
87480
80100
64980
42930
34290
60570
71280
63270
74340
52560
9450
40410
25200
68940
68670
42480
66510
23850
23580
77490
38880
19980
82800
33300
22950
34560
70380
43920
29430
84060
19890
79830
37080
66600
13860
25290
91620
34920
33480
45540
47070
70650
54090
49860
26460
34830
63810
80640
37530
17280
19530
21420
65700
84600
43110
43290
29610
94050
68940
78300
5490
82800
38610
27540
37710
38790
25110
93420
11610
44550
30330
26280
98730
73710
48780
55530
39150
50760
86760
34650
14760
450
45900
28260
33210
84510
99630
31500
68670
94140
82170
66870
91080
990
37710
73710
47070
38070
45990
99900
9360
20250
26910
14940
52740
80100
35820
96570
8370
92160
17370
76950
23940
43290
79920
5220
17370
96030
79740
15570
70380
14040
78390
71550
630
94590
42660
74520
20160
56070
9270
14490
41040
63450
54450
62730
73890
84870
21780
90270
55530
12060
35640
7920
6300
54180
36810
84330
38520
5490
40950
79740
41400
1170
67320
29520
24390
21960
13050
98010
31860
9270
46170
72180
36990
80640
72180
34470
68850
96120
37170
78750
98190
46350
33660
41220
22140
1080
74790
38160
41040
4410
6750
84240
66780
6030
5670
17280
71820
98910
44550
34200
22860
53370
51390
94140
69750
3780
43110
17370
12600
16920
44010
77760
73980
3330
72270
49050
37440
74700
14400
76680
11610
30600
30330
19710
25560
50130
36630
2880
28350
42840
92970
58230
49050
7020
99720
68220
88380
87210
7110
4860
1890
7020
94230
36990
37530
18180
98100
6300
34920
32670
10980
86040
78390
59490
15750
42030
62190
50220
27540
35010
54630
12870
57240
53550
4500
39780
50760
59760
60390
34290
25650
19080
74880
450
71730
13320
58500
53640
1350
15660
68490
42750
36270
92160
72180
82710
54000
98640
48060
85680
81900
20070
77130
32580
92340
84330
51300
6660
90810
79740
16740
71100
73080
35640
65250
40950
92700
6570
47520
83700
5400
29700
75870
89730
29880
30600
75960
40680
2250
85680
77400
47700
3960
50400
42120
68220
45540
27900
98910
82080
52920
99810
57960
75150
12240
93330
24030
71190
37440
64440
61560
92610
93330
76050
95310
15750
33210
84690
31050
98190
23760
48690
89910
93330
90090
53280
25470
70020
84240
68490
39240
96210
79470
71460
64980
74250
17910
28170
35550
87030
84600
12240
51750
39150
26550
77310
54810
83430
17460
50850
84060
99900
69030
66420
17640
9540
65880
69480
92700
60750
34200
37170
80820
1890
37440
93150
87390
22050
32400
9000
27180
54630
33840
43290
74700
52920
60300
89550
32850
6930
12060
7650
87300
19710
5490
64080
43290
32040
93780
10260
63090
56070
2880
42840
82980
71010
39420
65790
6210
95040
10980
55530
91260
9450
84150
42930
38340
30960
66060
72990
93600
19710
5760
15660
59670
22680
40410
20970
11160
39690
33120
270
87120
64440
80910
55530
27630
91980
48420
53370
14130
15480
9720
18360
89820
99540
70020
79200
74610
40860
30060
22410
21150
38970
96120
43110
13320
7290
96210
80820
45540
8460
49140
89550
76050
87930
80640
10890
47880
7200
22410
43740
73440
88920
33300
57870
67320
97200
45180
57150
75780
31500
72000
80640
9360
47790
33570
62640
49500
21150
48960
4140
40500
9090
81270
60390
55170
63540
57960
41040
16650
69480
69210
21510
58500
7650
88470
23580
58770
15840
52470
71730
17910
99900
39960
39330
29070
1980
36720
62910
36900
17640
88830
58860
57510
53010
80280
34290
24390
71550
20610
35010
1980
54360
52650
46890
60930
1260
4770
13050
95400
69750
10710
39960
4770
22050
77130
11160
8640
43200
64530
29880
90360
63900
37080
8190
29700
8190
68580
80280
30870
74070
66690
38610
27000
98640
79470
60480
44010
36180
19260
76140
5130
71910
44280
51840
55890
10890
69480
10800
79650
20250
47520
70470
86130
68850
22680
84780
24840
61740
81360
78840
58230
62730
75690
11520
56790
23040
28890
31410
12780
31320
26370
92070
98280
5760
96930
69930
63180
50130
60570
51480
65430
45090
9630
83430
21870
47340
53370
72900
30420
40230
13680
11610
88470
38970
64890
51930
91350
70470
75510
4320
48960
22770
55260
82980
90540
47340
84960
37620
2160
42570
59760
56160
50400
47340
78390
19620
62370
84240
61110
57150
93780
37440
23040
9540
4770
37800
6570
7560
18180
19260
36540
94770
56790
80820
38250
12420
50130
96660
71820
60300
96750
67680
27810
24210
89730
93510
33750
53280
44460
810
56520
97110
18270
88020
63900
64710
7650
8910
38250
64170
30960
7290
7470
29970
72270
62550
31230
2880
9810
15840
28800
72900
38970
53190
62190
19620
15480
91890
27630
21510
88920
35280
92970
15750
98280
36990
67320
73710
62640
2970
33750
56070
87660
21780
22860
91890
21690
51840
40680
15660
62280
83070
31770
75150
26460
34380
84870
62100
68400
61110
65430
60930
65070
59580
49860
2880
82530
38700
15840
94410
36360
65970
63360
93150
49050
88650
92430
70830
1170
44280
31410
81360
87570
85590
2070
18540
24480
35280
360
56610
8190
18450
46260
46530
44640
18270
53460
59130
25650
78120
63810
65520
36000
5940
16830
68760
60750
66150
68580
5310
23580
76320
23130
3420
82530
89820
36450
70740
25020
8910
70290
33390
84600
13770
56700
23940
19530
97110
71370
97110
21600
80730
75780
92340
73080
68220
7290
64440
27900
49680
23850
99180
94860
72450
16740
37980
85860
7920
39870
73260
32130
51390
64620
52200
64620
81450
89100
83520
4140
94680
74880
48690
78120
18000
68400
17820
27180
59760
66420
97470
65070
92790
58050
55350
36090
28890
73170
22500
30870
76680
67230
21780
44640
44460
37710
35100
57240
42120
49050
80640
46260
3060
43560
23310
89100
90810
88470
84150
40860
83160
74520
15480
31770
30510
86130
73710
59760
60120
17550
59130
60840
91170
51390
50400
76950
79290
88740
80460
25830
65070
61200
59940
90450
29790
59760
96570
59400
92250
28350
65070
80100
17550
27360
17820
91710
32490
20340
63360
56430
28350
14310
30330
86490
89190
40050
97920
89280
85230
81450
49590
63090
87570
47610
71010
1170
95400
50580
25920
44820
92430
6120
75600
70920
65880
31500
22410
85770
81990
80370
43290
68220
38970
94860
47700
60660
26910
25560
58860
42660
97020
43650
88110
48330
96390
15930
51480
63270
51030
35820
55530
16380
84960
96210
83970
85500
12780
82350
25290
22950
33570
6840
73080
79020
68130
45450
32670
18990
36000
48240
32940
84960
46620
60480
87120
82710
95400
54900
56430
34290
94500
17730
83250
39510
27090
66150
33750
93420
16740
58950
96570
12510
41130
68310
86580
11970
92070
78300
78750
75600
34470
44010
6930
63540
76320
57420
59490
79920
56430
20340
68400
95130
62640
22500
74160
85140
72630
70830
33660
88920
25650
90900
23220
87030
93240
47070
44640
4500
75870
10710
41130
97020
70830
68220
66690
35730
91530
990
73800
18450
31860
62550
88830
55800
28980
5040
91890
75870
98730
7740
46440
36090
85140
24300
33390
12420
8280
3240
99720
39600
27090
18000
61380
97470
92250
42300
26010
87210
35100
60120
76950
97470
52110
5310
35460
5310
35640
31050
77130
17550
10530
49860
7920
12690
95850
96840
90900
52560
37080
9630
9720
9450
36720
23220
69030
270
91620
83340
56160
68310
59040
24120
34920
63540
31860
30420
1530
34290
41580
9630
92970
49050
33390
79020
30240
5040
13680
27360
61740
97110
54540
51570
92430
33300
21150
84690
83250
47250
38340
70200
77130
47790
21600
3330
88380
44910
44730
31680
89460
10350
35910
83610
69480
94680
58860
51390
81900
21870
16470
65340
16650
1440
56430
24120
57240
5850
87480
95490
59760
19080
50130
27090
30330
90720
36270
36270
82710
69840
52200
34740
56250
80550
74610
9630
65790
48330
99090
82530
68850
92250
59490
66870
75690
8820
57330
85410
79830
22500
92340
22860
77130
11160
26910
59670
94770
75150
86400
32040
58950
36810
15120
89730
74610
20430
58590
72990
75600
19890
6300
69300
41310
90630
89010
11610
87660
16020
94050
64800
33570
1080
9270
12780
49590
81450
9360
59670
87030
11070
10710
16560
63990
73170
33660
85680
31590
10800
85410
17730
56880
68310
48060
1530
63630
21780
25470
90810
10350
45540
36000
44370
51840
40950
15300
12240
12420
62640
86310
27720
26730
94950
32940
90180
28170
25110
71100
76140
2430
61470
540
47700
8190
46260
29160
19350
86040
30330
8910
87660
90990
20880
14400
18630
67500
18900
21240
97560
32400
85410
50400
3600
360
3870
4500
31680
88290
70560
6930
97650
59490
80010
34020
52290
91440
7380
66420
83970
27360
96930
39330
77850
15660
4320
74880
24750
3600
24120
98010
67500
50580
40230
66510
15030
54000
30420
43920
69570
39870
75060
22680
38160
32490
69750
64350
5040
72540
88380
2610
75420
35280
2160
37080
16110
11790
58680
17280
68400
43920
7380
21420
3240
36090
40320
68670
32310
77130
3420
33930
7380
1800
7200
16020
32220
28890
1350
41940
88650
30870
24840
45630
98730
33390
95490
14310
26820
27540
73260
52110
56430
80460
68850
98910
59760
67950
53460
19710
96930
13770
58770
57240
83610
10350
13230
82980
22590
81900
1350
77670
46260
76680
1170
75420
93240
25290
77940
81180
74700
42660
85050
86940
70920
14400
65700
95130
10080
15300
37080
3960
37440
38700
92520
28890
50850
33930
29700
65880
84240
37170
8730
74970
55080
73890
83790
33210
53640
76770
64800
26820
95760
19350
73440
3960
94500
39330
26730
74250
93600
72900
46260
48510
18360
13050
4410
68760
72540
26460
35730
36540
79650
96750
64980
270
23310
42120
2520
76500
83790
33210
59940
900
54720
88380
65340
89730
61380
8010
98640
74790
98010
1800
36450
8010
17010
27720
65520
67770
27810
31950
33840
4140
30150
66870
7380
57330
56430
17820
41580
52830
97830
94950
27990
95130
55800
9450
39960
77130
26010
42660
5130
38610
44910
91980
15840
53100
32130
21870
35640
28530
77760
27990
91710
9900
23490
37620
59670
73080
99810
41310
12600
24030
720
55530
68220
6210
59850
10620
18450
37530
45180
95220
84240
8730
66690
90540
35280
50220
20700
25470
62820
29790
66780
60570
61020
14400
95760
11970
91800
11610
45000
3330
91260
5940
92970
77490
27540
72540
55170
89910
180
19260
14400
30960
64710
23040
79110
1260
57060
10800
11970
64710
12780
36000
77040
85860
41760
48060
84960
15570
7020
32310
36090
59220
53910
89910
72180
75150
22590
72000
63810
13320
96210
77580
95040
59580
77130
99090
10800
1530
65070
83340
59490
14130
68220
94590
59850
34290
69480
60480
97560
6660
35730
79560
1260
27630
71190
3330
42480
81900
71910
77490
67140
13140
4590
12150
22050
33930
36450
38970
16110
26640
5580
3510
83520
38160
98190
55980
49860
29160
84510
2160
54180
27810
85590
62550
7200
23760
10620
18450
59760
77670
96480
84240
72450
65610
18720
22230
11790
58140
65340
95850
11070
32310
26550
13050
54990
74070
360
92880
74970
36720
67950
12150
18630
15840
33300
86760
93690
48690
18180
19980
83160
25290
6210
70290
99180
76680
71190
48510
10620
92430
24570
62190
49140
22410
58500
82170
41400
16920
80370
92160
50940
77580
25020
92070
7470
22500
54360
43740
66240
65430
45720
99900
85680
5130
42210
28710
20070
15930
43290
92070
44280
11070
49860
7200
79740
64440
95310
46530
66420
40140
6030
81090
25830
6030
23580
6660
97830
95040
44910
57690
60120
99270
8100
18810
67500
95130
35010
64530
1080
41850
43830
11700
67140
27270
26190
5490
27000
2250
69840
61020
59310
93600
78300
72000
91980
4770
79920
86220
85500
4950
22860
81360
20880
30780
75240
87750
33840
52200
53640
47880
4230
45180
35640
33930
35100
39420
95580
38970
32220
59220
94140
9270
64620
39240
89190
89550
2970
50040
28350
91350
79290
16020
14130
29340
45720
83700
91260
78660
73080
92250
14580
21150
95220
35640
25200
69210
34200
93150
21780
43290
95400
61020
31320
68760
39240
79470
27720
86670
450
44460
1440
71910
11520
77580
62010
46890
84780
62100
30600
68760
92070
16560
48870
27000
1980
50400
29340
20610
8010
45270
57870
80460
1620
67320
41670
26460
17370
1710
43920
62460
18450
67320
2430
40050
32490
88650
73260
48240
5490
48060
42210
90900
82890
31410
50760
27810
21060
86130
40860
84690
20520
82260
33840
58770
51660
98460
90540
25020
39330
74970
65340
30780
10080
2070
19710
27450
53370
99180
84240
37890
49950
99270
15120
26190
58410
65070
67590
71730
8190
71730
16110
73620
31770
10980
27450
13500
47610
58590
90270
51480
49950
63540
29250
91440
58230
35820
42570
42840
51750
79650
62820
29610
44280
59670
80460
83430
11160
8730
48690
58770
57870
79200
96120
5310
65070
30330
65160
5490
38970
26820
5940
30330
99000
47880
80370
73080
7740
39870
17010
52020
37980
12420
51390
66060
34650
42480
51660
85770
70920
95850
1530
24390
56430
75690
69480
97110
35010
68760
7740
59850
4500
47340
69750
12510
92430
47340
93780
68490
35730
41850
89460
35100
87750
20430
77310
19530
76950
20790
68400
11880
21150
62910
33840
96300
83520
97470
44370
88470
67680
74070
90090
75870
50760
84150
63000
26640
14940
32310
7650
96390
19260
33030
29610
84420
20880
84510
29880
44370
31050
93150
16290
16020
44370
900
2160
83700
360
34290
82260
12510
86040
55890
70920
21240
6300
65340
72180
41490
81270
41670
57060
71190
65520
91980
53820
64170
97020
33030
64620
71910
21510
21600
6750
31770
33930
16380
11700
19170
1800
85590
66330
17370
4590
21330
6300
75330
52740
85050
36090
32220
4140
44010
38970
79650
70830
93330
5490
43920
41580
15930
3420
79920
81000
22950
2520
2970
93060
73980
37620
32670
79650
9180
46890
23220
56250
5760
43380
79920
41850
44820
96120
6660
96480
97560
75690
30510
14580
20790
10980
61560
83610
79380
27810
67230
51660
21510
91620
67770
82530
10350
23850
69390
57240
81090
68490
96570
58950
82980
35010
88110
54990
57060
14940
91980
60300
9720
43020
9180
35370
70200
43740
12780
91350
63360
58140
97830
51300
31680
39870
57060
49320
30240
8370
33660
42300
63090
85680
86490
12420
22230
13950
38070
12330
21600
56610
44190
98910
49410
7560
76410
34020
15300
94500
88830
91260
96210
64170
94770
20880
39510
75150
78120
36270
83880
41580
76230
89910
38880
52650
34470
4140
97740
78120
80370
12150
7020
70740
66510
75690
79470
18630
74520
52830
50040
74970
76050
47880
56520
12420
77400
74700
62550
34290
80460
1710
54540
27270
24930
50490
89550
96300
85500
2520
58860
63540
5220
1440
49590
55530
75510
29520
89730
4950
8460
11790
50760
54630
1620
55620
19800
62640
37440
33390
72630
7740
63990
98010
98100
79830
38790
96840
12240
98730
87120
75060
79200
45540
85410
50490
82800
37530
98460
28440
32400
29880
24660
13950
18900
180
2070
84870
26550
73080
26550
810
91620
38610
48420
81900
99900
0
2700
87660
88920
12600
47070
27810
15480
51840
65070
98190
35100
54180
10080
38700
35550
99540
66330
53370
14850
48060
72990
89820
49680
68220
46980
52830
57150
990
64170
97110
26640
74520
49500
60390
86130
67230
69300
19800
51660
63450
75960
450
9810
40860
46620
70650
74340
40500
89910
68490
10080
4140
30240
63720
12510
15210
49950
11070
76140
74880
66690
24030
62100
92520
18900
73710
42390
38610
95490
29970
13500
10080
55980
32490
4680
25380
19530
78390
50850
6570
42390
57690
92970
72090
60750
78030
38070
20790
5850
6480
54360
83340
52650
72630
89640
54270
73530
98010
59760
61470
85590
50400
10080
180
55620
52470
30240
19710
93690
17010
41940
28080
2520
46710
23580
25920
74880
59580
89550
23940
73080
17010
28710
83970
79380
38160
22770
9270
54630
72000
32940
87660
67230
28530
69930
63630
57420
68040
69930
10800
90270
67500
48960
92520
26460
83340
68850
29160
83880
84510
97380
37620
87390
92970
38880
66600
6840
22680
58860
84420
66600
69300
26820
98280
63360
40590
77580
30240
64620
71190
64620
23220
28980
2070
78840
49680
29070
24390
96030
3420
42120
34740
44640
74880
35550
37980
27630
74880
95310
20520
31500
80550
25740
33570
4770
54990
29520
66420
11340
6750
74520
12330
26370
11340
84150
83790
75960
30060
25470
94950
69210
98190
9540
52560
71640
13950
64350
35370
88470
31050
36720
54630
16470
49950
17910
14760
43920
10080
33660
78300
32400
3150
9720
94050
51480
93240
4410
19080
51480
72360
3780
36540
38070
29340
58410
95400
93600
14760
1620
36180
31230
69930
65880
36450
33120
32940
33930
1350
78570
85860
22770
14310
6210
1890
93690
38520
5850
38790
5940
45900
52200
15030
97650
49140
4680
58410
45270
60120
79200
61650
83520
97650
18180
17910
41220
18270
90090
40500
39420
20610
58770
61020
32580
64890
27540
13410
35910
12150
63090
540
44370
87030
66240
46080
48060
66870
38520
11790
37440
72360
95670
64170
16200
88830
47790
17460
96660
8370
92790
450
1260
12960
1980
32400
43740
70380
5220
24840
85680
89640
82260
93870
47970
91710
65250
27360
25560
30510
67590
40590
26550
41580
85950
69840
43650
86580
89910
80370
91710
80100
89550
14220
51840
64530
62550
78750
10890
7380
1350
69210
49320
90180
40500
94680
99720
35100
99990
92340
29700
46080
50850
94950
84510
42930
57690
89460
51390
78570
2610
96930
1260
54450
67410
22500
85410
74070
85770
9900
75690
48690
23130
32760
52380
85320
51660
37350
62460
51030
50490
7560
31410
33570
3060
89820
4590
98370
49680
90270
5310
40770
86940
81090
33390
64710
42300
32220
270
15930
40950
34110
69390
41040
42750
59400
22230
19710
87570
22680
85320
79290
32130
8910
38160
70020
23580
26460
93600
69210
16470
52470
62730
31680
13950
22410
15660
6300
86220
77490
19710
99540
96120
38340
36450
4050
450
53370
85590
21600
84780
92430
54090
42300
47610
23940
8460
19710
37980
72630
52380
99090
97110
53280
43830
82620
81180
59310
89640
51840
82980
38520
48960
61560
76770
84240
1260
77940
34830
39600
21420
35100
63000
19530
33120
8910
19980
38970
86310
99540
71820
45540
33030
74430
94590
40680
59040
77400
43200
38160
20430
56790
18900
61290
990
37170
84690
21060
27990
76770
40140
55530
71730
80280
85140
31050
44550
65430
71370
15210
88830
94320
63180
46710
98730
28170
17370
81270
62820
61290
68490
92880
16740
48870
14850
74430
14220
82980
9270
38520
91800
60570
85320
69300
35730
2430
9180
52470
33210
55440
6750
73620
8730
71910
72360
68940
41040
12870
52020
56970
27000
73800
72360
40680
86940
16830
17640
1890
39600
11970
40230
50670
52290
33840
17460
48330
41580
36450
450
92790
91530
37710
43200
96210
73620
67410
9990
14040
8370
67140
78300
28440
92340
50850
22950
54450
45270
35550
20700
61920
10620
98280
8550
14400
99360
88830
44100
27810
25380
39240
72990
29520
38610
18630
58770
99630
77760
56700
71190
70650
94770
54540
76050
75420
17460
77850
50040
77850
29790
21510
86310
67230
66330
9720
68670
60840
11610
81360
61020
52650
36270
17640
40500
41130
19170
74250
83070
17280
94590
95220
90270
59940
60030
52290
42390
84330
810
21960
4860
28980
52020
20700
48240
23040
1260
60570
45990
74520
2610
57150
76950
67410
43200
17550
96210
29340
56700
28260
87300
35280
57330
91530
47610
53100
59310
42030
93780
78930
1260
97110
28080
97740
7560
6930
66960
72360
62820
99090
9270
93420
66870
88020
10800
29880
63360
50310
17190
630
30780
80730
34020
3960
84870
54090
22050
49860
81540
54000
57060
50760
58770
25920
66510
18450
16740
11160
45630
4590
36000
11700
11700
21330
26550
85500
74700
7200
60930
88740
33480
76860
35010
78210
47520
3690
36450
70470
72900
83880
49140
86220
5760
38610
98370
33480
7200
51750
39420
53820
74070
50490
69480
62640
1170
27360
54450
56790
39870
24570
30870
64260
48600
51750
99900
74880
95580
41670
81630
14580
96750
67140
33930
81900
88290
5400
37260
30690
18450
93960
25290
80730
58050
90
46890
62910
73080
2880
82440
54810
79290
52740
35460
86580
14490
9000
15390
4680
36090
31410
49410
99450
49500
1440
42840
82980
8640
3150
76770
62100
50670
28620
92970
27000
55260
4230
22410
63810
68760
82350
28170
98460
86400
96480
27810
71550
64260
73980
52020
56070
71550
48600
48960
1980
22590
48780
41220
35100
27810
45900
33840
68220
69210
6930
72540
45450
59040
74430
6480
74430
23760
97470
13950
56700
80370
35100
80460
98100
67140
67410
41850
49320
36000
37800
11340
34920
8910
94950
18900
18090
91890
54450
77490
48690
84870
81360
99720
79920
74880
48870
5130
58860
1980
59760
81000
95040
68580
62820
92340
17820
84150
57150
57960
9450
76860
66780
85860
59400
39420
94860
11970
33210
44460
90810
21960
27990
11970
12960
6750
97200
49860
99900
37980
90180
16560
37080
80280
36810
90
23850
51120
3690
28260
35460
30510
72990
65160
78390
45720
6660
62370
80730
38790
360
27810
26730
14670
88110
51660
31140
51840
23850
55080
17280
46800
50850
64170
56430
38250
58860
20520
25740
3780
73350
89910
25920
5040
29970
29160
91170
6210
24660
9450
87570
95850
26190
53010
97650
85590
42840
61740
59670
76590
8910
9090
89640
40680
76410
97650
17730
2880
95940
12780
22050
3150
2070
22410
99990
13590
90090
76140
87840
4680
53190
20970
180
97560
63720
26820
84060
38610
66870
6030
38610
20520
83340
84420
85230
61740
49050
73350
85500
14040
16470
98640
57510
67140
17640
89280
60480
24390
54090
61650
60570
42480
17010
38610
97290
89910
50670
84510
32940
54540
68940
79920
48240
9540
28170
34290
33750
54000
29250
44460
96030
9810
67770
61200
93690
64440
96210
58050
80190
43470
51120
67770
54810
19080
24480
90630
26460
98730
69120
94410
79560
32040
3150
7740
33660
1260
32040
71550
48690
90000
33570
63090
82170
27090
69480
18990
48060
98280
62910
41040
1800
62100
33480
92610
86670
63180
70380
15300
59130
23130
87390
93870
38610
49230
98280
48510
37080
53370
95940
89820
84240
48330
92970
7290
96030
76500
1980
48330
82800
16830
69660
29340
99810
27450
95940
29250
65610
94140
86040
40860
12690
41760
25650
46620
54720
31230
82080
86130
80460
55620
91890
55260
79110
8010
37080
35280
34920
33390
90
84150
29970
30330
3150
33300
45000
79920
32670
60030
97920
9810
57510
74520
68310
34560
71370
27000
52470
23850
39240
84690
48150
56520
95310
23310
80190
27270
63090
89100
36720
51300
79110
80730
42300
90450
41850
70020
900
49140
22410
41130
63630
49320
95040
56700
85410
82350
57960
51300
29250
20430
32040
48780
6480
3510
98550
3060
98640
59040
54450
20700
4860
60750
74340
10080
57150
23760
48240
83700
44820
91440
30780
11430
82890
17550
82530
92790
52470
89010
55800
98370
87750
69390
35910
73170
0
93420
70020
71730
84150
47610
8460
58950
55980
71370
15210
11070
70560
81540
45090
48240
26100
68400
8820
89370
14760
69210
58770
900
83520
30240
82080
54720
80820
61830
55260
53460
82170
2070
29250
53640
26550
1800
17370
82260
90180
75150
40140
47070
63540
77040
48150
57870
6480
31950
17370
36450
92070
16650
55440
36540
72450
86130
25110
4410
76770
96210
5670
1710
87750
48780
42030
38160
53190
68670
88110
55710
90360
88830
96480
56970
88650
70740
1260
50670
31500
64800
42480
19440
68130
47520
15300
9900
540
95130
46350
36720
37620
85680
97110
97920
36990
30690
18090
83790
23310
4590
82170
86850
50940
33570
12870
30150
97920
89550
73890
51930
3510
26010
52830
94140
31230
80820
53010
10080
10980
98640
11520
11520
8280
52380
33750
10260
84150
8550
15480
55710
54990
91890
23310
6120
1350
88020
14670
49140
95760
34110
90360
82350
68490
94680
41490
64980
30150
97830
70920
50580
63270
90450
64440
54450
84330
81990
39960
87210
58140
82170
24390
78120
39870
88380
84690
3150
25560
98280
22410
87840
630
64800
77130
70650
92610
94950
84420
43200
1260
91170
40680
98370
36990
44100
3330
24930
85950
62910
80190
59850
24750
990
51030
53640
85050
51930
67050
92250
63540
17550
64350
59670
50130
540
56970
80910
7650
58590
47340
28260
35190
23040
74430
9630
52740
53190
26190
13770
94860
76770
80010
4590
45450
1170
25830
82530
58500
83520
58770
17460
40500
78840
29430
30690
53550
93150
43560
88110
29880
20430
39240
53910
95130
72990
3960
80100
49680
85050
14130
47070
59040
86490
62640
63450
15930
22050
48510
13950
45450
14490
86490
77400
78930
50130
51120
33030
36540
83070
41490
73080
8100
3420
59670
79740
25110
75690
72630
69300
1440
49950
45270
19440
47970
66510
89370
16380
82080
38880
50220
15300
71910
5220
96120
69210
7020
6840
71190
57060
23490
95040
70740
10890
72540
56610
93780
13140
1170
11070
34830
80370
47070
89550
82440
28980
26100
56520
60120
1980
2430
30510
58590
90900
46080
59400
4680
58140
37710
86760
57780
83430
40770
14400
15570
5220
27540
87750
77400
41940
59040
14670
94140
22500
26550
30690
5040
76320
13860
31320
67230
1980
80010
83070
51300
99180
29340
97920
83700
60570
34830
57870
17910
35910
21240
87210
39150
82440
28350
27540
7920
47520
17190
6660
42660
1080
16200
84060
10890
9630
76140
50400
90360
83520
94680
65340
95310
62010
50130
67590
54630
82980
3330
43830
84510
5400
66870
22050
1260
88200
56880
56520
30780
19260
82530
7740
26820
18990
48510
96570
95400
37890
78660
73170
96120
12240
43470
61110
39960
23670
89370
78120
35100
30780
65520
29250
65160
88650
52560
32850
27090
13050
55440
52830
72810
21330
38880
90630
81450
42300
51030
48690
96570
8010
57330
96300
92970
47880
74880
17100
33210
5850
0
80730
71370
1080
89190
19710
38970
71100
77670
50130
91260
82440
51660
16650
92970
84510
16560
29880
84060
58320
16740
97290
54540
85950
17280
72180
5400
67230
83250
79920
1440
80460
78930
35010
62370
2160
48510
55620
21060
23760
66690
36360
69390
42210
26820
63450
59220
84690
57600
87210
48510
94860
44370
89190
77760
11700
62010
71730
37530
64350
20520
6840
92430
77580
81090
31320
66780
35640
31140
12060
10620
25650
61470
39240
18990
97650
90630
33210
36810
55710
15660
77040
40050
55080
14580
28800
16470
48240
31320
66510
60030
95130
38160
90810
10170
84870
90810
76590
1980
13230
34650
66150
23940
59580
95220
43110
11790
72450
17010
96120
27990
6120
61110
27360
3150
56700
19440
77310
27630
22860
83700
49680
29970
21330
73530
97290
10350
29700
94140
68580
77490
37080
88020
38610
63000
37980
84870
55530
10080
32940
44280
25470
23850
86580
24030
7560
26190
86580
43110
83700
48240
46710
10890
77130
14490
76050
13860
17280
64800
96390
93510
88110
45900
60120
54000
2160
95580
18180
60930
29880
97920
54360
61200
70560
88560
3420
26010
36630
24120
57240
41490
33570
65430
25110
18810
56430
90900
80640
11160
93150
98370
83520
63000
90630
43920
57510
96840
94680
49320
4050
46890
72180
37710
63450
56610
19800
24030
70740
51840
88920
33210
7200
5670
94050
78840
62460
11340
31500
42750
56160
86220
8550
58140
24660
32850
34740
29520
86490
9720
9900
23670
73800
180
28170
55980
11970
78030
83430
69930
76410
80460
76590
31410
9450
38700
71100
98640
46350
7920
9360
50940
58500
83970
82080
76680
14490
8730
86760
42390
97020
4950
9540
84510
38790
3780
76950
70650
29430
28440
87570
45630
15300
87120
95040
85230
54630
43020
84150
540
83070
25380
39150
6480
26280
43740
77400
31680
83340
69120
26910
75060
74790
42480
61650
94410
40680
6750
65520
90900
45720
35010
74970
68580
10260
42030
16020
98100
55620
22680
41490
83700
33120
96750
21420
7920
77220
91800
72720
78210
84240
81270
15210
40230
81630
80100
9360
61380
52740
16830
17100
21420
63540
86130
14580
25830
92160
48420
75780
20160
92970
77130
83790
85860
1260
85680
32310
74700
29070
61200
11520
19980
85050
58320
97920
5310
53100
94950
55170
84420
53640
56160
32580
70110
55170
43020
17910
51570
53370
68040
23490
66600
45090
71280
24300
46350
85590
45990
5040
34290
19260
13140
89460
45990
77670
39600
13410
52380
35640
42300
54630
7290
13590
4050
56160
42210
42120
72450
37710
64890
57510
31500
85500
17820
84600
31230
78930
36450
14940
12870
61650
44820
17550
53460
46350
50490
4410
56700
84420
61830
53550
9090
92250
76410
73170
60030
39330
66870
61380
35910
60840
25290
89640
9900
97020
7830
57420
15030
33930
35190
88020
75960
95670
3420
74340
47160
91980
34560
67410
33030
93780
27360
13860
36810
51840
79650
48330
19890
45900
26550
74430
84690
49860
11340
15570
52650
67140
15750
80820
22140
64170
45090
44010
14130
25920
25380
58680
25020
31140
92430
82350
64620
32940
43110
55890
36900
90720
17190
5670
46530
67950
17730
70830
19170
94950
26460
95760
63450
81630
90630
86400
98010
16740
61290
32670
76410
77310
8010
3420
49590
3780
34830
99630
23310
21960
1530
66690
30420
45540
50040
27270
89820
29340
91710
93330
20070
86580
75780
9720
19710
13320
4500
67320
51210
41490
84960
51030
19350
450
95310
78300
21690
1170
60750
68130
57960
89820
19170
96210
31050
23400
53010
38250
61290
57780
99990
81630
82080
87930
42750
16290
83700
54630
14670
3060
17820
59580
74880
89010
3420
48060
99270
26190
11790
18180
17100
86850
21690
91620
26370
21600
45450
94500
90630
53460
51930
83970
47070
96750
66060
98910
47160
36810
66780
52470
86580
65160
91620
15300
64800
8730
12060
24660
12240
13770
39960
71730
38790
1350
71100
61830
37260
97470
39780
58590
90270
50490
93870
15390
450
66330
10260
70920
53100
58230
40860
59940
77670
2250
55440
74970
62910
66780
4680
810
45810
64890
39150
14310
30780
65250
14940
33210
92700
64530
97740
61110
54360
81000
73710
88560
83340
72450
77850
55530
25650
69480
43740
54900
80460
40770
73440
16470
88560
22860
87840
12330
62730
19890
17460
6210
53460
89100
9990
73080
3150
12150
83070
19350
98370
39600
63360
72630
45900
37350
64980
28530
99000
10530
67770
79650
51390
51210
56340
60390
73620
4770
10170
42030
33930
83970
64620
39420
48870
41040
1170
28080
97290
23760
8640
88380
72630
3150
17460
72990
35820
28800
8640
60570
90450
77220
87840
94860
360
25470
21510
41490
94140
2430
43740
46890
34470
63000
75780
64260
31410
50310
24210
40410
85140
56610
48240
57600
14850
75510
14940
12060
26820
67320
6120
84780
90450
28170
57870
76500
96840
47700
14940
16740
80820
76770
90720
96120
36180
23760
31230
5130
1350
10980
40590
80190
63450
38970
15930
57150
33210
14580
42210
50580
64800
94590
27720
90180
41580
41670
1980
45450
1350
32130
90
9900
31140
43110
9270
31500
53100
98820
65610
43380
25920
40140
78390
39420
28800
16200
50040
41760
86220
50850
71730
28170
90090
65250
0
62190
64800
70830
63900
25290
77040
49050
16920
32130
48060
64710
75870
98190
21330
78210
65160
39330
41670
45810
86580
55170
40770
66960
1440
78660
83970
40860
79200
69480
74070
28080
14400
13680
87030
1170
36360
3600
59850
35280
97560
80370
71550
43560
36810
14400
25920
31140
25830
12600
81720
83970
23310
44640
32220
9810
77670
94230
14670
96300
68130
27450
60750
84420
18990
87930
16470
62550
71550
46170
75240
69300
88290
31410
72000
51570
60660
34470
40320
55620
15120
71370
9720
36090
27360
16920
68220
65070
63630
33750
48510
52290
52110
62280
55080
67950
1530
92340
97740
8640
85500
51120
22140
59670
35100
73980
74340
17370
5310
55260
80820
69300
48780
2340
72990
70470
43200
37710
53370
95850
20610
60480
95850
42030
4770
36270
92880
3690
33300
17370
48870
40230
89820
23940
15210
12600
10440
42930
14400
98910
41490
54720
71640
50760
15930
30060
64710
56880
53730
31140
48600
4320
97650
47520
99270
70290
73170
70740
88650
58500
29700
38610
36000
4590
50310
58140
5490
27810
51840
30780
93150
51480
63180
34290
59040
78840
39960
76680
72360
26010
85950
36450
1620
27090
98640
49050
30870
45450
99990
91530
42930
79020
91080
63180
91620
48330
50580
30150
2970
90000
43290
66420
9810
71640
9630
20520
31410
82440
50310
68580
60120
72900
34110
74610
87930
53190
36990
4050
37440
46440
24480
69210
3060
79830
83340
46080
5130
8100
27450
68130
55980
82170
83250
94410
7740
11160
60480
93240
14490
72990
50400
30420
99540
53820
37620
68850
75420
38070
70560
74610
43290
94320
16110
87300
26550
99630
48690
22950
99450
14760
95310
38790
14310
7560
5400
51300
74340
7470
52020
90810
91980
50310
56700
14400
31860
56880
94950
9630
51210
79110
16110
31590
12420
28800
81990
37800
10890
35820
12510
65250
74430
39960
21420
50400
73260
92880
38430
42750
51120
41850
89640
50130
54630
87300
72990
93150
73890
45720
83880
64890
51300
77130
81720
34920
61290
63360
60390
16830
19530
27180
3240
21960
85320
41400
53820
28260
27090
45180
87300
74790
18180
22770
26460
6570
51030
6930
82890
24030
62370
81090
80820
93150
59760
34560
57600
42570
80910
49140
89910
87210
25560
67860
1800
49680
20340
86310
36630
48150
3060
4950
71190
59040
12870
49770
94320
93870
77670
450
44100
96300
54360
82800
30600
75510
79920
75150
2970
18000
58320
30780
39870
93690
90810
27540
16110
85770
51210
49050
16920
13230
67050
60930
7650
72360
3960
58050
94410
66510
71190
86580
55980
49770
22230
28980
87300
99810
71550
49500
59400
83250
14850
73800
28800
50670
81990
96930
31140
5580
13230
10620
56880
74340
23760
9180
30780
63180