250 10000
7110
44730
61650
69300
41130
33300
26640
92160
38250
63270
37530
93240
56700
42570
54000
30060
20430
88920
91440
1710
55260
14760
23220
95940
15840
71460
97020
30600
96930
82800
32940
80820
36630
90990
54990
64260
93420
62910
41040
11790
22680
91890
50940
62370
96660
25740
69750
95130
8280
4590
11700
2070
40950
8730
3780
51750
42300
87930
51300
40230
26370
56160
19800
59850
62910
7470
40500
39150
39780
35460
27540
24480
42570
10800
48960
11160
43650
26730
8910
26640
41490
93600
57420
18630
27180
50760
61920
14760
3510
92070
68580
92970
58140
13680
10440
87210
18720
1170
6750
72180
76230
87840
95490
38700
51750
24660
50220
11160
50940
84690
56160
65970
63360
77940
48060
35820
12240
18360
43470
990
5130
8550
26910
32940
65160
30060
82170
50670
20880
38610
32850
93780
33660
15930
8640
78030
43920
17730
51570
80550
97830
56250
38700
46980
2250
35910
44370
37170
77400
38250
76860
25650
8820
97200
40140
66060
57420
50490
10800
19800
57420
10440
79380
88830
85770
36270
3600
45360
48060
6480
36090
85140
14400
27900
75960
91260
23760
5940
92970
61560
64890
56430
44100
66870
47250
33570
19980
3780
91800
28530
82980
93150
97830
80010
55350
33120
86400
73800
20880
56700
99090
1530
90810
42570
79470
2880
80100
78480
75600
98100
19350
69030
99720
78030
99540
59760
1710
28440
31770
74610
5310
69390
4680
44280
44640
41940
26010
15030
45630
54000
4590
19620
82080
74970
3780
71550
44100
70470
55530
73620
69300
65700
58410
89100
26460
49140
8730
34200
31230
96300
48330
12420
88740
20790
69210
15480
27810
80820
17910
6660
52740
49050
86130
59850
90990
36450
32580
68850
63810
85680
15030
90090
96660
95220
270
90000
80910
630
43650
4140
4770
87120
37440
44460
39420
44280
82170
33030
77130
93960
37530
71280
65160
93960
19620
53100
98280
2160
67860
82080
98820
28710
68310
86760
10080
86040
81990
55080
46620
45720
38700
85050
20970
34740
26370
23850
40680
5040
89460
13500
720
57780
18900
90450
67770
77130
34830
70470
90720
42210
41400
95850
48960
75600
64620
36540
35910
55080
16830
22140
92070
25560
62730
73530
9720
31500
81630
42210
36360
74880
89190
35280
86490
44640
22680
3330
27900
72810
54000
62100
84240
12510
74160
21510
48690
30780
44640
3060
95220
20160
78750
6660
15750
0
59220
63630
81720
80280
15930
39420
23940
26280
87300
28350
5130
71370
61200
19350
0
58050
56790
24750
92160
93600
99180
56430
69840
88020
73620
99270
94050
94680
41760
47790
92070
12420
94050
6390
62280
38610
76230
55800
34920
92250
79920
93420
94230
82530
37260
18360
72720
39330
16110
91350
93600
53370
900
45180
6750
28530
84780
62280
41580
18180
13320
92700
3420
71370
92610
83250
92700
49680
87120
96390
92970
84330
92340
11340
24930
93690
69660
68850
35820
30690
86940
86130
62280
94860
22860
68220
54990
56340
12510
14940
49860
98640
89190
81540
76050
91260
76410
68400
38250
30240
21780
73170
91350
27630
97560
61560
73260
29430
62280
51840
12690
73890
41400
74430
69840
40320
65610
16020
2070
2160
92430
10530
67680
93240
87300
61560
50310
63360
76950
630
35460
21420
8190
8100
87570
16110
86400
9180
68580
13410
91980
7110
55170
26820
93600
3960
13680
74430
90180
94500
83160
22140
43110
60030
45090
43560
35820
17280
64440
19440
57960
18900
97020
93060
20880
49050
55710
79650
64980
18450
29970
22770
9720
84960
9900
49410
57780
98640
46530
17190
37530
95040
56250
38250
42570
44730
41310
36000
54000
14400
9990
81720
92880
18180
33570
83340
70740
40590
9450
42120
2250
53280
81900
43020
3510
180
38070
66510
9450
25650
75870
59220
86400
35730
19170
54810
69840
78120
30510
55890
33570
30150
24930
46080
22770
92160
54450
88650
14130
87930
22860
97110
18090
75240
68850
1530
11160
99270
90630
45540
61200
52020
20430
8820
65880
78570
69570
71820
36810
54540
78480
74430
34110
68760
85050
61110
54180
8190
97200
37710
2160
40500
14310
68760
28170
40500
52380
55440
37710
61830
1800
41760
22860
84510
18990
55170
12240
81360
42120
31500
54180
85950
81900
21690
48330
11520
1260
8550
63990
15390
16920
80280
77760
96480
3150
19620
52200
77850
15840
2610
9810
11340
94050
18630
13860
92610
85770
54990
80370
3060
78390
87660
17370
95040
80550
48240
31140
43290
25830
62010
90630
23040
50040
70110
10440
98100
92970
16290
36450
63090
450
64170
46080
63630
55440
98730
15390
38700
16110
26190
51660
45810
9720
11430
89910
35820
10260
78570
99900
30510
44640
73080
11520
64530
63450
83970
5220
52020
69570
38160
93960
61920
49950
60480
31500
53550
88740
72990
39240
37620
7560
12150
52110
36720
95850
81090
27630
89820
37350
34650
76680
1530
41580
2880
24840
84960
46170
93960
23220
76320
49320
96570
23220
49230
73800
55530
45900
65250
87750
97380
19800
90360
98100
2430
21690
57420
10170
72990
18810
15120
58950
4950
58230
53460
86850
3960
10620
49950
68040
20970
58050
47610
76680
65430
900
4860
90000
85860
24120
3870
82800
64080
16650
50670
60210
57690
49860
87930
75960
18450
89730
20160
29070
13140
22680
82260
89010
73530
95400
89370
16380
15930
85680
42210
97200
62910
77040
59670
67500
29520
55080
78210
93960
38160
89730
98550
1710
20520
40320
78030
99630
84510
91080
46080
91440
67950
80010
79740
95850
23490
66240
75240
71730
92070
83790
99540
22140
88290
56430
50310
90
540
3780
1440
39330
9540
16380
78750
94500
55350
7650
72000
70290
22860
69750
1260
67320
11970
94500
63270
23760
1440
82980
94050
56340
99990
95400
37800
21960
89550
46260
59040
59670
83520
51390
48240
97020
5940
77220
45990
53100
31860
67860
91080
50130
89820
1980
65160
39960
24570
9270
23400
57960
54810
96030
39240
75510
75510
93780
39240
59490
26550
58860
34650
8370
93420
33030
37350
83250
48240
94050
23760
95310
53100
71550
20970
6930
29520
24750
53190
83520
50760
63450
49950
44460
91170
99270
73080
83880
90000
78480
80550
93960
44820
94140
23490
16110
6660
70380
28440
83340
43200
77490
45540
21330
98010
2160
92700
75870
59760
57150
58410
16290
11250
50400
39870
55800
94320
72000
21420
3600
17010
41940
34650
12780
62010
42030
43560
97290
41580
90720
28530
11520
90540
46440
68310
84960
10350
17820
8280
15210
1260
64260
91890
39240
36720
1800
42210
51210
57600
29700
18540
77130
2160
18630
65790
4770
45900
99630
19980
98910
19620
35010
69390
7650
74790
80550
54360
21240
52560
95220
40680
91530
55710
66960
73080
29340
29340
81360
78480
67500
7560
72360
47160
11790
39870
27900
91170
74610
42750
81090
94500
99450
40410
44100
24210
42030
87300
97740
49410
50400
42390
58320
55260
42120
24840
74160
25650
97110
20970
25830
58050
2250
83520
59760
85320
60570
64440
58500
98550
33030
97920
94590
68310
64080
78570
59310
34830
19980
78030
79740
4590
33210
35280
26910
35640
96930
12960
10080
98280
77310
41580
31770
40680
84690
78300
66690
43290
86850
57600
78570
65070
66870
3240
16830
40410
67500
95940
78300
59580
8640
93330
22950
93690
46170
75600
27090
53910
55080
82440
73620
990
36000
74700
89190
10260
93240
4770
42660
18540
7740
47250
53010
900
57870
85860
24660
47340
45000
14940
52650
24480
86400
5670
24750
20520
43920
46530
67050
46080
7830
35100
73170
44100
8910
32940
70110
57240
32670
99270
52830
71820
73800
36090
47160
57240
20250
37980
7020
37170
58320
42390
77670
74340
84870
36000
72540
62640
9990
85320
14490
11970
40410
17370
85590
95130
13950
97740
1890
25200
77040
28440
33390
83880
58410
80190
3600
36990
52650
36270
54990
27180
25470
25920
84690
99450
94680
4590
90450
67680
10800
50130
58590
11250
57690
46080
69390
71910
15300
96120
26190
52920
72360
93600
7380
99000
64710
46530
53640
36360
78750
9000
62280
84420
32940
41400
96750
75780
94770
55440
7200
47610
95760
26640
31410
13500
8190
7740
48060
84690
14400
33660
35910
67410
67140
10440
79920
58770
73350
11430
30420
24930
97920
41400
40860
71550
44370
87030
42480
81540
72360
23220
8370
34650
97920
96120
98550
30150
41490
15390
21330
74430
18990
28260
89820
32850
72270
90
50130
56430
12150
44370
64260
16110
57600
70380
18180
54360
80010
25470
46260
39330
64620
24480
26370
58230
21420
5220
9270
60210
38160
3960
16470
86310
11700
34290
3510
11160
92700
59310
21330
63000
99540
78120
83340
73710
2880
79200
90990
64890
85950
91260
91080
60570
33840
73620
20700
71370
21150
69030
46260
91980
19530
97020
27090
32850
95940
9450
53820
80640
81180
68310
92700
17280
36000
48060
36000
93960
78390
13770
53910
65970
21510
19350
83790
62640
7560
62100
34830
44100
50670
65880
96570
44730
35640
85140
58950
70740
92610
42840
70920
62010
24300
64170
9630
88830
33300
99360
34290
72810
61470
50580
87300
4860
19530
10800
56160
85860
50130
91620
87570
67140
10890
46260
15750
96210
20970
7920
74070
38610
27180
1620
76770
59220
85950
56790
180
1170
21240
58950
66330
36000
49770
2520
72540
97920
21960
13140
15120
55080
63630
86400
36720
68220
52110
3420
14850
44010
80820
44010
64260
76590
67770
99990
33030
25740
99180
88650
57600
4950
29610
33120
96930
72990
540
49860
2610
54630
80370
22410
69750
12240
63360
48510
93060
87390
56610
64170
83160
44820
27630
13680
3690
14040
51840
98280
16830
97200
15930
42840
28620
75600
10080
55890
85680
75690
65160
97650
60750
4140
70740
35100
21690
47700
60570
17460
72630
35550
20340
88830
22230
6840
14580
9270
91530
20520
60930
61560
33300
27360
58320
74790
70200
30510
44460
76590
2070
25290
30960
67140
67050
13140
82530
94320
67230
44460
72990
35820
2880
16920
80100
49860
14760
45180
9270
6570
41760
88830
10260
90810
89280
78300
78210
47160
26190
79650
17370
87570
720
67230
31860
7020
87570
12420
31050
42570
69750
78300
26190
58950
75870
47250
66240
3330
85230
18000
82440
93240
50850
59040
9900
50670
40860
21780
5400
95220
98460
36180
89820
45810
59850
83070
11880
79110
84150
44100
25650
62370
99720
95580
24840
66330
11610
26640
95130
72360
64620
56070
13590
97290
55980
30060
78570
49680
4950
28350
28800
7380
80280
11070
39240
7470
84870
99630
59670
59940
31590
78930
22050
86130
630
82710
60120
93690
61020
3510
2250
13950
38520
72540
89100
87210
97110
37440
14130
21600
38520
57600
81630
2520
19710
4320
13590
93330
10710
40140
25830
78480
16740
24210
18810
60840
93510
89370
1980
62910
73890
92430
41130
99630
14580
14940
71100
2430
54810
91170
82440
14760
62640
9000
79920
71550
82260
17460
30600
15930
94590
47880
21150
94860
75870
74160
67500
67230
74610
7020
33120
30600
77040
93690
22680
85680
67230
89100
43740
58860
97740
16200
48690
17550
540
74790
89640
94590
53100
65790
35010
54360
36000
59760
64170
23400
14760
81990
39420
78840
1530
58950
93780
43650
24390
54990
98730
35280
76590
99630
55800
36450
19620
96660
10260
2430
75690
77760
64890
44010
96570
63090
88110
31410
26010
92250
12240
22320
17190
37440
57600
30780
89820
3780
54450
60480
76770
83610
57150
58860
17910
36360
87030
13950
52650
11610
34020
98190
67500
54180
36180
8640
36000
25560
84330
20970
34560
31410
4590
90360
90540
52110
32040
16200
66330
14310
20520
6390
26190
85500
70200
97470
79650
92970
65430
40950
66960
90180
49230
48420
26910
46980
73800
16740
54900
8280
450
63360
10800
31050
75510
46620
98820
21060
24570
90
20610
79740
81900
36810
32580
1440
54990
71550
33840
21870
83520
68850
16290
24570
30960
26550
63810
13140
90270
34380
17550
75420
64980
88920
80100
71100
36180
24660
89640
45090
79830
93150
35280
61560
81810
25830
34650
63090
15480
69570
85230
40320
72270
19350
31140
30690
76860
69300
39420
63000
70110
24930
18180
4320
56520
53100
64620
17550
1800
52200
70830
87120
70020
61380
38880
27090
64980
85500
97020
15750
18810
25920
21060
67050
54900
22590
89550
82620
0
32400
66600
48870
59310
76410
99720
73800
92430
63630
45000
24930
80280
73440
25740
33930
25650
30240
37980
12690
89460
990
85680
92520
1800
90990
4230
38160
53820
70110
52110
67230
16200
12690
67410
20070
75870
90270
45360
89190
4680
37710
36090
25020
77670
60300
33840
62550
18810
1890
70650
81990
46170
51750
59220
90990
1710
11790
60660
94680
66690
92700
18810
9450
20790
41490
30600
32310
61020
84690
5040
94860
15390
72900
11340
68400
35280
64170
68760
31590
96210
73260
49950
15750
34470
76050
29610
9180
38430
96840
29070
60930
70380
89550
20160
19350
25290
98820
11340
24120
45270
22320
7020
40230
40680
78120
15750
83970
68670
40950
35730
40230
22860
77220
4230
24930
38520
86580
73350
68220
96120
97740
19350
18540
9180
21600
94950
31230
84870
75240
13230
36720
87570
60480
47070
38340
96120
55080
73530
38520
11700
66510
29700
1440
60030
81360
77850
35010
6840
71550
14940
95940
74970
50760
9090
66600
99090
42930
85500
84960
45720
65430
48060
50400
20790
36810
24120
68490
47610
9900
28710
4680
20340
86940
37710
65160
80370
61020
91440
42210
89820
50400
44370
16380
80730
9270
53730
68580
25740
14220
47970
52830
86940
270
51840
42480
96840
22410
59040
65970
61020
50310
48420
60030
39690
19980
69750
13680
55800
2340
37440
93960
31410
69570
50040
55440
60570
29520
70470
4230
29070
85410
41940
59670
91350
1800
27090
93330
69300
900
64440
64080
27810
78930
28620
52650
96030
29070
85140
62820
19440
42570
43110
54630
80550
19080
3150
74430
22410
21240
14220
9990
54990
89640
27360
82260
48690
88290
24660
8730
71190
70020
25290
17010
55980
83340
38430
72810
76590
77580
66240
76410
98820
5670
53910
61020
62190
89910
72810
51570
19440
50580
81810
25560
44010
97200
29160
58140
55800
96840
35820
4140
26550
18810
38160
51930
23310
64080
7650
34020
96840
64800
32850
35550
18000
85050
64980
54270
6390
67320
10080
25650
66240
12060
81900
4050
90540
88830
91710
75330
28890
80190
89100
44100
33480
7470
66240
15390
55980
24660
85860
7920
95400
85320
18540
15660
41130
61650
34650
52830
90720
19080
23940
75960
88470
61470
39330
15210
81360
45450
18090
68220
12060
28080
27720
62460
38700
94230
44460
56700
98730
69300
95400
97920
74070
89910
77130
64890
29700
98370
58590
16380
84150
50940
74160
62730
89280
80010
4590
41760
56610
5400
86490
51930
17550
13410
59490
36720
85230
69660
78480
12960
27360
78570
46440
4950
13410
81540
97650
86760
43380
19620
66060
60750
98910
99720
84240
4230
95760
13860
7380
22230
85140
58320
75240
67140
91170
72360
2070
50400
12870
64440
27720
3600
27450
19350
56520
74970
51030
30780
42480
74880
97200
85230
44280
9900
30420
59760
68940
72090
56070
56880
42840
23490
25470
91080
34290
95130
99000
51660
80280
70740
33840
79920
93420
19980
9720
10620
24210
61830
6750
2160
83880
3690
16290
11520
29160
81900
53280
37710
77220
22860
57150
36810
71370
17460
13590
77490
82530
32940
22860
31590
92880
72450
54090
58500
86040
77760
40680
35910
79290
18450
80370
57330
67140
48330
54900
42120
1080
31680
35820
97290
1260
25830
17100
56700
7920
35190
5760
31140
17730
900
89100
66780
99540
88560
19350
42120
1260
85860
98460
94860
39600
37620
79920
20340
93060
17910
57780
30600
96660
85050
9630
52560
54810
82890
82710
10620
48690
61740
34830
56700
49230
26100
13320
180
33840
28710
89640
82170
54180
89550
91440
99630
15120
810
11790
73260
44370
8460
45270
63360
84240
80550
88920
82980
37710
56700
25470
26010
5310
78480
21330
16920
49770
27360
97470
450
59760
39780
44460
2610
14940
85500
58950
20430
540
86040
27810
5580
90090
22320
26820
4500
22230
75150
53370
69840
33030
91890
99180
90900
88200
80550
87570
99990
45090
80100
19080
32310
28350
2430
95580
73260
34020
47250
31320
39240
37800
86040
86130
5670
99270
38430
80640
14130
96030
4500
42120
69840
21420
91350
30960
38340
35010
24300
54990
90720
74970
70200
27990
89550
28980
94860
32580
93690
49680
99720
91530
39690
72540
65970
85950
82350
24750
62280
48420
70020
47070
48960
17640
50850
3060
78030
2070
4050
89280
90090
48330
73260
48060
61560
39240
75510
54180
28440
34110
20610
56070
65250
72990
92880
38700
80460
17190
35010
19890
27000
98460
74520
68400
72270
37170
85680
69660
91890
6120
26910
12240
68850
34470
61830
18810
7110
56880
18810
5940
33570
69660
31050
39330
42030
58680
8730
26730
55980
75510
66780
19170
11520
3870
31590
25740
98100
70740
88650
65610
2250
26820
86310
12870
24480
16920
43380
95580
13500
21240
21510
91980
77490
80190
8640
85590
40050
5670
59040
33300
19620
93960
69660
79290
59310
22320
46440
90270
24120
19710
41310
58950
77040
29970
3510
74700
60750
79560
7920
59130
41490
6030
98550
27360
84330
48600
5220
19620
72810
7110
11430
56790
48510
87930
86850
60300
1620
70380
81900
94050
78390
35010
19350
80280
91350
79830
68400
62640
88830
28440
71280
8370
48510
45630
83340
61470
9000
42030
2520
64080
33570
5220
48690
61830
22500
65520
55440
76950
68130
70650
83520
44280
89640
56790
43740
37530
39960
85320
44010
29160
30960
24480
44730
11610
96480
24750
46260
28980
49590
810
2070
47160
19170
47340
89820
88740
38880
75600
10170
95130
34920
11700
17820
69210
24840
45720
64080
54720
97650
46440
92070
42480
5310
69390
90360
80910
18990
92970
99270
61650
32670
91350
22770
2340
94410
97020
81090
20250
92430
81990
71820
5580
87930
98100
86490
900
35730
30150
13590
96210
80640
80730
68130
40680
43110
64800
94770
69480
95130
69570
3150
22680
27630
6660
6750
48780
82710
44820
39600
37260
58140
79920
34380
44190
97110
19440
60300
29610
66780
26730
86400
65430
42030
20160
7290
92700
87120
33300
69480
30780
84150
9720
67590
48870
70110
76140
89550
50400
58770
5670
32490
72270
99540
36180
20700
9540
28620
78300
83340
38520
77040
65790
20070
12240
76500
77670
61560
39240
96480
75780
50400
38880
47880
4320
58590
2070
98010
84960
34920
52830
26100
2880
59040
64170
74520
20340
8190
36360
37440
78480
8640
71640
31770
80370
45270
55710
16110
12600
5940
89820
44460
80100
28530
94050
19890
59130
50940
32400
1890
2250
83070
31950
19980
1260
42660
8010
73350
900
52650
98100
26910
33570
76770
74700
95490
81360
11700
58680
2430
35460
42210
30060
6390
89100
12510
9900
9180
94770
23220
61650
21060
83880
61020
31230
39420
64890
72720
9990
96120
14040
75060
67320
7830
41940
86850
53190
36270
13320
79740
81180
78660
68850
33120
38520
95040
75240
82890
62100
62910
26010
29520
22050
61740
40140
98910
58050
34380
90450
23940
63090
0
65250
90990
6840
62730
40050
78660
10170
74880
53460
61650
87930
18270
54000
84420
97830
71640
59670
65160
36810
61290
85140
87390
9630
79290
46080
72450
38070
40860
89730
99810
98820
62370
6210
35280
94500
18270
86580
32040
94230
25560
45450
94140
63720
89280
30960
98820
7560
95310
47700
87480
28710
16200
5040
14670
53820
64980
77940
79020
94500
7200
71910
24390
73800
990
62190
23220
52560
25470
82980
91260
74970
36720
93060
3780
22410
65070
84150
81630
64620
8370
48510
1080
9360
36540
88380
41220
84870
41580
7200
46350
93960
46620
34740
54810
79650
53280
24840
50760
12960
78120
40770
28980
36090
55080
76050
57510
3600
20340
97740
55530
93870
21420
25560
54900
54810
6930
5400
86040
45720
20790
53100
23850
70920
38070
90540
28710
20880
75060
24210
31860
9180
10710
88020
80640
70740
25200
8190
50400
37080
3960
4140
62460
52200
38700
31680
30780
70650
33210
53280
93150
94950
46800
51210
0
54540
72630
27990
39960
80010
2250
6930
63810
51030
43920
93870
59220
98550
61830
34110
45360
67320
4860
20880
72000
72090
73980
49860
40500
50760
5130
34920
94860
70560
87750
61560
82800
55800
44820
25380
88470
61290
85410
59220
64800
13680
50670
69300
7560
6030
36180
64890
23040
89370
86040
88020
63450
96030
73170
7470
15570
89550
95040
40860
40050
9450
61110
49500
79830
66870
68670
74430
0
69660
50220
32940
98640
50130
630
51300
4050
92700
10350
18270
60300
32310
4590
28620
42210
94140
35550
19620
69750
63900
36270
65970
32400
10350
67770
2070
58320
93240
24030
57600
37440
83610
20430
55980
25830
97110
84780
8370
42660
4860
65700
62910
53100
97290
93690
74160
33300
68940
36090
13320
74700
96660
86400
45000
2160
89460
84960
37620
80820
91170
54270
73710
43380
73530
60210
54720
33480
99270
77850
16200
9630
55620
45180
76860
76230
41310
62550
67050
90
86310
1710
20340
45720
59400
22140
25560
37170
58050
44100
60750
6030
11430
36360
35190
37710
86760
30060
22680
91890
17910
47700
16110
18000
18000
29700
9900
82980
18540
61830
95040
66330
76320
61650
91980
26100
14760
87300
43200
450
86400
36540
41400
59220
18990
92520
30780
45810
76770
42390
6390
65520
49860
76410
97110
37980
93420
45360
11520
64350
37170
73530
25380
63360
12600
78300
32040
3420
37890
10080
180
4140
48960
16020
9180
83520
43290
55980
51390
17190
71730
93870
5220
54180
33930
83070
10440
31680
62190
23220
63900
70200
58320
51930
29430
28620
13140
2700
34920
15210
37350
78390
60300
51840
4320
41670
60660
10800
47790
63180
94770
12600
56610
58050
29430
18450
22050
49500
8910
33570
66960
20700
92610
10440
30600
15300
50850
87390
99000
72450
73440
270
96210
81090
98280
24570
54360
88650
73440
83970
92700
35550
59130
31500
78030
15390
99450
38790
37980
30510
46620
82170
91980
27990
66600
85140
36450
19530
94590
35460
52740
34560
43830
58590
41760
45630
15750
3780
72090
37980
67770
54630
56250
6750
62010
21330
68220
77220
70560
63000
73080
80910
62100
2070
7920
1170
78120
39870
33570
20970
4770
58770
68490
82260
53460
74880
45180
92970
43830
52470
84960
53820
1800
66780
61380
87120
32130
18090
2430
69930
78210
18900
27720
19980
4860
77130
5400
53010
45630
450
89280
95580
56070
87750
26730
87300
18630
49410
60390
53100
53010
3150
27180
75060
3420
75870
19800
58320
97560
36990
94410
49230
78930
52740
76680
44820
24030
14220
95490
65250
72000
67500
25560
74970
18450
30600
34560
80460
33750
29970
17370
27360
79830
27000
75060
76410
87660
31860
61380
35640
93330
67590
85320
3330
36810
14940
1170
42120
62550
21240
41850
76050
67140
64350
5670
83970
26820
20790
43560
43830
97020
73260
68940
10440
67230
44460
88380
49050
62010
69480
40140
93150
1530
15480
56790
5220
74610
60840
61470
24300
14040
55800
34200
67860
96930
46620
13230
65880
3870
80820
70110
85680
36090
71100
50580
26280
61380
29610
1350
18540
13680
59940
77220
77850
38970
9540
55350
40950
49680
63090
16650
76590
4320
51570
81000
4680
69300
44010
90900
78120
38790
99180
73530
84960
23580
5940
62730
76680
9450
72540
84060
75510
24120
20070
52920
32400
48690
59670
65970
97740
40950
45090
11430
49590
56340
97200
31140
76320
80550
98010
1440
20250
45900
3150
32040
15750
9900
72000
43470
77760
60390
64530
66870
33750
39150
65430
10980
4500
47790
86760
25740
10260
8640
94770
72360
37980
63180
13410
2970
31230
29970
89910
90270
78120
14040
19260
89910
17370
73170
89370
41040
77130
2880
79200
27180
21330
76050
19350
25740
64710
27180
11070
83520
50580
9810
68490
31050
15660
43830
37350
37710
80820
68130
90990
63180
16020
50040
73800
11430
55530
36360
18720
62460
69030
88830
29970
36450
63270
85860
23580
86220
48960
20610
75870
38160
62010
74520
24750
19440
65340
62280
33030
81630
11880
45900
65700
20250
94770
12330
84150
5670
14580
40050
68760
53100
66420
2520
51030
40950
43470
81810
38340
25560
84240
45720
25020
24030
29160
64980
56070
42750
62640
73710
45000
64170
86490
81090
95400
20070
81630
67500
72000
92250
12150
990
8280
98820
83970
66870
35010
59490
90630
87660
57780
66240
5040
33030
21510
84960
14670
10800
41580
13410
87750
7110
9270
27270
92970
55710
93600
22140
26550
12510
3510
83070
46620
23670
58410
51210
72720
63720
33300
52110
6300
15390
89190
14760
82890
39960
37260
64080
76590
14130
43740
21870
51840
92250
55980
1980
24570
63450
12780
34830
61020
6120
61380
60480
23490
85680
85770
13680
11520
25380
88290
49320
38880
21420
29970
43470
75330
66870
26460
1890
52560
7380
22860
99180
5580
57240
82800
7200
11520
20970
54180
94950
62460
60930
0
0
16290
69750
900
67680
75330
43650
70380
44820
35640
57060
67050
86670
9090
43920
82260
74340
42300
37710
10080
87300
9720
61650
10620
10890
61830
50850
20070
73260
42300
85950
80910
35100
32850
63720
27270
65340
81900
66060
20610
14400
65430
6030
57600
61920
56340
84690
31410
24120
14490
7110
12960
36630
84330
87480
47430
65430
23130
81540
78120
75510
68220
55350
16110
48690
14130
83430
66870
32760
65880
15300
64350
9630
18630
99000
82260
13500
61380
77310
93240
40140
66150
13140
24930
59850
4590
18630
3690
49680
71820
99270
24300
12780
14490
26820
4320
60570
80910
75420
84060
34650
22950
32220
74790
70560
28170
38790
33840
60840
32940
28080
6660
48060
7650
22050
49500
6030
37620
47520
41670
51480
62010
63810
66330
80820
63540
48150
34020
95130
74520
60300
69570
47790
58680
41850
88290
95760
95760
94590
86040
73170
32040
97740
66330
50400
90630
28170
68580
86940
99990
6570
49950
31230
27270
90
69390
63270
99540
90450
20970
46260
41580
46620
16200
52560
24930
39870
39330
60840
34020
33210
92880
27720
45270
6030
52650
55890
50130
5220
81090
85950
80460
67590
11790
42390
61830
83430
77310
45360
28440
25830
26910
88110
46620
49770
37080
11790
47880
46170
43830
10530
25470
13500
14040
86490
26550
66690
34830
43920
25200
41400
1710
52110
45090
88650
90450
98100
65700
35010
14310
29700
25830
10170
79110
38790
72720
25290
82350
35820
93690
84870
19080
73800
52650
92430
28080
36720
40860
56790
23940
30510
35730
81990
16380
11520
180
84600
40680
49950
27900
21960
17730
55980
58590
6570
72180
1530
72180
26730
50850
46980
32580
32130
45450
17730
29700
39600
68310
51570
92520
39690
29160
65520
47610
77220
39150
87570
31860
6030
40050
49410
87750
80910
95310
23040
360
12330
60120
45090
78570
81540
63900
73890
11700
33840
71100
90630
9720
82530
58500
37890
84780
90810
23040
89370
19530
35370
3780
35820
82800
1800
2790
64350
36720
810
17460
84420
50400
3510
49590
61560
86490
1980
57150
21600
17100
79650
90900
6030
66330
92610
50220
38250
82260
92340
28710
93060
88110
80280
53100
53460
9180
49680
48330
80820
32130
66600
54270
50400
95670
47970
36720
10260
2610
88560
73980
32490
32490
27630
66510
11970
49770
59760
85770
20250
74880
54000
39780
34020
51390
69480
58410
3690
50850
16560
73440
72450
72900
40050
19350
13140
45450
27270
51840
20520
14850
12690
78210
38250
16470
64980
49500
90990
25920
64620
62190
4050
45720
81450
25560
88830
53460
40320
9090
9180
56160
35730
85230
28260
72720
84600
53910
2700
67140
1350
86130
2610
55170
66150
91080
66150
55710
6930
85860
88380
45270
8640
16020
2340
23670
93690
61200
94860
43380
5670
60750
90900
23670
50940
93420
66960
70380
76590
67590
25110
39330
65790
64800
42210
44910
59670
99000
35460
9360
47880
46800
13590
69390
99270
94230
86400
63180
5220
61740
71190
64350
10260
15120
65160
24480
44010
54990
6300
24120
22140
50400
65160
80100
24930
66330
92340
3600
43560
20790
11070
40320
42660
91890
53910
60840
58320
21780
63540
34830
72360
26730
52020
38520
59850
87840
32490
55530
45000
32490
44100
64890
79740
61020
95760
8820
96120
36630
13230
94050
90720
92340
2430
26100
60030
26460
8100
78030
68940
40140
65520
88650
10170
45180
35820
49680
90000
37260
29430
38160
47070
45810
29430
71820
61290
72990
80820
33570
82620
46440
43200
37800
60030
6390
19170
98280
53550
59670
13500
45000
14850
97200
79380
68850
9630
48780
5310
35730
8280
43110
66150
20610
64980
54450
95130
95760
74340
18630
99720
77040
72540
83790
32130
90900
54180
63090
47970
59400
28800
77310
56340
27270
60570
810
97560
26820
11880
53370
75510
22500
14490
91260
44010
11250
83610
26640
91080
47970
9540
66060
17730
83610
32400
63450
59400
80730
46440
57240
1350
49140
44550
80190
38790
44100
90630
4860
75060
98820
73530
74970
68850
57870
59490
33390
25110
59310
39330
90180
33390
84330
56250
86850
45360
10350
30510
78750
23670
40590
93780
30690
59850
2610
71100
71100
47340
84420
66510
4950
88020
24570
84330
95040
79290
10980
5130
95850
40680
34560
72090
88110
51030
27540
35640
71460
36360
4950
30600
10710
43200
85950
31140
42390
24660
56250
38340
73260
29700
96120
78030
5850
18270
11880
67950
13050
17460
80280
81180
16020
54090
52560
75240
70830
84330
99090
85410
61020
51480
29160
47070
55080
95940
54090
89460
90090
90180
7020
65430
98370
47790
90630
62280
93960
32760
67230
18630
72630
83430
9270
83520
13500
16650
81090
63270
84510
70470
10260
31500
75600
45720
32130
52290
23760
97470
83970
88560
42120
88470
65970
92070
3510
71910
74070
450
99810
79380
38430
65430
52920
87840
78390
80100
16200
18000
90180
31770
31050
14580
67950
76500
45900
36540
66420
27270
68310
57060
24210
48780
54360
55800
16380
13500
90720
27090
57240
3690
84510
1800
97560
11970
79650
40500
55440
99810
87300
19980
26730
55620
94140
85680
99090
61830
91800
96840
3690
61020
58590
44100
42120
75600
4500
12690
92520
59310
75150
7290
6030
85320
72270
53370
28620
87840
96480
56430
14940
66510
59760
56430
46530
58410
41130
27540
88110
10530
22500
59670
54270
15840
94770
81720
65340
83970
3330
4680
38880
56880
87390
37530
38790
9720
74700
97650
74160
50670
22950
4140
92430
27540
17190
84060
83070
77400
41040
64980
77040
7650
34020
60930
89190
1350
85590
90180
13140
5310
68220
7740
14940
25470
41040
15570
54990
79200
55170
16830
77310
83070
74070
93330
90810
27630
46350
13320
40050
13140
94410
55350
9540
18180
55890
98640
31680
32670
94500
27090
61920
73170
46440
59220
87930
49230
73260
77760
58950
46440
9990
92970
2160
10890
8370
41850
45540
3690
18810
27360
7470
95040
32850
23130
22680
95670
33660
17640
55260
38520
96840
64800
22680
88740
39960
10530
99090
41400
46170
91800
98460
45630
49860
23850
98820
1170
53820
21240
13230
40230
33930
58680
72900
88110
41580
92250
92520
60390
7020
8190
37890
46260
56520
29700
75690
57150
73350
88920
38070
71910
90450
62730
19260
12600
89100
44010
25830
21780
41310
12960
270
82260
54540
64260
34470
22680
64530
75420
93240
45000
58770
58860
26010
13860
90000
67680
1710
57060
22770
21780
71730
92340
9900
17190
71730
71280
23940
58770
41310
36900
28890
48240
15120
21960
30960
32310
63360
94590
2250
65070
62460
15210
19980
87120
39690
46710
46620
38970
79830
75330
22050
73440
38250
25740
90720
40230
12330
53100
4500
73800
68940
44010
29790
27720
99720
58230
18360
54630
55530
450
59130
74430
49860
29700
46260
78390
15210
51750
25830
27360
72270
52200
99630
25110
55530
37350
64350
34290
68130
50220
95310
82080
36630
80640
46890
43470
12780
55530
7920
23940
54360
52740
67230
42930
84330
11160
59850
83610
6210
24660
73800
35190
15300
8190
8460
1350
4860
90630
8010
33750
21330
98370
38880
52020
28800
81360
14940
6210
63360
19440
11340
64170
73440
53100
89010
29070
44280
50850
40770
23400
41400
19710
87930
11250
52740
52200
12780
20610
21150
40950
16830
9270
35460
76410
36450
55080
55170
43830
13140
12150
71010
75420
35460
21600
64710
35460
42480
94410
75780
36450
24300
89460
18810
88740
15210
22680
99180
84330
97470
62460
92250
13410
45090
70380
20160
10980
37530
20070
74340
3150
90180
67770
86040
16380
97380
48780
15120
57600
12240
96480
19350
4860
25740
91260
72810
3780
22320
89370
59670
83160
17370
9900
57510
77130
45900
74790
88290
64980
630
25920
36720
31770
16200
80100
7560
71100
90180
55890
42750
85770
54630
10440
8640
10260
58860
60480
40770
21960
61290
6300
3960
19980
4770
1530
45720
89460
81990
85770
69930
68670
54990
71820
20070
44640
63810
13680
4500
85680
72090
82800
42390
66870
51570
32400
91170
91800
74970
27360
96210
32040
75780
69480
43830
95310
45540
6660
51120
70560
23310
7470
43920
70200
14400
92340
52380
35100
40410
10980
5490
64980
36450
77760
9810
57060
61020
11610
22320
69300
58050
91350
33030
2610
74700
20340
78210
35550
11880
44730
43110
31230
14490
87300
9900
24660
51390
1530
18450
16110
72540
68850
3780
37620
17460
21330
84870
81360
82980
28980
20340
98460
48780
96660
53550
40320
19530
70920
91440
84960
28260
52830
95130
13230
68310
94680
61830
82170
54900
66780
77850
20880
23310
69300
11610
38070
35370
24930
9900
95670
38070
57060
97830
90990
61380
48330
57600
68310
45000
75060
44550
18090
40770
99810
89910
60390
41580
81090
68040
14490
3510
18360
17820
40590
9360
9720
12510
14490
18810
87390
46530
14760
17190
82440
52110
71280
67500
42840
86940
17190
75690
62100
98460
64440
21960
47610
17280
35730
92340
39600
89910
63270
37710
65160
13680
16740
14220
8280
630
46440
80820
1710
82530
20610
91530
94590
34920
30960
45630
67680
64530
34470
67320
11880
97650
87120
61380
47610
92790
86580
92880
21060
99810
46890
26820
78570
94680
60390
11160
27270
87030
63720
10890
47610
89820
99180
63540
91440
60120
29520
46800
91800
51390
88020
54450
46980
69030
810
56340
92790
20340
63810
37530
57330
63090
61020
51480
53010
12870
3690
82980
23670
83970
38160
32310
16830
15840
45000
85770
47160
31770
7920
26910
36000
86040
88470
80100
64080
26190
69840
89910
80820
12510
83070
85680
12330
82530
54360
45360
92880
12780
80190
8190
10170
17370
13320
72720
43200
48690
55710
50670
40950
91980
27720
21510
27270
13590
26100
44190
87660
22140
87660
23580
82530
27540
3870
13770
22680
17640
37710
37260
48060
98730
36810
85950
61200
73440
3330
58950
30060
23850
45630
24210
73260
1890
7920
81630
62460
71280
82530
77490
49950
29520
16110
79830
56790
50850
87390
11790
45540
87660
43380
20520
27720
29160
43650
29070
42930
87570
50580
16110
64980
72270
7560
80550
450
74160
43290
79200
20970
69750
91350
77850
68850
36540
43110
90990
37170
55350
21060
85680
60570
95760
46800
80550
47160
41760
76950
60300
32040
52290
44820
60840
19890
17550
19620
51840
80730
49680
76590
84600
71280
57240
48960
17550
93060
12960
31140
65700
12150
21240
75510
44550
96660
74520
83250
66600
67140
29880
18630
77310
39690
35550
76140
9000
27270
72720
51660
71640
84510
8100
83880
73620
51300
8370
67050
89190
2700
88830
79020
56970
55440
84690
32760
12600
11610
20430
53730
4950
61200
69210
84510
29340
26370
74790
70380
53460
44820
32760
98820
92160
20160
82890
8100
52290
59490
12240
26100
9180
55170
67320
96390
71010
66330
98100
82350
96300
29790
40230
9360
18630
90180
38880
72090
88560
91620
59490
84420
62820
59760
96120
65430
23940
57510
31770
37350
28620
93690
91800
44190
80910
96120
97740
28710
17280
75870
80550
31950
36450
59940
56160
55800
28800
38790
71910
72270
32850
95670
67680
25470
83340
89370
4230
26370
96480
46080
13230
63990
13680
63270
65250
93240
33030
29700
97830
63270
66330
59670
91620
28710
14400
37350
10350
12600
93960
87030
73440
36900
2250
52020
10800
70110
10710
80460
28170
4860
86310
99360
10980
86040
57420
17550
92250
83880
97830
20700
90450
93690
5040
71370
41220
2070
31140
63450
42300
99180
91530
51030
28440
40410
57510
69480
80640
72180
71910
30780
90180
62460
5490
7920
86040
34470
720
49770
71820
29430
71100
19080
17550
5670
87030
12330
15660
99270
91260
82440
23310
62460
68580
27990
63990
81180
15750
86760
28980
26280
19800
94140
93240
15480
54090
18270
95310
38610
21690
61830
64530
97650
78660
2070
40050
10440
83700
56970
16290
83250
20340
16830
34380
36180
24930
63180
34560
53910
98640
85860
62370
83970
59670
41040
57690
33210
40320
39330
54540
29700
77760
32490
47070
82350
8820
64440
93420
8820
4320
53460
64890
14220
73350
50940
9270
4950
78570
12240
92520
75510
56430
14220
45450
40410
79380
78480
28350
41400
99270
58410
98640
71820
53640
97380
89460
10260
23490
69030
47880
70020
90810
79020
66420
16110
43560
27090
85410
92520
39600
76320
46890
18990
45000
360
32400
47790
87120
76590
88380
16380
34290
40320
95400
12150
30960
36810
93150
80460
16200
98550
95310
2520
87840
45810
50670
86850
1800
32310
77850
58140
35910
66420
84870
23400
43290
70470
60570
95130
37710
9900
72180
74700
31590
55890
94950
92700
84960
65790
77580
41850
29970
54000
87300
22050
37530
36270
79830
96390
81720
28980
99900
41490
4500
89550
23670
1080
43110
99000
84780
1170
38610
69750
12240
17280
91530
53370
18180
52290
59040
36540
81270
92520
26100
86760
98640
30330
44100
10620
22500
59400
18450
68310
69840
49860
87570
99990
76950
40860
26100
13950
98640
79830
4410
10530
34380
22230
67320
92880
5670
88380
5400
28800
56520
37710
65070
42210
23670
66060
62730
13320
53010
86850
51390
40050
70200
82440
37350
39240
61380
53730
30690
44370
9270
38430
66330
31230
2790
99810
38430
54090
7200
91800
29160
26370
21330
22410
72180
16650
70470
10980
71550
90540
36090
71010
54630
9810
35730
42300
94140
72540
44460
29970
11070
28440
86580
82530
3510
70470
22320
28890
13770
36000
30240
56250
25380
31590
73170
97560
63810
21240
97560
93780
33120
49410
42030
2970
48060
24300
90990
46890
57240
51300
42480
1440
45450
61200
95130
46620
58320
92970
39150
34470
55800
19260
98730
84330
78390
93060
8820
2340
37800
28170
76950
17820
19890
47790
35280
13140
21780
71640
270
68580
19170
7560
45000
30330
68220
44730
46800
48600
12780
86130
80370
20610
7560
14760
12240
56520
87120
63360
68580
34290
51210
80550
61650
8460
83250
90990
990
3870
52200
53460
38340
90000
5850
67230
71460
90720
77850
18360
71640
23220
11970
37980
32310
23310
86670
540
67500
50850
23940
8550
2790
74880
26370
74790
74880
2430
43110
40140
95040
60660
8370
80100
1620
47700
61470
33210
21330
84420
75420
80550
71190
48240
40680
24660
24300
90720
52920
77850
79290
30780
77130
6570
37260
46080
43560
44100
98730
36090
89640
35100
73530
29340
22050
87300
6840
96930
8820
24210
26190
72630
15120
6660
36360
84060
68130
59400
10170
13410
88740
79920
46710
65970
53460
12150
8100
86940
13860
30330
3150
92880
27360
16110
76050
37530
93870
52200
1530
57960
6390
87300
66780
27720
56250
25650
23670
67410
89280
10620
46170
56880
60480
69390
31410
26280
13410
28980
92880
26370
95850
30510
99000
46080
22230
11970
36810
68580
71370
11610
2880
5940
59670
76950
34740
87660
44460
67140
14580
73710
17640
96750
58320
21960
41940
68940
30240
74610
45450
27000
40410
68400
89280
56430
42030
92070
74070
91170
26730
55350
24390
59580
16470
94680
60750
68400
61470
53190
92790
67680
95850
90540
80190
82620
61290
46980
88830
37350
51840
94500
46350
65160
24570
27630
75780
42120
59490
58860
450
25200
65340
65610
95580
23220
49860
16740
60480
5130
71370
20610
6300
14400
18180
28890
87840
69750
78570
62730
93870
40950
29970
55350
85770
46350
81810
47520
83070
37710
43560
67230
54090
44100
91350
90810
59760
90270
630
50760
27180
1350
13680
93600
70920
62100
4140
15390
43650
11070
68040
30420
55170
96300
17730
82350
8550
12420
18630
54630
36900
73080
93150
83880
69660
8550
16560
81630
77400
35010
41310
74790
70830
79290
33210
26010
55080
5400
99720
33660
66690
19080
88920
61650
35820
7470
43380
22590
73350
15570
99450
1530
47700
41310
33120
31050
60570
59760
77310
22050
38520
55980
20340
57510
38610
70740
6480
990
43200
9630
68940
59400
50670
73440
71730
81630
30060
69030
70650
24930
91530
19890
70560
40410
13320
21780
66510
54360
37530
86130
50220
39420
39870
89370
96120
21600
11520
85230
56160
51390
46710
83520
15840
50580
52560
89100
31950
23670
78120
67680
6210
82350
62280
23850
63720
72270
8100
90540
84690
30150
86220
62730
75870
45810
93780
630
64800
63630
99630
58770
73620
39420
5670
83340
900
23850
83070
75780
33480
12240
26910
86400
10800
93690
18180
69120
38340
96930
83700
14040
76230
29610
98730
59130
71100
87300
34470
89010
53730
34830
74430
10530
92970
6030
12780
55710
22050
38250
32760
22410
33840
810
86760
87750
67590
25380
1620
21780
51750
97830
51210
16470
39600
7380
92070
58770
99180
74160
55440
35010
57060
75240
23220
83790
79830
60480
23760
54540
57330
59490
61920
28440
45360
56250
75420
17820
56610
3780
77760
99990
73440
98280
96570
85860
76320
67590
56700
12960
59940
19170
59130
25560
96210
19620
44190
92700
69300
12510
23580
48510
77040
68670
15930
8820
7830
51930
31050
9000
32400
47970
17640
37890
24570
27360
99180
6480
61110
58770
48330
78840
24390
97560
97380
49320
71550
3420
69840
70470
17460
61470
47070
92700
80550
68490
10890
44370
79560
8910
86850
81900
9720
14490
6570
86850
6030
84510
45450
18630
87930
66600
34740
24660
43650
59580
13050
85050
65340
24120
53730
68760
72900
47250
13140
18000
89460
67860
45810
64710
9990
77760
40050
22320
86850
69030
95760
3690
2070
69390
94500
73530
92250
7110
61110
1350
49050
38520
44460
65520
39690
29700
15120
45000
87030
51570
48600
98820
86040
41670
72810
40140
54270
40770
63090
57960
26910
71370
59220
95490
86670
83610
92610
44640
95130
1170
6660
65340
94680
3870
49680
92790
6750
27180
15300
20970
29610
80190
16830
8010
73530
79560
88020
42210
85140
72540
67230
63090
79830
75060
9990
87570
52290
46350
5850
96570
81360
70560
34560
79650
82890
51750
72540
71910
33750
40590
21150
46980
33930
18270
45900
91080
52830
86310
40140
39420
75240
14580
2610
27720
37440
2970
18630
4320
37170
7290
33030
72270
1800
4230
68490
2610
67230
17640
83340
21060
43650
42030
63540
87750
66510
33570
35550
46440
31860
36810
69030
66330
2610
87930
94050
38070
62640
91710
13500
55260
93870
85500
46800
24030
93330
35190
97380
97560
28440
55980
53910
71280
1170
97650
15660
50490
35190
70200
77310
62190
32040
46440
55350
54810
37980
20880
75060
43110
98550
94500
44730
18720
7380
23130
9990
7380
33570
55350
29160
47340
91710
90900
50490
72900
57960
6660
5130
17820
26640
28980
78300
38430
53820
26910
94050
16650
53730
28170
41310
98100
96480
56340
59940
8010
94140
97290
76140
78480
11070
67680
28530
92430
21240
57600
41490
82890
50130
50310
84150
23670
77940
92700
58410
29610
51930
76770
29880
74790
69030
1350
62820
24300
77670
9810
86850
70650
2610
30870
61560
87300
19800
84960
86490
60480
92880
97560
84780
41670
3870
41040
52740
93510
36360
46530
6930
51840
24840
66060
5850
82170
23130
30510
93600
33570
80730
5670
3780
93060
96840
32490
93060
21960
4590
38520
32940
77490
71640
12600
3060
44550
24300
77580
30600
93330
83430
9990
52200
35910
11520
12870
13860
55350
40410
65160
15930
41130
94500
51480
12960
92700
22770
27810
2610
43920
89100
57150
72090
53100
20340
43650
34020
37800
59670
86760
61290
24300
6570
97920
17640
97470
17280
10800
85680
56340
57960
94320
20160
61200
67590
58140
9900
13770
360
29790
56160
9090
35640
48420
43200
34830
27360
80280
50580
17100
26280
49770
540
24660
92520
26280
49410
20340
22050
83700
88560
61380
11970
21690
53190
45630
17010
59310
96570
77850
94500
81540
49140
26910
16650
24030
71100
85950
75690
7740
47970
72000
83700
87480
83700
64350
57060
32760
78300
23760
47610
900
77760
8100
89640
20700
95670
34020
13140
29430
62640
2340
74970
39150
19080
78120
44370
18540
29160
51840
43560
84060
68040
9270
25290
45360
87210
24840
53640
80280
91260
68310
46620
24660
37260
24030
69390
4770
75690
24570
90900
40770
6210
32490
78390
18450
16740
74610
83340
22320
12870
51480
49230
8820
83970
83610
57870
20610
27540
47970
36180
76860
53460
19620
93870
5310
28350
60030
63990
50850
3690
630
75780
67140
18720
26910
50940
50130
59220
45630
23850
5040
48600
78570
92070
18810
36270
28800
6300
87840
60660
94950
17370
59040
63090
47250
35640
70110
69120
94320
5490
57780
32670
70740
61290
55620
98280
7560
45450
9090
25290
20700
3690
33390
56520
27360
4500
41940
93780
92250
45360
92880
87030
9630
92700
7650
68130
84420
35730
56700
80190
95400
57600
53370
68040
4860
58230
51390
90900
41490
89820
48420
45630
61380
18180
97740
32760
91440
2340
65970
630
44550
80370
7200
24210
60660
79290
84960
79920
22230
20430
26100
49140
87120
85050
38340
62550
21240
21420
32400
97290
62010
53730
98190
83520
92970
81540
69390
55440
64350
42840
68760
29250
84060
80280
86040
98910
42300
50850
80910
19080
15480
54090
56070
24840
45360
39150
63090
20610
3150
78570
270
47340
63990
47250
25470
71820
88920
12780
27720
95130
36810
73530
87750
61830
88200
56160
89640
22770
85320
88560
19710
51390
82440
41850
91350
77580
28440
69750
61920
99090
79200
59310
24210
15570
85050
13050
78300
17010
69300
6570
45990
37530
81540
72630
77760
38880
94050
3600
10890
540
55620
65610
40500
75240
270
6750
42480
33930
23850
49770
70650
31140
35010
67230
61920
80820
99180
67680
32040
93060
37890
63900
65880
57330
7290
99090
83790
5400
69030
8460
5040
96120
46530
40500
37530
68580
44640
40590
84960
99540
45630
83790
37440
24570
22500
41670
56250
36990
86940
79200
28080
3150
90360
79650
47250
3330
63540
1800
81090
44730
92520
83790
70560
79650
95310
93690
51660
20070
87030
86310
35010
25560
25380
5940
95580
96930
30870
6480
34650
22950
85500
3240
66240
12780
2160
68040
99270
2790
49590
85230
92250
28170
33300
42210
39060
65340
55170
92160
69480
29250
75780
96750
72810
77940
17820
8550
58050
17820
85500
18990
30600
9900
9090
90990
86130
4770
57330
90990
99540
12150
99630
35370
17190
23130
8190
56070
81900
57330
96120
30240
83430
77400
10080
1350
62730
26730
66150
93240
61740
83880
40860
2250
24210
96570
55890
39780
14850
51480
41490
73170
21330
55350
54540
98370
87210
53460
19890
64170
2970
33660
14670
98280
99540
88650
56970
10620
65430
62010
54090
87120
9540
58860
97650
76590
28710
74790
74970
12600
21780
63720
75510
90360
9720
33390
38250
49050
48060
22500
46530
76410
9090
40500
63900
96030
77310
61200
76680
35370
21870
20790
32760
7650
98100
58500
36810
26370
56700
58410
41400
3690
54990
89640
19170
17460
21240
72090
16020
11790
19980
47700
48240
74250
89550
53370
20700
63540
30330
95760
40140
24300
13950
62910
63630
74610
80280
85320
54630
67050
67050
96930
95490
270
34830
7920
20070
56790
80190
33750
41670
60660
84780
12420
65880
58140
2700
86850
28350
13050
39960
36360
33300
8910
89010
18270
36900
61290
39420
92700
48690
73800
92250
450
2970
45360
25830
55260
87930
36090
80190
2430
48330
67230
84780
67770
23220
37800
84960
43470
67770
53280
24480
5130
13500
23130
34380
42570
70290
14220
11160
98820
43110
84870
720
92880
7020
87300
95940
39420
61830
37710
30330
2520
41040
77490
13230
35190
56160
19800
33030
68940
60210
21150
87210
11070
98730
94320
69030
85500
68220
86310
16470
12510
89010
22950
9630
84420
98640
80730
38250
27630
54000
31140
46710
38070
48510
41850
67950
6570
26550
94770
82440
79020
57870
65250
33930
97560
54000
13050
35100
51570
48780
53190
53910
13140
53100
64440
85860
40680
23310
69210
98550
69570
63450
30150
44910
83250
80010
77040
79470
98730
16650
61200
99900
36540
43650
15030
77850
97560
8100
70650
79200
76680
68850
17730
54900
24030
26460
90450
19620
73350
51570
87480
27000
26730
68130
85230
29340
82890
5310
88020
17640
5310
94230
25110
65430
85410
80640
95310
32130
13140
84060
30060
66870
5130
92520
54630
77310
43650
17280
19620
27720
20430
47700
9000
22410
450
63630
18720
83970
65160
53460
59580
27360
94230
33660
63990
67500
44910
37080
37710
36450
810
41220
21600
25920
44280
49230
33930
25920
13950
90450
8820
21240
360
4140
79830
45000
29340
92610
71190
11070
44370
7650
29610
38880
26190
81540
27540
83520
7290
92790
79200
85680
30060
88650
4950
94410
33570
28800
86220
10890
15120
34020
30960
8640
53100
49770
53910
22230
79470
70020
6030
59490
84330
64980
93150
58410
75960
22320
11790
30510
12600
54990
29970
30870
37620
61470
65610
16560
84690
38970
77850
60480
69930
90990
47880
25830
39240
7740
54900
52020
59490
86670
5940
27270
91980
11430
48240
48780
7290
77130
34290
71280
54090
17100
60480
77490
77670
25920
66150
25020
65610
88920
57780
45090
28710
18630
77760
69570
52200
28440
47070
39600
12330
50400
84240
29070
15480
25470
76680
54540
4770
43290
76410
2160
35010
38610
45990
25920
4770
50490
29340
39150
74520
71550
92610
93690
75240
40500
14490
91890
34650
49320
89370
3780
14130
18270
85140
96480
47790
38880
92610
48150
54180
99000
52830
36000
84240
93060
17910
68040
27630
25470
15570
84150
78390
2970
61380
68940
63090
75150
73170
84420
11790
58320
97470
48330
12420
88920
90180
7290
7920
84420
87480
24120
60480
29250
84780
60660
71550
52020
96030
42030
19350
18540
7470
67590
8370
87570
96120
81360
96570
31590
93240
14580
68670
42390
13770
39420
64800
2340
40770
44460
70380
25830
22410
21330
99630
89730
10080
51210
81810
32130
68580
62910
39510
38610
89190
99990
38250
66960
44550
29880
87300
96120
88560
81270
20790
90990
79560
68400
69120
25380
62010
83610
40500
96300
14580
67500
4590
48060
24570
84960
17280
16740
26010
89010
95670
25200
60930
26730
60840
21600
25020
88380
78480
34740
1080
91170
12330
13590
64350
76860
90180
89640
38520
64620
76770
54720
88830
95940
7560
9090
35280
86940
96390
89640
56070
18630
84960
55080
85230
2250
72360
57420
94590
9180
69660
25560
6660
98280
28980
34290
19710
9540
15750
35280
29610
69750
25740
22590
21600
78750
52560
13500
32040
81990
28440
62640
7650
70740
88560
27000
13770
90990
66600
87300
90
34740
89010
360
49860
16830
93780
8910
1620
7020
69750
39690
77850
58230
65250
9180
55170
52380
51750
13590
40500
8190
54090
74160
27360
11250
15480
90180
88290
41760
18810
21420
43560
10170
36270
5400
88110
12690
80100
89550
540
81990
58950
54180
40680
80550
3060
45360
43200
92610
41310
16380
88560
96030
22680
93060
97470
75420
50940
42300
82170
35910
20340
8640
19170
59580
89010
13050
73260
58410
75240
65520
40410
32580
72180
82800
41670
30240
98730
39150
53910
66960
42390
55260
7020
72540
84600
98550
65790
84150
36720
51570
70020
3510
27360
7920
14490
14400
30420
78030
11160
74070
98370
43110
81090
41670
46800
97110
38070
53730
69300
91890
10440
85770
2790
97020
19890
43470
26370
75330
98730
44280
20610
45090
5310
70020
8550
66510
35820
61290
83520
21960
2880
94050
13230
8280
18630
31950
95040
35730
99720
77040
95040
5310
95940
11700
22680
28710
26010
79380
38340
1260
87570
19980
95940
87840
63090
21240
27810
81900
9270
30240
20160
68580
74340
37350
68220
22500
52920
90000
83790
8460
46620
41220
32220
48780
58770
89910
63990
77850
1710
23220
3600
90090
5490
9180
6390
37620
7110
22500
96480
22410
8280
15930
45540
32580
95670
97740
50850
38160
20970
59760
99900
87840
97020
86490
67320
6120
7650
59130
21150
37440
4500
5130
50580
21870
95040
38610
57780
20250
43920
54180
60210
25920
21420
78120
67230
29700
32400
63270
63450
65610
35550
32220
15210
36540
8370
76590
73890
900
83790
7560
36720
81270
12690
65790
7290
39870
89280
36720
23490
41670
76770
3780
48690
5670
79650
57960
30870
44100
50850
27450
80730
95040
75060
46170
86220
97200
55350
81360
79560
28800
95040
32220
74610
73440
6120
23130
18990
98730
74700
29340
10890
24300
97740
82710
77310
19710
99450
8280
31680
24660
73440
51210
81540
65880
41490
63180
44640
5490
57600
45450
76320
74430
61920
76680
31500
42390
80190
52380
76320
3510
24570
72360
50760
77670
14670
53820
12960
20250
66060
66960
7290
82620
20160
87390
85140
73800
59580
81990
67770
65610
96570
26370
80550
75870
75150
5220
79830
43110
27360
57240
41310
59310
27360
8820
21420
30330
28440
31230
68490
31410
43470
62550
55980
35730
20070
6840
61020
540
78930
56880
6120
71910
98910
41400
62190
86040
97470
47790
85500
47340
3870
39420
44550
29430
32310
37890
15480
76950
87390
79110
35190
29520
39960
30060
91170
26280
39780
6660
47520
90630
89460
4860
68760
62460
65970
90900
77490
23580
80910
39330
31770
24750
900
63900
91440
87030
9720
9360
86490
80190
95850
58500
86490
32580
67410
72180
55620
63630
45090
67050
32940
34470
8730
10170
33120
61290
84780
88470
8100
88920
13950
630
28710
16830
82800
41760
55440
87390
32040
93330
78030
84870
87750
77850
57060
74430
55980
19530
71100
15390
33210
38970
93780
52830
11700
88020
79470
90180
32940
84060
11430
23400
54990
55260
65070
26820
61290
87930
75240
30690
16200
73080
77310
35460
77130
33750
85500
19620
54270
77580
59400
52650
26280
63630
49590
36630
99180
11880
13410
75420
33030
28350
1440
40230
81090
79920
72810
20070
80100
79830
39960
67590
81990
14400
69210
51840
91530
32580
64170
14400
66150
55710
1260
57870
86400
58320
18810
11250
26460
44820
18090
91890
54000
32580
51840
77490
70110
14130
78480
26460
25560
5670
91530
35820
32760
36900
17640
67590
22860
9900
13950
18090
57510
23220
64260
48240
24840
83250
59040
55170
36090
66240
72000
76500
33570
82350
47790
72630
22320
16020
42390
59580
62190
79830
9090
15480
14850
72630
14940
42030
8820
55620
67770
38160
55260
70560
80640
30690
39960
99720
57420
85770
27180
34110
60660
95490
91350
7740
57150
39150
98550
73080
1800
25020
46080
94140
50400
12240
71460
2160
69030
71910
99270
45000
26820
44190
55080
53730
5850
84150
25110
98460
53820
61830
48780
15120
30420
53550
14040
81000
34200
30510
83970
54450
63000
40770
24570
55980
47880
17730
99360
24660
72630
48510
2880
88020
55260
82710
63900
95580
37800
6840
25470
85950
55800
37980
75510
13680
9630
5040
41670
69570
49680
59490
85860
5760
59490
67950
63990
84060
5760
990
48510
94320
12870
28710
67320
85680
76680
32940
12240
30150
71820
26100
68310
60930
3330
7830
93060
54450
53100
88020
20340
86130
57060
82260
68940
97290
26460
50310
43380
68760
78120
87930
92340
16560
39420
28530
38970
69120
66600
36990
95490
3690
91890
1260
36810
93600
56250
5850
80100
13050
89820
66060
92430
53280
41310
12420
20340
2520
19980
3780
270
26370
98370
16020
92070
83970
77670
72900
79470
97650
55170
40680
71190
64890
6210
70650
6120
45540
60660
6300
24660
65880
180
52200
76680
92340
42570
44550
99000
22590
7020
6030
12420
1080
96840
88200
87750
84060
24030
47070
51570
2160
7830
92790
63540
67950
61650
1620
67950
22860
83970
72810
76860
23310
5400
52650
8190
70920
54270
79380
32220
62640
24390
66690
2160
86040
17010
25740
95130
17460
33840
74700
49770
35820
36990
88740
66150
7830
46530
73170
89280
51300
25920
83070
68040
20340
53100
88470
4590
70470
67860
14760
29790
92070
10530
59040
46710
32580
68220
98370
78030
15120
82800
84510
42840
96120
50400
10890
63450
69120
72720
71280
41310
99810
35640
44190
32130
540
46260
14220
66420
17280
64620
40230
34380
30420
58950
29970
84690
33750
17730
67320
29610
35100
4500
91980
80010
78750
79650
58770
39600
86400
31950
39780
99180
81450
55080
72180
1440
55800
85950
59940
59400
83790
86130
59130
77760
86580
10440
96480
39420
30330
97650
90090
51030
35640
39330
91980
55530
7560
97560
40590
44820
11430
86400
79830
14220
26280
9540
54450
34740
88110
7200
6930
54450
85770
96570
76950
28080
97020
8010
81090
14580
27090
16290
88740
53820
81090
46890
46890
26550
71010
67500
54810
12420
69480
25110
3510
58950
46890
35100
8640
52290
64710
33480
37710
2340
5580
40140
42120
50490
56790
12960
9990
61290
900
96390
16560
8910
92880
30870
34020
52920
45810
44730
7650
94050
78480
72090
74970
73800
29520
63900
92340
3510
25650
64170
85410
31860
13590
10080
88920
8100
91080
90270
16380
25290
36720
49500
85410
38790
47880
26370
81360
26280
26730
69930
22140
5670
90450
78930
3510
29250
81000
83970
38520
48420
61650
23310
540
22050
61290
31410
97110
99540
27000
18900
58230
85050
45810
84420
49230
52830
54630
66510
49680
36990
48600
31680
43830
81090
77130
10260
98820
21240
8370
44640
78840
38610
99270
77490
90180
47430
16470
79740
15030
2430
2880
99990
95040
28260
43110
76770
4860
3420
92250
87030
57510
74340
47340
10890
16830
86670
35820
82170
51570
360
34020
66060
77490
63270
25920
21060
16020
43470
7470
93330
79380
45720
78930
10980
15840
68040
58050
97200
25020
43560
2160
23760
1980
88740
41580
95310
67320
39150
22410
76320
40500
9990
86580
22320
34740
10170
12150
2070
44550
51660
29790
25830
61200
3330
25110
74970
82080
54180
24120
88200
47340
56160
89190
96930
72810
75240
31770
94950
8910
73890
72000
26370
66510
8730
34560
68580
96030
81090
45180
15030
28710
31320
450
48690
4140
70380
43470
59580
63630
5400
56160
97110
20430
57420
6390
57420
38160
57690
72720
60120
20520
13590
1170
3420
23580
41400
59580
27270
16020
68940
80910
98550
89280
24660
40950
76680
52560
66690
35820
53640
78930
90090
17010
66690
42930
54360
38160
8910
51660
2700
12420
96030
48060
73260
60750
89100
5400
89550
57510
79470
9900
53550
24750
34200
17550
28080
28350
47430
51030
810
49680
42480
69390
71820
98010
41040
17730
60480
13140
59130
48150
97920
84690
27540
85680
4230
47250
87120
13680
88830
22680
37170
78660
14850
36540
16920
630
16290
22950
59490
92160
85140
540
4410
99540
59040
7380
24750
71640
21780
37890
72900
3060
18270
19080
10620
59130
45270
78300
19350
31410
37170
58860
18360
92700
88740
27900
21330
1710
54270
38340
16470
64170
44820
49230
82260
73350
47250
47790
88020
46800
65610
64800
54810
66240
51840
2520
42480
69480
81270
51660
64170
69570
18360
77940
99810
42030
48870
9360
50940
61200
76410
40770
67500
45450
72540
94590
22230
59400
38250
11610
34560
20070
84240
80010
97560
88560
28170
12420
97560
2700
60210
5760
18630
82530
46350
56520
12420
32580
70020
27990
75870
99990
47970
12150
68310
22770
71820
83970
21240
55890
14040
82620
48060
16740
99990
6120
88110
56790
3870
16830
94860
47790
89280
65340
21240
28890
98190
38160
25470
93330
62730
49230
51840
51750
49500
92250
24660
25380
6300
29430
16830
2520
66510
49950
70650
10530
85860
44910
27000
40410
2160
18720
55800
48510
19890
9180
92070
26550
27450
98100
22860
17820
51840
90720
25560
28260
1530
20700
97650
26280
89910
25920
95940
66780
84510
16740
38070
85410
8910
900
73260
10170
68310
98190
43470
46170
14310
86310
30690
91980
68040
63810
50400
5400
73440
73260
64800
44640
6750
55530
99540
34020
18090
72180
46080
21960
56070
23940
65610
38880
81270
85140
77670
68760
29610
88200
18000
47790
84240
47340
65430
75060
60840
12780
47700
18720
61200
92970
37800
69930
86670
96390
48060
25650
46080
1890
30150
17010
55440
79200
57600
16830
14400
34380
72180
78120
19980
26640
27900
73890
69840
29970
18990
9990
42210
68220
20700
89640
13860
14670
81360
19530
32850
6390
48060
34110
6660
28080
8190
74520
31770
84060
31410
44820
33750
39240
65430
98910
42030
68850
83250
71640
87480
74700
54990
47430
33750
55710
54180
34740
25020
12960
36810
13590
84960
20880
86580
23130
7380
0
94500
73440
1530
37710
7920
38160
75420
89190
37260
71820
20880
17910
83610
83520
85860
24390
77310
83610
34830
58770
96750
61560
32490
34740
56430
16560
22140
49950
58680
15210
31680
11160
70470
26730
7110
38520
9090
42300
18450
45720
19260
32220
15570
33210
27180
31680
18270
90630
3510
18180
7020
87930
2160
59400
61290
68040
27090
89910
46980
82350
17550
27270
81090
35910
1890
88560
51300
3240
91800
66870
74880
65520
77940
30150
36540
49230
96390
99450
35460
990
87390
40770
73530
99450
42210
59760
51390
17640
33570
24660
11430
36810
78660
34380
47520
56970
14310
92700
48600
59400
90720
39330
43920
54900
65790
40680
46080
79830
11520
92610
34920
61470
29790
3240
450
49500
16650
95670
87480
19980
73530
12330
6930
15930
14850
88200
93960
31950
88110
33660
32490
59130
46350
18990
71820
25290
42840
65520
53550
82080
95040
77130
49770
17190
81810
73080
73620
70200
15750
24840
79200
80280
1350
5850
72360
19260
49230
72360
33750
24660
75510
81720
70650
32220
44280
40320
82170
36810
81630
20520
81630
28710
50130
35910
16380
94410
58410
77130
90900
43920
28980
23130
35370
80010
32940
630
72720
27900
69840
13500
27810
17370
86760
76770
8460
53370
6750
54000
96840
92880
62550
40320
77040
71190
14490
30240
31410
1890
0
75870
55980
26190
92250
76950
44550
8190
34920
60750
51300
87750
8910
93600
76410
59130
38790
90720
14760
43380
38520
78840
27270
8280
29880
60570
1080
76140
23850
50130
46170
17460
14040
39690
37530
85320
45270
99630
52650
94770
55170
7920
33210
65970
21510
76950
14850
61830
56070
98190
32850
41490
65340
72450
79200
16650
81090
47700
68310
59670
28260
7110
52020
49950
55170
95220
48150
85320
14220
42390
34200
46980
86490
89370
24660
13410
18630
66960
52650
89280
38250
56250
84420
85410
70920
42660
68490
37530
30960
59220
1440
90
32310
33210
74970
73350
22320
43380
95580
38970
1530
83970
81270
86850
19710
28350
25380
1350
45000
43650
58230
68760
59400
50850
96750
60750
47610
60030
62190
21690
61740
87210
61740
25650
37350
18360
69480
50220
30420
86670
37890
52920
75690
19080
50670
79920
61470
94860
40230
91440
19800
39420
50400
99630
46980
99180
13860
73980
46800
1980
47970
71910
4140
58230
9090
90990
31860
44730
99540
56160
61830
63630
75600
99810
27630
81540
53370
28890
2250
29070
82350
92250
24030
86310
65250
4680
62910
68400
15930
50670
75690
83340
33210
72630
23580
90000
71100
630
32670
6390
51480
47160
43200
99000
79920
65970
54270
14850
91800
8730
13860
75060
90180
45270
27630
31500
94410
40950
6480
33030
55080
22860
1170
90270
13950
14130
85590
24570
63900
17370
82980
61920
69930
30510
13950
60210
66870
34650
46620
5940
92610
78390
88560
7650
70740
86940
64350
59310
25650
15750
70380
62370
73620
57960
76410
62640
39420
25020
6210
54810
70020
53010
39510
89820
83610
65520
24390
18720
96120
48690
90720
81450
31860
94590
76770
22680
75600
71010
59670
62190
14220
35820
4680
46260
86310
58410
59220
73890
7920
68310
24660
82350
84690
46350
7200
8820
81450
50130
88470
34740
36990
97020
80010
68490
81090
35010
17820
87120
69480
12510
66150
90540
99000