246 10000
31230
48060
60480
48330
20700
42210
27990
58230
26640
74970
27720
10530
81450
47250
13590
10890
69300
13320
63900
33840
35640
9090
2160
91260
95400
66060
35010
58410
41850
15390
15840
58860
60390
62910
25830
28080
29430
15570
86130
52380
77310
25920
75330
7920
15300
4500
54720
7380
37980
47970
26280
53910
18000
86220
48870
29250
52470
360
63810
54450
78570
61830
76500
37260
36450
46710
28980
81810
91710
8280
5040
6660
71550
81540
85230
25110
66060
23130
68670
36990
28710
1170
59670
38610
48420
80910
43470
77850
78930
39060
75420
82890
32490
48060
19800
23760
11700
77220
84060
42030
99360
2700
73170
36450
36450
43290
32580
49140
70740
28620
84600
47340
14940
44820
50760
95670
76590
58950
43020
49140
11610
22230
39330
64710
98820
34110
63990
68490
21960
90000
57510
32040
66690
30060
26820
9360
60750
20340
61200
97020
1890
64350
77940
40950
42750
22590
61560
61920
20250
85860
33210
89820
89730
60210
67050
66330
98370
44550
16560
14490
42570
57960
17550
99180
88920
36270
37170
52380
86940
35100
47340
1350
87750
43290
88740
24750
23040
66060
9990
39870
17730
91350
27270
41220
19710
41940
18450
14670
95220
49950
84870
38520
90
30240
2880
77760
88920
12420
42300
53820
47340
85230
34110
37080
65160
35190
70020
96570
58050
31050
45900
22410
96840
93960
64350
66240
43740
40590
51660
40500
12690
48960
14400
33210
32130
96120
5040
87750
37710
50400
8190
10710
1350
56880
88380
38070
74790
60030
2160
5130
46800
69750
19170
77580
40590
81810
72900
88830
70110
68130
66150
90180
67680
86400
23760
64890
71010
40230
6210
53370
36270
3510
9090
12150
58770
56700
44100
99000
27810
35820
35010
92070
66960
46710
50400
45180
72360
95850
41580
62730
11880
85500
17640
33390
22770
54630
37080
62370
94320
81630
62730
42660
69120
4500
22230
79290
96930
78390
79920
67950
66420
95130
39870
39420
45000
12690
42840
65340
28170
89190
11430
16110
71550
53190
79020
46440
25470
27720
19350
80460
65520
42390
99090
6930
11250
14490
37980
52380
5130
28530
3690
45000
40860
79290
94140
82620
66870
57690
18810
78210
95760
35550
25020
3240
89100
85680
68220
33930
15570
39600
46350
77220
83070
94500
69120
12510
72810
65970
88740
7560
51210
43110
81000
94230
9540
60390
54540
6210
90
26010
98460
70470
26460
94950
46620
32490
61830
41400
52110
68040
16200
720
4050
43470
25740
60660
10080
88920
36630
58860
17370
75060
61200
41220
92070
86940
43470
65070
2250
58230
33390
3870
9090
62730
4590
40050
84060
21420
21600
46350
62640
68670
53730
27000
72630
69480
9360
94590
36990
45090
270
27180
16380
78930
65070
41940
9990
61110
11070
18000
93150
24660
270
88740
5580
13500
53550
28440
42660
23400
29340
26640
88560
1800
66510
10530
97200
64440
97020
69660
26100
99180
28890
86580
45270
3780
19710
70110
90990
9990
32850
80910
34290
7020
1980
64620
51930
65160
720
70290
86130
47340
23850
11700
71100
79470
28170
81270
26010
63360
37890
32310
65520
50400
29790
13770
9990
40140
7020
60120
88110
86940
1800
6300
51300
68760
14310
73260
71460
11250
2430
92610
6300
7920
5760
9090
74160
79650
20160
11610
24480
450
42030
1620
93420
56880
65700
96030
19710
12330
27270
9360
43020
65430
38970
21690
18180
24480
50850
18090
63000
90180
13050
43380
97560
45630
69390
18810
19440
93060
91080
79560
26460
17910
29970
21600
33120
79290
29610
50400
39150
31680
51120
7380
35280
74070
18360
96030
6390
2790
7290
20250
6750
16380
98460
20520
44730
31320
41310
86040
13140
50850
42750
59040
13320
57780
86310
46530
35820
6930
37800
19800
58140
39960
17370
56070
62370
43110
24210
46530
81630
91980
10440
45990
81360
21780
18090
27000
25290
900
78120
82170
9360
93060
98370
49680
95130
65790
45810
30240
83520
14670
68670
23310
19260
55350
41400
73800
180
17010
71010
21690
54810
44190
41310
62820
13680
23310
45990
8370
10350
35280
48420
13320
42030
46350
24570
9450
6840
71460
62010
36720
87930
76320
19170
47520
52740
56790
64890
28080
36900
15030
11700
22050
76680
66870
42390
25560
62550
10170
95130
67140
81540
18900
91980
36450
20970
54360
69480
9990
82980
54450
46170
51480
63360
61560
26370
15840
36900
27180
98460
79380
61920
43560
38520
13320
59310
27270
87120
65700
11700
50220
8370
38700
99360
37170
17100
87030
17100
64440
25290
45450
15930
1350
56790
24930
27270
65520
60390
50220
10350
41310
92430
76500
92610
25110
18000
25110
45180
49500
69210
98010
69750
72900
85770
13770
56610
62010
56520
74160
60930
34560
73710
30870
66150
22500
65520
17550
37890
3240
80280
12780
20880
80550
20340
14670
11160
97470
47880
19170
81720
50670
77220
22140
24030
49050
61920
42930
56880
540
16020
19530
540
75870
83070
31860
66870
35190
4770
67230
26910
60030
83880
41220
21060
80010
21870
68940
15390
96660
15300
88920
17730
61200
91710
96480
61110
46800
56250
59220
37530
38160
57870
80280
3330
41310
46440
26820
82080
25830
98100
77490
19530
70740
15840
43200
65520
36540
27630
87120
58320
74700
5400
29340
40500
26730
4680
47430
39780
18720
42120
46440
68220
93240
85320
52290
27090
58950
34290
86940
62100
43830
38250
32310
52650
75510
1170
83970
23940
57780
94860
66690
65880
45540
53100
12060
63810
47970
77490
55080
62010
51930
96480
55260
59580
30060
79830
38160
61560
38610
54540
29250
10350
810
5220
23130
67230
18450
25560
75780
81090
79470
75150
31140
45360
38880
60570
23400
74970
45540
73440
93960
38250
81900
86400
40860
3420
71640
28620
3150
49860
83430
62730
92880
35910
3780
75690
44460
98640
81000
36360
7200
62190
33390
20160
20700
30060
88290
11520
75780
6390
28260
44460
47970
26640
74790
68940
32670
36090
29610
45090
85230
34380
56340
55620
37620
97920
9180
54090
47340
23040
67230
70380
40590
35190
64980
43650
96930
67320
17010
75960
12600
62820
91530
43560
72360
1800
66510
68670
83160
68940
61200
58590
28530
84420
4860
6120
86310
37530
6030
50220
48780
39690
63360
80730
71820
36180
35190
59760
71370
2970
53010
73980
18810
40500
11970
94590
64530
3870
13320
18090
78300
60030
18720
33750
55080
4770
62460
62460
69570
26370
86220
33840
55080
2610
92160
77130
6660
35910
96390
77580
86490
18630
4770
46530
65970
25110
90360
9630
20250
24210
12870
72540
62370
79560
2340
59580
33570
49860
91350
92970
8640
3600
55260
26820
85950
61470
41130
26010
40950
37710
65790
72720
32400
47700
15120
22500
44280
50490
97650
60120
83880
98640
26910
87300
27090
85500
53100
6030
69300
25830
41940
21420
60480
87210
60210
27450
84690
8640
27090
94680
38250
34830
85770
80370
20700
9900
13680
12330
86670
7830
77490
88470
76320
10170
59490
46980
31590
50490
63540
42840
74880
81270
88020
84870
38340
52650
9990
14220
74340
56790
17010
7290
76680
10980
68040
45090
21870
26910
53460
29160
61290
18450
86220
82710
2700
8280
56610
22230
9180
15300
34380
43200
76680
91620
55710
61290
14670
73350
88380
27990
6750
52470
33120
80820
2610
12780
28080
30330
20610
72990
77130
27900
9360
26010
21510
93420
8730
86940
78480
28350
59130
62190
32040
90450
62730
37530
90360
44550
25830
9360
39240
71730
19620
59940
81990
59940
5670
33210
45360
69300
24750
58230
37170
39600
15750
80280
58860
29970
55620
24480
14310
89550
98010
26730
73710
87930
10620
67950
9180
89730
52740
74340
32310
72000
47970
86490
10530
45630
97650
40230
76770
22500
88740
45540
67230
15300
82170
8730
21870
21510
80910
7560
25740
90180
74790
94590
39420
62820
1080
82170
16290
45000
17100
47250
46620
25290
37890
92250
20880
68400
13680
36990
68940
85770
66330
96480
22590
8010
34830
66690
74160
27450
10170
42840
81540
40320
38880
77940
30330
44550
85320
83700
57060
42300
35010
54990
52020
4320
31590
45270
49140
68850
44370
27180
79200
36090
54720
82080
41400
61650
22950
84510
21330
45810
80640
79920
94230
63540
25020
76680
84150
63540
1530
38610
13770
73530
84690
17010
31320
69570
55080
55800
80460
11520
1800
26460
31500
73620
43830
89910
450
25380
45090
15390
55710
63450
24390
64170
58140
8460
62550
25740
36990
37980
9450
90450
74250
60480
70200
11880
36090
68580
76320
34470
71100
32850
59940
27000
31860
42120
56160
7920
21600
32580
15750
75510
52740
44100
30870
92250
60750
72000
48150
79290
56610
27630
14130
30240
46980
65790
40680
29160
44640
83700
69390
39510
24570
47160
23220
52380
12600
87210
55080
64710
54810
73080
9720
7470
32040
44460
17010
71550
85410
38970
35460
20340
53100
18540
34020
48150
89370
17370
11610
81810
83880
15570
27540
98100
24300
90720
34830
24300
16200
71820
81180
58230
6840
61920
73530
39150
75960
36450
6210
59670
79740
89280
9450
58590
2970
7380
90180
92160
73890
98460
9540
61830
58590
64890
37530
90540
77580
6660
82980
68310
85320
17370
46530
99990
43650
12690
62460
70470
91170
25020
77130
36360
87210
28530
16380
3690
89100
38970
41040
17910
64170
2430
11700
53820
84780
73440
91170
21420
15660
49950
15390
69480
72720
96390
54180
46980
12780
59940
83430
53820
53100
85680
80190
14850
8280
1710
22410
37530
85230
14580
62550
36540
70920
95130
11430
33570
92430
71460
78840
40140
66240
89640
8640
72180
81990
46620
99540
44460
16290
60210
91350
86670
60750
40950
22230
87570
69210
86220
70290
64710
94950
20430
4140
83430
11520
7830
64080
64530
77760
32850
4770
46620
68400
17910
42480
68760
76770
540
36090
53730
19800
77130
90450
16380
10530
77850
57420
63540
24210
25470
72180
11520
62370
74430
45540
5220
78390
42930
33750
0
15210
67590
62370
99810
27630
10620
1530
360
97380
44370
11430
88740
22860
5760
11070
83070
97380
89100
15390
8010
69480
4050
12240
92160
71820
8280
90810
93870
73890
16920
23220
99180
21600
23310
71640
56610
78750
46980
40680
81720
81000
84510
6120
5850
18180
44370
27450
71010
95400
12060
15930
32040
35910
5310
33120
44820
82170
35370
15480
36450
53010
37260
38340
64890
94140
96390
95220
46710
99450
44370
37710
2790
38070
68400
66960
66240
12600
67860
41670
74520
12600
67500
50850
49950
90630
38700
70020
2880
53190
360
62010
63540
11700
49140
13500
58140
41580
17460
71100
24750
71100
80190
60930
62100
75960
96030
58410
68130
39150
46620
99450
49500
60660
41220
92700
87390
87660
83250
8820
91080
28260
27090
5400
89550
15030
48150
74970
43920
39960
35550
69930
74070
8730
21150
66330
48150
38790
24120
43470
82350
79470
60840
30060
87030
38520
79110
87930
80370
90450
89460
78570
63900
30960
26550
1620
92070
16470
60300
25560
31590
47430
26910
38160
29520
3420
25380
99540
88830
10890
72360
82890
78930
94050
57960
83430
34200
16380
91890
18810
1980
35820
47160
67410
38160
93060
38790
15390
54810
93420
60390
81360
81450
17100
84870
57600
95580
6750
0
97290
67680
23310
85050
88740
35730
65070
60570
39960
71910
41490
52920
15210
22230
2430
49320
8190
33840
15570
6570
97650
84780
16740
76770
72810
72450
22050
77490
25560
450
49770
11430
270
28890
4230
54720
58410
85950
87930
62460
20610
5310
96570
34110
51930
51930
65610
31320
19710
13500
9180
96390
45000
55170
29880
60030
54090
48690
62100
26100
29430
15120
33030
55350
0
57510
8640
37890
95580
2880
18630
21420
69660
450
67230
57060
38430
41400
76950
29160
25830
3060
21060
2250
78840
62550
85860
6030
29970
50580
82440
6480
50040
18630
33390
31230
14580
27810
26280
13410
64980
41400
7830
42300
81090
3510
58590
73440
74970
9000
65070
73620
97200
90
97830
9450
70110
7920
12150
96300
81540
13680
73350
67500
93240
81450
9720
68310
76320
94140
38250
90900
49050
360
56160
56880
11430
55890
9000
16020
54810
96480
9450
17100
14760
89190
89550
24840
26100
25650
85230
21330
3780
40050
53280
21240
72630
64620
630
36810
78300
2430
41400
88650
18990
77040
66870
89820
93780
98100
29970
66420
91170
38070
36990
9180
53280
55530
61470
45900
42750
35910
12870
61200
65340
65970
77040
10440
52380
63090
61830
61560
31860
70650
59310
79110
87300
83790
91800
71730
29430
20790
58860
36000
41400
44100
56880
72180
76230
45540
59670
990
40950
54360
91260
71190
16290
83430
14850
43290
60570
17370
82080
49680
38250
55080
48960
21150
26010
68940
21150
36630
58320
86310
80910
22050
43290
64800
50130
91980
67500
70920
76050
56250
51750
89280
64260
44100
11160
63990
20880
82890
48420
52560
62820
98820
86850
93780
17190
21600
70110
25920
55080
450
93420
27540
59040
13680
94050
84240
87750
37710
37170
32850
44460
74520
22500
22500
49320
84690
82620
65430
16290
41400
91170
31320
85410
24390
8370
17460
93960
18000
95760
17100
94680
78480
32400
50580
19980
89730
34380
99000
78120
18180
86580
46170
95850
70380
23760
87480
82080
59850
75780
59940
34740
57510
48060
83610
96480
91440
8190
14490
67140
57240
39600
80640
39240
94320
98820
66870
51840
51120
65790
28980
12240
33210
62640
40320
10710
64800
3690
44730
55350
59130
16650
13950
78930
53280
13590
23580
78210
64170
41850
30060
31590
63360
39150
61830
90090
78480
66420
80370
81090
62730
86580
71730
90180
91260
94140
36090
65070
28440
38340
51120
93870
41130
22140
92700
76320
53910
90090
53460
48870
13140
35910
43830
22140
75150
22680
11790
25020
97650
51750
74430
17820
35100
65160
96840
15210
43020
41850
39510
76680
58680
26460
33570
24750
29700
77040
89100
51570
39240
94680
99450
47970
46260
33480
28890
74520
36540
61380
96210
62010
59670
61110
13680
69930
10800
61380
74700
74340
50040
65970
75330
96300
53460
50580
69120
16020
28260
41490
80820
41130
24750
13230
79380
30330
18270
67500
86940
9990
13410
90810
67500
87930
1620
11430
83970
68760
45000
45270
63090
84420
16110
19260
64260
66960
89370
53730
7920
48960
70380
30240
39420
94680
28080
7470
27720
33840
78030
51750
10350
99900
69210
16110
9810
17100
16200
15840
51840
27720
34290
73080
60120
66510
10530
16020
49590
2790
12420
92790
89190
74430
50490
60300
49950
35910
35820
62370
35100
40410
92250
64890
94860
56070
8460
19530
74700
8190
90000
72810
94860
52110
43110
51660
16290
2520
3330
46440
1530
49860
68130
24750
56340
83880
11970
93240
71640
98730
3330
65790
88830
24480
65250
49050
99180
63540
49590
5670
35910
8640
72630
19170
45990
23940
5760
77040
11430
90
88200
4950
8640
81630
32310
13500
75690
31950
35010
20430
4860
17730
34650
18270
83160
95760
35910
55980
11160
77400
68130
84600
7470
47790
98910
2430
81090
32490
9270
20970
62370
86670
26460
36900
26010
32310
47520
54810
34290
20970
68310
10260
26280
27180
50040
38880
76410
70560
34830
42930
90270
59400
66240
31140
64440
72810
97020
34380
74430
97380
91980
41310
97920
47970
57510
64170
37440
77220
48780
25920
13590
18180
98910
97830
73350
80010
46260
32580
65430
33300
40320
20610
86400
68130
990
19620
270
27720
88380
63630
15390
10170
14670
8010
77220
74250
39330
33480
25920
61650
20520
47520
40410
74970
7830
62640
97380
30060
94050
93060
68220
48960
54540
11070
73800
81630
82890
90540
23130
63270
28170
34020
3060
54810
51660
8190
51390
34830
93150
92520
28980
84600
15930
19530
97020
81090
630
27450
6390
64170
24840
55530
49590
56610
89280
85770
96210
10080
65970
87570
44640
72990
94860
44280
3240
20700
95580
15480
52020
72900
40680
29790
99630
56520
91350
55530
45540
71280
9810
98730
64620
48420
93150
74610
51840
53280
48240
99180
98820
12240
28890
95220
33210
13230
34200
12060
45180
91440
34740
94860
80370
66420
65070
56070
23670
15660
75420
69660
63540
41220
79920
58410
4950
98910
13770
1710
71550
62190
3420
14040
86580
80370
32130
8100
3690
32940
9090
25650
76230
7380
2610
27180
66870
51030
5580
39780
96930
450
14580
12870
32760
91890
20700
27450
61920
75240
4770
97920
1260
57330
22680
47970
59130
11880
83880
55080
41940
70020
51300
70740
41670
24210
39420
49140
83700
55350
37890
44100
75600
66870
52110
93420
42480
65250
99450
16650
83070
23940
38700
38520
15570
32040
97290
57780
37800
98730
34650
26820
20790
57780
60660
29160
57060
91890
19080
11430
50850
47430
35280
79920
5760
82620
47340
37350
16560
29160
82890
37440
89730
98730
5220
43290
34110
81540
98280
6390
12420
42750
89550
1980
7560
38160
19170
41400
88110
55980
67590
88380
83430
48690
98100
76410
50850
67050
98910
80910
46890
99270
56700
82980
4410
20700
82620
87570
44100
13230
50400
38700
40500
13500
990
97200
46710
7650
14760
77310
14220
77310
91440
31500
54180
40860
99270
55260
24570
43470
64170
11790
22410
76500
11160
66150
34740
85950
47520
93510
53460
46980
93780
82440
31950
8910
67500
29970
83880
7920
62640
34920
50760
80910
39330
70020
89550
97560
19620
92610
78570
9360
4050
13500
50490
5760
95670
61380
18810
83070
4860
59400
18810
35910
62460
97290
49320
26280
80190
97290
93960
55080
21330
44550
91080
89910
37710
50220
63810
91890
49500
93330
68580
11430
58500
73800
55080
66150
10890
76590
76950
13050
86400
98010
29430
67230
28620
87750
82710
5400
85770
49140
23760
48780
99900
58140
37800
91170
97290
75420
10980
88650
78210
17460
39780
7380
50580
26910
12600
21240
47790
32850
33480
66060
57060
47970
8550
21150
56700
83160
77940
22050
46620
72360
94680
66150
67590
22590
88290
74160
68040
89280
44010
72180
27180
41130
32850
71550
23670
94230
65070
93600
13590
56700
80190
3510
21870
5940
11970
18810
41220
37620
2070
56880
51390
66870
45990
90540
19440
77940
2340
88650
57960
65430
20160
12600
93960
90
54450
17370
7110
63360
96300
81810
53910
44910
69660
80910
94680
2790
47340
3420
4320
38340
40230
30690
52830
31950
34650
23040
44190
88650
22410
48690
35910
4050
83160
71190
37080
64350
38250
95400
61560
66150
9090
28170
39330
77940
86490
7380
15840
28980
26730
33120
52200
20340
28710
58590
77760
56070
14580
450
67050
69120
27000
29700
75240
49950
39330
40320
89100
62640
17910
65250
49680
6390
14310
62730
63630
48960
77130
1080
5130
540
86670
48690
89820
80010
50670
70650
74430
23400
25380
40500
84510
70470
77040
29520
3060
88200
52380
6300
47430
62370
74700
59670
47880
79020
41580
59940
86670
84780
30240
15840
24300
95310
55620
66420
9720
87750
27090
11700
15750
75780
86940
49320
21240
22860
93960
51030
14580
14490
47520
8370
70650
50130
55080
97020
2700
13230
94050
96840
55980
79920
26910
97920
3240
91620
77130
52920
93060
97200
86220
26370
1260
50850
53190
48600
32310
49680
46260
32220
2880
69480
2790
27630
96840
46440
60750
69030
3420
20070
91800
53820
93960
38430
63810
79650
28800
16200
93060
66600
65520
31680
57330
33570
43380
49590
62640
61380
16110
29520
8100
4680
66510
80100
40320
19980
94770
43830
33570
38340
38970
54000
40410
39420
89010
43110
23580
16020
8280
21960
7110
2700
58050
53280
63810
71640
14760
270
97020
37620
10350
22320
50310
92790
40590
36450
27180
88290
83700
10260
42390
2340
89190
2700
23940
15930
90630
64350
34200
78660
74970
35820
33930
45270
49500
38520
43560
89730
37440
94230
74520
22050
74430
78030
77490
45270
26730
52200
78840
94950
80550
17010
45270
68760
30960
36000
94230
7830
22140
29610
34020
75330
27360
78480
64350
71370
94500
9810
70200
42300
19890
91440
94320
42300
19530
11970
27990
27270
74340
66420
84780
83520
54990
36630
89460
94230
7830
15570
43200
81630
94680
69930
53550
64440
70470
57060
25020
90
7560
84960
28710
75330
33210
10800
87930
89100
10890
35730
48600
15030
88470
79020
27630
53370
41940
30690
93780
41400
65610
73260
76770
37890
31950
33210
37350
16470
77850
37620
74790
58950
60120
34380
22860
27270
38970
25020
29610
85680
39150
53280
27090
65430
84060
26370
28620
89550
88650
96750
55710
43740
52830
87750
77130
85590
26100
16470
55080
1800
95400
40140
99810
34290
66870
75150
5400
12780
73260
96030
15930
20340
17280
51840
96300
69840
66240
77220
79290
66420
35820
29250
86760
96480
24030
36270
7470
18090
11340
59220
75600
48780
91980
24570
68490
94320
38070
48600
62370
91350
810
13140
85680
30870
33480
41580
38160
40500
63000
96660
96930
18540
19800
75690
98010
94770
98910
56880
11880
7920
26460
6120
63450
63000
36810
19980
55080
75240
95040
32850
79920
45990
89010
45990
75780
33390
13590
69300
76770
62730
76680
11610
1350
5670
51660
43110
71730
93240
49860
10620
2700
2070
40050
68130
40230
73440
4860
24210
81270
88200
82980
59400
58410
58860
60390
41400
44820
7830
53190
72720
10980
85410
40590
34380
61470
87390
51750
82260
67590
19170
46710
66150
31050
8460
23670
64260
47430
56250
67320
91170
84780
82710
63540
35730
78030
76500
73260
73440
5850
8010
43200
50850
85320
30420
63630
59760
81900
50580
78390
16830
52380
81000
36000
65250
80370
53640
33480
89100
42120
5400
20790
29070
43830
57240
29790
50130
6030
72900
23310
47160
78840
92880
34110
95580
80190
67050
67230
51300
94410
80190
91800
22230
45900
88470
77850
71820
53730
82620
97740
11070
43560
56250
44820
87480
26100
81720
96750
6840
68400
54630
8640
98730
46620
78930
70920
23580
54090
38970
81360
12780
97650
10440
96390
33120
27270
74520
14130
41220
7380
85770
96840
59130
13050
67860
50040
53550
67500
9180
32040
39060
34920
44730
84690
5850
82350
71730
3510
29790
4770
99630
4590
8460
23940
1440
78480
19980
83970
80730
91620
46980
51300
31230
85860
28530
52470
98100
70650
75870
3690
13050
19350
62730
46980
45720
41490
67680
45090
70740
53820
17370
33210
50490
99180
53190
83160
53640
67770
41580
67050
55620
83340
67590
56520
51120
83700
56520
62370
9360
6210
46980
45270
16740
96300
72090
67050
98280
50850
91890
37350
40590
88200
74700
83700
43920
48690
84870
46530
44550
38070
71640
40320
65700
36360
6660
90540
61380
88740
23580
30690
53280
91530
18270
33390
98460
68400
69210
38160
28980
81450
67050
70920
57420
86130
81810
47610
25020
57780
23310
41130
26910
84600
21420
26910
97200
15750
94410
75150
89280
58320
3330
16380
29970
57330
34290
7560
21420
14940
98460
28620
30600
58860
70380
18630
45180
73800
94140
9360
37890
42390
89010
9630
24390
56970
9630
18090
21330
10260
46260
50760
81090
58680
64080
15300
55890
52110
67950
20250
32670
99360
45360
38790
66510
65880
32400
33300
36900
92880
69480
50310
38970
83070
42750
9090
22140
5400
75240
67680
77490
66150
43560
75960
7110
41850
66420
39960
43110
87480
92880
59580
74700
48780
36000
97020
37620
80820
15300
27270
66420
95490
17820
63630
88290
22320
1170
44820
5760
16740
76950
7110
4590
33930
87660
49770
76860
68220
9720
20610
44550
69570
58050
14130
60660
20430
20610
91080
15300
83160
50580
35550
48330
54090
12240
98370
29970
16200
13590
270
5220
10620
38430
67320
73980
7560
65610
20160
95850
19350
50490
4770
63630
68940
34560
49590
24570
98280
95130
10890
16470
48330
52740
21150
99720
81090
90990
73980
65160
99450
13140
35910
72450
34110
63360
23310
79740
32760
74790
58140
3420
59130
50310
11700
37530
6570
89370
82440
18270
69390
11520
34470
40230
83340
68130
73710
75060
4770
71820
6300
73260
38610
31500
22410
67050
89730
11340
30150
94950
1710
47790
97470
59580
54000
60030
5310
39600
70650
8460
97650
26100
20070
26460
17820
50400
23760
21240
58410
35370
86220
19440
28350
50940
77670
68850
7200
45270
35100
96660
20880
76230
58140
1260
50580
90180
57060
51390
2430
62730
82710
72000
8910
2430
25740
66960
22500
76140
47340
12600
59580
68400
73980
70920
10350
72540
12060
83250
13680
60030
19620
97560
77220
90540
35190
6030
76950
75330
63090
50490
3960
18000
65610
2070
67590
97290
18720
6480
18000
68580
48510
91530
8460
73260
3960
83970
37440
80100
27540
10530
64350
71550
61560
97740
27450
9090
38880
82980
3960
27990
85140
4860
11070
54450
82710
79470
29880
54090
50130
20970
5220
29970
31140
59580
74790
67770
1980
59670
6030
31500
94590
88020
21870
96840
77130
92070
43290
35190
6660
12510
67050
24120
33210
48240
91170
91800
23670
27720
32130
63360
47250
59040
6750
43470
6570
83250
9900
11700
41940
46620
4320
32670
22410
19800
63810
80910
49860
84060
19260
74700
3510
79110
74520
93150
90090
80010
77400
72630
71100
62820
42300
2790
55350
38880
16470
16200
72540
29430
48330
66960
67410
88020
84420
6930
96390
13320
54720
55530
88830
89820
97020
1080
81180
49410
69750
45540
31500
85320
79200
64620
20610
30690
55260
5760
55260
12330
19170
94230
47070
87120
18090
42120
76680
3690
61650
77850
87750
32130
39960
63090
83880
70830
49500
89010
33120
43200
720
96390
82440
54630
11430
68580
86400
51030
1620
6030
61920
32130
78930
34020
29610
56970
99990
22140
57510
51570
37620
89550
56520
21960
11250
44640
77670
48690
21870
81000
87750
99720
46080
41670
4230
5400
44910
89280
10890
90630
48240
12420
40500
21060
77580
53910
42030
50760
32310
55080
77400
1800
15750
75600
20070
44100
15750
35010
35550
88380
71280
96030
95130
58050
35370
51210
11610
31500
30960
32400
72540
7200
73260
43470
29700
59400
75690
34560
80640
49680
81810
41040
48960
27810
24390
84330
14490
5040
96390
73260
78120
95040
55080
32400
31410
86580
37080
31770
57240
24210
18450
23580
44100
35550
83790
18360
96390
56430
42750
84330
96660
44820
37080
51570
37800
72090
82620
71910
86940
5490
7200
40140
98820
89190
69300
55080
88920
39960
94590
98640
62820
77850
63810
95130
7020
60570
72990
24210
43110
57150
12330
71640
6030
55530
52920
38880
25650
70560
54540
77940
26370
32400
14220
95040
24480
2340
27900
33030
51120
29880
4770
71460
32580
41220
63360
91350
9000
63720
40680
44280
75330
45450
44820
87660
14130
37890
55800
70650
43920
15570
6390
91890
90810
14670
12600
32940
2340
33840
54180
91800
29700
24210
81900
76950
26640
12330
83340
65070
23220
36810
90450
96300
69030
37890
66060
58770
38070
42480
18540
2880
7200
26730
70740
35010
85770
83070
55800
37710
31860
93150
3780
53460
79740
71730
12600
41310
82170
48960
38430
55980
92070
53190
6660
50040
47160
4500
30690
84240
36810
80550
35010
5220
76050
89280
32760
75150
11880
91710
9900
4230
59940
51210
3870
59580
99360
3600
75870
9270
43290
97200
3780
31500
18000
57780
49590
16200
30690
71910
64530
2340
43020
34290
57690
48420
78300
98370
10350
53190
95130
63810
68850
35190
1530
98370
98010
12960
30060
27360
41220
72990
31500
45810
64080
84690
6030
98730
40320
87390
66780
40410
99090
30870
23490
58860
75960
80190
50850
60840
80820
86580
55170
94770
76230
32400
78750
96750
23040
52020
72540
73350
96030
64620
69210
68580
12330
37080
71460
70920
81000
54990
45090
45270
43740
70470
59850
72270
99990
18810
33210
89100
63900
23850
71910
15840
6210
3780
14040
61200
15030
42660
57780
88830
43200
55800
6840
36360
15930
37350
57240
53640
69570
6210
78030
60390
91620
11070
46890
18360
65250
50760
97200
50400
94050
40860
98820
63270
66150
75870
64170
64350
45720
74250
31590
36540
21960
39780
5580
57240
5850
8910
46350
83160
6300
6390
36090
59040
28980
55170
63270
90900
38250
21510
70650
29340
31410
86220
38970
90450
25380
7560
52740
86760
11070
92250
34200
89730
27810
67140
75420
37980
28530
21870
74070
37440
26190
58410
78750
24480
96390
93600
3240
41940
44460
65070
58320
4500
44730
34740
29880
29430
97470
30780
67500
10620
85320
85860
86220
2610
36720
13050
82980
80100
3600
41670
53730
95670
69210
52740
64710
99000
45000
95670
98910
57510
2520
32310
34470
91620
61200
83340
10620
26910
78030
90900
76500
77580
65970
41850
60660
82260
30690
38520
73620
53100
65340
4410
62550
99180
15210
47520
56250
92880
44460
68130
32310
45540
80370
9180
12060
98010
25920
29070
91800
31770
70020
59580
79920
90900
20250
36270
60300
27630
23130
50040
26100
54450
21420
99630
360
71010
81180
76860
22320
70740
22590
72000
68670
71100
88110
85500
9720
29340
48150
84330
54360
97650
24030
66240
98730
41130
88380
17190
26280
45270
92520
90630
43290
52110
13410
85500
27630
32490
18630
86310
18180
52110
26010
91440
30780
27810
92520
92610
67410
86130
5130
31410
12330
12420
73890
66960
31410
78390
31140
38610
51480
38700
450
85230
34470
44910
28710
82890
10530
83610
47520
89280
77670
75150
56880
67500
21960
11970
23940
2880
57420
61380
62280
73170
81720
95310
9810
62640
71550
46890
17010
48600
73080
86670
78300
81810
36810
60840
35730
56790
60390
50670
23040
86490
98100
67230
97650
28800
41220
90630
71190
5940
42030
52830
78660
50850
38880
48780
35820
84960
53550
88380
81360
93150
51120
15030
360
3060
9630
19530
99000
63720
94140
75060
49500
30870
97650
42570
71190
62730
36720
62370
20160
58860
37170
30690
51750
32490
16200
94500
79560
86850
91440
63360
23670
55620
62820
36990
79920
53100
33390
69570
12600
73530
39780
64260
87660
77130
64980
22410
82170
43200
84240
27990
6750
82530
97110
56790
90720
77760
52650
40230
58590
68580
51840
83070
37710
81090
97110
84330
61380
34830
94050
93870
19170
7200
17820
19080
36990
54900
3240
47340
56970
7560
31500
2700
24930
5130
82170
39420
16380
97290
8010
35820
44820
53010
3960
75420
79920
36090
86490
21510
4860
1440
79920
67140
42300
18270
72360
53640
82620
26280
52920
32670
43830
97830
18000
19890
50760
80280
15030
45720
56340
57240
86040
18540
60750
11880
98010
26010
18720
61830
67500
49680
83880
98820
93600
14310
11970
35370
73170
52920
55440
68490
36810
51570
22590
9000
69210
95940
20250
44640
13320
32670
44010
3600
58410
51300
75780
80550
93240
93600
62370
48510
54900
46980
18810
84420
84600
12060
53190
15120
71550
66510
13950
81720
85680
81360
61650
87300
1350
41130
62640
11610
1350
2520
38880
13950
8550
67680
19440
84150
89550
60480
68130
17010
9630
56790
40230
84510
34740
38790
83880
61470
38520
51120
9000
42210
86580
9990
36000
77580
51300
26100
27000
5580
3420
36180
16380
20430
55350
68400
46260
12060
79740
49680
22140
65430
72900
53100
73350
95490
17550
71190
14490
84870
36810
46440
82080
83250
50130
55170
76500
36360
18900
67680
32400
76590
34380
46260
95040
61650
36990
19530
79920
67680
82980
19620
51750
56610
70830
95130
58950
96300
83520
78120
9540
77130
49500
49860
15840
11160
73350
91530
12690
85590
36540
19440
32130
37890
46350
19890
23940
63360
31680
11070
22230
97110
61560
94320
57420
64350
38250
42840
40500
83610
29880
14400
31230
16560
16740
91440
84510
48150
60660
39870
79650
52020
82800
91710
49950
66600
1980
9990
6840
92880
11700
22590
26190
82800
64260
92520
82170
81090
63180
72270
64800
14220
85590
72540
20340
77220
44370
68580
81450
94680
71190
71550
42030
24480
48870
18450
14940
26100
91890
7830
82620
3060
45270
48420
42840
40680
13410
46890
28350
62820
54180
29250
12690
10530
21510
53280
80820
91530
66420
61110
89910
88380
72990
32220
50400
22320
58770
72990
44010
35190
37890
37530
26910
29160
53820
33570
42210
83520
43830
93150
4320
66060
15480
80100
59040
28980
58050
98010
37080
93510
9900
25290
29970
70200
93240
22680
81900
70290
32670
37260
66330
76410
12960
57870
66060
34650
32580
64800
99090
79020
36630
21420
18810
96480
38610
18450
81630
68850
99180
87840
23580
96120
49500
44820
61740
66060
540
17730
8460
57060
85680
87570
91170
18900
89010
52020
80640
41310
34380
39060
15120
46080
62100
84240
41040
10530
32130
58410
39780
41760
65340
28530
14850
85320
630
32310
5130
4680
62640
73710
11070
2520
95760
540
17730
42570
2700
11430
52380
11070
3960
60030
27540
37080
39960
19710
38610
54450
6660
40590
76320
88650
7380
32490
56790
36990
7020
44100
46170
11070
10260
53010
30420
13860
95940
64800
18720
95760
45900
66420
89460
79560
71820
42390
17190
14670
86490
48330
70110
82980
30690
30690
67140
90090
98550
53640
97920
6660
57330
17370
19170
6660
40590
82170
37440
28170
45090
80280
3240
12510
89370
38070
74790
20700
13230
18360
89460
73440
11700
75870
84780
97740
69120
68310
20880
82260
83880
16110
44460
7200
74790
47790
53100
36450
51930
65250
26640
78120
72270
62370
59760
4230
99180
55350
24750
82440
18090
52470
29070
97470
75600
53190
68220
94230
77400
77130
41310
98910
12960
54180
66690
69480
99090
47160
83430
25470
42390
17550
34830
88920
7920
70470
30060
8730
33030
66150
69750
90990
56520
73440
93600
25470
9540
16290
40770
25290
85230
66510
91170
47790
78210
48780
90090
28710
75780
66600
32850
51210
57330
62550
37890
47790
35370
33300
14760
89370
42570
36090
7740
54360
38520
18450
31680
96480
38430
85770
20250
21150
65340
51660
40590
5040
61200
41400
60840
33570
78750
34740
72630
4860
69120
23130
16020
21150
45180
20430
74970
70200
81720
18180
54630
32850
57510
25380
14670
51840
82530
56970
49590
24210
22590
15480
15210
85590
23400
27270
41760
53730
78660
64080
54180
86760
37980
97290
13140
57150
99090
76590
60030
70920
34830
96660
15480
62820
75690
54720
2160
56160
76230
20070
57150
67500
29970
18360
28530
64260
86490
43740
25200
67140
77400
84060
10530
79110
40860
76590
44370
54810
74970
1080
77850
80910
19800
81450
25200
65070
23670
5310
71550
44370
87930
29790
2790
43200
97200
99630
13680
95760
20160
62460
45990
35460
50400
93780
30150
13770
73620
27270
80730
26820
36630
66960
59310
7200
4410
16650
11250
52290
76770
20700
75510
66510
71370
95400
62550
41310
76320
4590
21600
46260
93330
80910
35460
96480
45450
12780
28350
40770
79020
61110
61020
17100
9360
68040
55800
49770
14040
42390
10890
98730
15300
44190
40140
78750
5040
54540
42390
86040
45900
90540
35820
78570
73710
88110
98280
9810
99900
22590
9000
64980
46170
47160
45900
70200
24210
14760
1170
20070
89820
37710
71370
33210
60210
34740
70380
61200
74070
50580
40680
25470
80010
99360
81270
53370
7110
31230
45720
40410
360
78930
67500
2070
67770
11970
43470
28800
98910
90270
28350
50670
97290
91080
27000
27000
70200
83430
94500
62100
91080
58590
74430
62190
10080
35910
81000
47520
51570
31410
35280
6570
36090
24300
93510
60570
75420
43200
9630
43470
13140
9450
21060
5940
55530
87300
11070
16560
68130
14130
58680
65520
43560
8550
98460
77490
14940
52380
9630
24210
97110
12780
92070
12150
72900
4500
31500
79020
50400
7740
65160
46170
88020
85320
34920
65340
53910
80190
76680
98550
90
70830
8820
37260
54180
70470
68220
80460
87300
8820
31680
6840
81270
77310
53460
86490
81450
35370
99360
68490
72630
60480
96300
19530
2250
64890
76770
32850
38880
42390
29070
81000
35190
70920
44910
30060
67500
9900
32040
35100
94050
86400
84870
88020
76770
98100
84420
43380
52200
18990
41760
37080
42570
38610
43020
19980
1530
83250
85410
35280
33120
43200
47880
33750
98190
14940
59130
22770
69660
62190
99990
78030
270
23220
35640
2340
37350
58950
87210
15480
77130
13230
19530
60210
30960
72090
31500
73440
15300
88470
27360
84780
58140
27540
42120
49320
55710
36990
23220
76500
90450
80460
85230
58500
71910
68040
52650
22410
59400
21150
89010
68580
61650
89010
42480
25290
31680
84600
61380
12600
56790
63900
540
94860
81720
78840
90450
61020
31230
57060
76770
540
58860
60300
99810
24840
76860
30780
31140
70290
82170
49410
32220
96750
54450
5130
52020
92790
46260
26640
73080
94410
84600
64440
19710
47340
94500
78750
22680
810
66690
14760
6930
68580
88020
54000
45180
54540
72000
48240
1530
10890
51210
56610
21150
34740
69840
82350
40500
47610
91170
98010
5940
6210
55800
21960
56880
56970
88830
29430
39780
34920
66600
50220
73530
90180
91620
49140
61290
5490
7920
17640
58860
40950
6390
65070
65250
48870
62460
93690
14040
90000
7200
66060
85320
83160
92700
86310
21780
35370
71100
39600
33210
6120
94770
57690
77040
73440
58680
91080
47250
49860
21690
34110
71910
25470
22860
85950
92250
55710
83700
96750
15120
92880
28620
41130
49050
7470
15570
97200
87030
37260
65700
10530
60570
24570
59040
88740
6210
69390
67140
23940
63810
87480
13860
72720
6120
72540
44190
65700
99810
70560
270
360
49410
83520
74970
62190
8010
29430
80100
55800
52470
11070
99450
22230
86490
53550
93690
59940
1980
88650
58500
15030
67950
99540
4230
22500
66510
95670
32670
16650
66780
66420
99720
33480
81900
51300
8280
46080
52380
66150
83610
12600
1170
54360
24750
13230
82710
41850
96210
62910
90270
51120
19260
93510
32400
61290
72630
99540
94410
96030
27090
62820
12330
24480
22500
43200
60480
41850
40050
90810
75600
12690
97110
98460
12960
22410
74700
72360
73080
85770
34200
29070
65970
96030
99000
38970
77040
61200
39330
77940
39870
30960
61560
97200
70020
81360
63180
95130
89820
42210
66780
36990
95400
65340
59490
88200
64530
81540
56430
59850
50310
50130
22500
41670
91440
48960
11790
92160
13320
53100
33570
78750
13320
9360
20430
9990
73980
27090
12870
94770
48150
97560
26730
72180
720
66690
30240
86490
22860
43290
22410
26010
31500
42660
3150
85320
66600
80010
27540
89280
18180
13770
10080
77400
84870
30600
76950
20070
51660
42030
35640
4950
58950
28440
4320
8910
1080
4140
79110
30690
28530
83070
61920
1080
14220
85320
82530
34110
96840
36000
28980
39510
34200
67050
20340
13860
32490
39150
41040
31770
3060
82620
42480
10710
83430
93870
16290
41220
32670
77850
54720
43470
84150
18900
9810
7920
79920
90990
96300
36180
93330
87840
88380
52470
28530
42120
12600
88920
20430
38160
9810
36630
33030
21870
36360
88650
65430
39780
60300
14220
98730
81630
13770
45900
13500
25920
75150
70380
27720
43920
55350
2520
64260
32130
11160
42930
85410
27180
7560
16020
39780
79200
32220
54810
92430
31050
45360
89550
21690
36630
67500
32850
67320
61470
39510
19620
99630
32670
88110
17730
74520
45810
77040
80100
10530
43560
99180
8280
69930
58140
11070
55440
42480
3510
15570
16470
77850
92070
39510
38250
93780
51840
53640
31770
11250
53280
63720
68220
23310
33120
44280
20520
67410
66420
29520
94500
77760
13410
2340
30690
33120
74430
34920
59760
79560
5220
81630
61290
14130
24660
24570
35550
15300
2250
8280
58410
53370
8730
68040
67050
15570
57060
7920
91980
8190
27180
5850
81000
72090
13320
6750
10620
61020
80010
30420
30870
23850
8100
97560
97560
42750
23400
15660
18180
75510
84150
63000
24570
83970
9090
8910
98910
50760
45720
96840
56250
27810
35190
36000
5310
69930
1260
21420
92970
74520
44280
55620
70200
7290
94230
16290
1620
41040
26010
540
47700
76680
56790
78660
75870
25830
25110
16200
40320
87660
7650
59580
20160
41130
89010
73530
65790
50310
63450
84150
1530
53280
18450
36990
2430
43380
79470
45450
30150
26280
48600
40410
49320
42120
6030
40050
71460
27450
0
42120
71820
81810
46080
450
70290
11160
78930
71190
810
1890
25020
42480
9270
1980
78480
89370
1530
90450
83520
5130
6840
78660
18990
64800
7650
90180
75060
5850
14580
52650
38970
28980
45900
18090
19890
89010
32310
57780
95850
82350
15750
72360
71640
61110
23490
32310
81180
46980
78480
21960
74340
69750
74250
27360
8640
67590
30420
30780
45810
33210
54450
91890
42480
95850
22410
32670
35640
63630
8730
33570
42030
65070
5400
94050
99900
11160
18990
95670
26910
41760
10890
70110
95040
76770
65790
53910
87750
71910
91260
24750
2880
24570
45720
93060
42480
52380
48780
51210
90810
5220
90270
16560
62910
3060
86580
57780
66780
38160
35100
33750
22410
74340
17100
34650
360
83970
48870
11520
48060
39960
27720
16200
76680
62640
75600
91710
29970
88380
48330
70110
39870
85950
37890
3600
50760
80190
76770
12960
38700
22680
64260
48060
30690
11520
41220
36990
12060
62460
71820
42480
52290
6480
38610
91620
50310
26640
7020
51030
59580
53730
63540
10890
34020
40950
22770
63810
36540
59130
3690
75060
17910
90720
11790
41760
69300
4500
72450
35460
0
17100
66600
43290
95040
19350
66420
9540
2430
20430
4950
39330
42210
56700
14400
79920
33210
4140
27720
43020
97020
5760
26550
1980
40410
69390
26820
21600
78030
77940
71010
57060
75780
71190
23400
720
42750
96120
15480
89190
1710
74790
55980
91080
39870
74520
17910
46890
78570
10890
30960
20790
52650
20430
30960
75060
87660
18450
8370
76770
47790
73350
11700
35820
71100
54720
54720
32760
94950
43200
67590
47520
27630
41400
46530
35640
66240
37620
62190
66600
9630
50850
74160
50940
85500
85140
67680
50580
70830
40140
9630
97470
38610
16560
5400
50850
78930
17820
18540
32940
34290
34560
8010
22140
81900
21780
16020
42300
78030
30870
97020
4050
37620
50310
80370
8010
14850
86670
88110
91440
49590
81720
15570
45540
68040
46350
61560
49590
60660
15570
77130
54450
27360
51750
97560
33030
45360
8370
42930
71010
49950
93870
5760
51480
44280
99810
23580
21870
19890
88740
51210
53010
63900
80370
13680
37800
26370
51840
71820
69570
50040
75510
16110
6660
36270
75960
12060
34920
71910
83610
27270
72810
67950
90810
67680
43920
26100
23670
48240
75240
48240
46350
40680
78030
86940
37890
87480
39600
36450
41490
58500
3690
80550
26370
74700
74070
20340
46080
18360
84060
24570
74790
87300
96930
43290
47160
29610
81540
43380
97560
58770
94590
71550
58140
17820
63630
89010
8550
35460
62910
90180
81810
57330
16470
45180
77850
47880
43560
73710
23400
58590
22140
72720
36360
39240
64530
88650
31140
96030
59760
57780
61920
32490
21960
4140
27180
39600
27540
72990
81000
60660
540
71910
79560
25110
74160
5310
92250
75960
93690
78570
58680
8460
3960
76590
35190
78030
31860
79200
99360
81450
95400
59220
20160
49950
84870
58050
30510
12420
79650
79110
88740
26730
67950
78030
38070
86670
33840
80820
19440
34110
81000
21600
32670
10620
79110
80370
27270
51210
28980
44730
64440
58500
66150
31230
62640
20340
77850
63810
22500
48510
82800
10260
89640
6300
52470
72180
24840
24210
2070
70200
9000
54720
53100
76950
99990
72900
19080
56070
57780
26820
47430
34650
23220
76410
95850
56070
70920
11430
87570
59490
95220
41670
22050
42840
8730
12420
10980
34020
75330
36360
70200
60390
77670
67410
7200
21510
20160
15030
2340
12240
97470
25740
86580
3420
8370
85050
3510
72810
51210
41310
36000
14580
28800
54810
28260
80730
67050
36270
15480
47340
41940
44910
4590
71280
88380
80820
40950
22140
87390
29880
70560
98100
16380
70470
80640
40050
15120
37710
92880
33210
92250
73350
90900
54270
70290
55260
11610
13770
46080
68490
96030
28800
93330
92070
68220
12330
90360
75690
79020
44370
82800
88830
75060
84960
90180
64980
72450
97380
83160
86400
27450
47340
95130
90720
50400
32490
83520
63720
180
93600
22320
40410
68760
88560
29070
61740
99900
9000
43200
72000
11340
12600
91980
85320
11610
5040
66330
36180
50490
87390
42120
51480
69120
58680
360
70110
43200
86310
51840
20970
61380
38520
38520
80100
81090
49590
50940
9900
70560
39510
35910
89820
68850
15210
9360
76410
93150
97830
40050
15570
79740
90540
73080
35460
20790
69120
2070
7200
7560
35730
81900
85860
13770
45000
50220
10440
83880
51570
87120
42120
87930
78210
72540
91530
98820
67770
57150
59130
92250
50130
90090
86130
28080
36720
43830
58860
38970
5850
97110
73800
10260
39510
54450
21690
77670
16200
19260
59580
62640
13770
98730
900
80190
82530
87840
18630
12780
7920
5490
9090
84780
75510
9360
92520
80730
10800
81360
62910
95220
82710
12150
8820
41310
1890
1350
90000
54990
48240
32400
81450
12960
92790
90180
13770
20430
14220
17280
87390
67230
30960
49950
17100
81090
84150
23490
46710
29610
53550
24570
98640
85950
11070
18090
63720
47160
13050
91980
90270
34290
91980
57960
55530
1890
32670
30150
91350
14310
43380
50580
78390
40320
23220
79560
24750
89820
6120
69120
53460
29970
48690
79560
80010
450
67770
43830
69750
50850
35550
60930
55530
83610
53100
27270
38430
17730
75150
56520
67950
57870
59130
6390
7110
99270
15030
29340
32130
52740
87300
49050
79020
3420
67320
61470
40050
40860
95400
68490
85230
67320
38880
50310
68040
75330
46710
60930
15030
64440
24030
51300
21780
32490
58230
96210
32310
15750
2610
87750
60300
9270
54630
60930
60570
14850
48690
87030
99720
52560
30960
88290
27090
52740
20520
40860
86040
5400
12780
14580
81810
61740
85950
42300
49770
85410
87300
61290
71100
95220
63000
23220
63180
34470
92160
70290
98370
92340
66960
32850
14670
33390
3330
64350
21420
2880
33480
43020
55800
79830
39780
81540
4860
15570
50040
14220
44460
29520
30780
90900
85950
35640
54000
25020
35460
37620
8550
18450
40680
45540
46440
27720
22230
1440
6930
16290
72270
34830
21330
27900
29700
57600
57600
22950
76140
2700
82170
87390
48600
77670
46980
55800
50040
36090
75780
91800
29340
37710
81450
49320
70290
87570
450
82170
15750
16380
65880
97830
85860
96210
39330
31770
69210
86490
98100
35640
91890
22680
51570
28890
63360
64980
37980
10170
9000
52470
23130
84690
8370
31950
98820
87030
46170
20880
76590
73260
74700
28260
46980
78030
44820
23940
80370
21960
59940
5400
42660
67500
31230
64170
30960
84780
71910
96930
68760
25200
55350
40860
87930
82980
6390
28440
89190
9540
62550
95940
6030
39870
98190
9990
89550
45990
30330
63360
54360
47340
34830
74880
36540
91440
51300
80640
80190
7740
47700
33030
99090
83520
37260
24930
84690
83610
3330
57240
77670
83250
33210
91620
26010
19530
64980
45810
96660
12780
58410
90270
86670
31320
52200
1170
41220
57690
54000
50310
28620
70110
68040
50310
40680
79020
13410
56070
58230
49950
12330
4230
94230
74340
32310
30690
72090
45090
83070
70920
6210
85680
23670
53190
60660
43740
82980
48330
68850
14670
4680
61830
68400
30150
89820
66060
5760
61650
9720
85320
39780
32940
89460
88380
67050
92250
82440
79920
86850
29790
63090
52470
57240
31770
45810
74700
44190
71550
8550
95400
2880
63810
80730
48690
67500
93600
27810
51300
19260
10530
39330
76140
63270
42030
22590
67770
3960
59220
8910
810
32310
68940
60660
88020
42840
61740
89910
83070
52470
8550
83070
60570
51750
13770
39600
47430
20610
92250
72180
21960
36540
50580
55440
36180
63990
77940
75420
83430
45090
3510
2070
63180
19620
81090
25920
31320
51660
17100
24840
14220
63720
95220
69300
97470
76050
8460
26100
3060
19530
61380
84060
17460
21240
88200
72090
50130
59760
84420
15030
4770
57330
7290
40140
16110
33930
39870
54900
83880
85590
27180
45360
33300
35460
30420
41400
13230
32130
17460
90810
8460
95040
13770
70560
87300
9270
26460
80910
54450
27090
8370
68670
99450
91350
59220
9360
73440
29700
8010
77040
54720
51930
16470
61740
48600
11880
68850
56070
61920
95670
30150
72720
44910
92340
11160
5310
62640
72540
19800
8190
2340
72360
33840
4590
31950
58590
61560
30060
81000
41490
80190
95850
80370
19800
78120
49410
17460
8910
24840
84060
87840
64440
58500
720
67680
95850
60750
22410
68310
22950
75420
77850
29790
99270
35190
54720
53010
10260
57780
5580
20520
22590
14040
30960
96930
81270
86850
85590
44190
14400
55980
21240
14130
2610
95580
33660
22680
67680
54000
95580
29340
4950
95130
71190
48330
23130
96210
15930
64980
74430
82440
97110
32850
36990
50220
65520
90450
68130
6660
12600
20340
96750
45990
24210
43290
53280
23310
83160
9360
68220
49320
51750
3510
40950
540
14490
19890
24480
88920
69930
47610
41850
78210
15210
68310
81360
47970
9540
40500
87390
65070
51570
94320
16380
75960
74610
42930
43020
86940
15750
59220
8460
92340
86400
63090
77760
31140
26640
87030
28440
76320
60660
69120
4680
81540
83610
83340
96930
98550
75060
22770
92430
13320
10620
31320
90990
51840
81990
94770
64350
17640
99900
20070
21420
17010
99090
81000
2250
4230
39510
8730
56340
81270
56430
82980
46980
23850
44370
10080
20160
20430
19620
93960
85230
180
69120
89370
37890
51300
18990
45270
25560
89280
29700
24030
89640
93960
99090
20610
8370
98730
34650
54720
8820
28440
63090
11880
25200
73170
42570
80010
50940
58590
27810
83880
53820
19890
80280
83610
12150
31770
75060
26640
47970
9720
99900
53190
46710
75240
54090
83700
8820
8640
97020
59130
62280
90000
45000
79650
90990
60120
90630
78390
12600
7560
25650
56070
60300
65970
18810
68490
26550
35550
17370
97110
50850
50130
62640
85590
41400
67320
9360
83160
34920
82710
52920
52200
99270
66780
10530
12960
63090
65160
60390
9720
77490
70740
46890
15570
14580
75330
21690
13770
87210
46170
94230
79830
10710
78390
50310
37440
30420
30330
77580
94140
72810
31050
26820
90990
76860
21780
84150
3420
40230
5580
94050
54090
1530
82170
61380
80100
15840
88200
38070
66150
42480
42750
68130
20250
38610
8550
25380
900
76950
25470
18180
88110
99900
28170
32130
78480
12060
52920
77760
32850
96300
18450
39240
7830
67590
87120
29700
72990
22860
43560
84060
46620
38970
75060
62280
69840
81540
90900
95760
56250
49590
74790
84420
91170
54450
13950
60210
76410
44370
24120
68220
1620
67320
75330
91890
2520
61290
35100
23220
61380
14310
83250
17280
30600
75330
38250
7470
11790
7380
3330
25470
56070
15390
3420
18990
93330
64710
81450
78840
66690
810
90720
98370
77670
720
16560
81180
63990
10800
91980
91980
80280
2880
60750
60750
34020
72180
89550
7740
8820
72450
90990
91710
59040
69750
49050
88740
11250
60210
57960
97740
9090
80910
43560
96840
93420
44100
60030
70020
74340
60930
97920
39330
54450
13230
76410
64890
90720
55800
20160
29610
57150
4860
64710
70830
38970
12690
95220
89910
48960
5490
82260
26370
62730
7740
9810
93240
59670
720
88290
12690
84780
99990
45180
32310
40680
2070
33840
18270
26280
22410
64440
95580
18810
13140
41580
34920
3960
92070
1620
39600
1800
87840
12870
60030
90810
52380
37080
9180
34470
95670
30060
53730
75420
81090
96120
54180
86490
70020
62370
98640
39060
9000
50400
94950
39870
4860
29970
95040
89460
19260
56700
20160
49140
33840
59490
2250
21510
36450
63270
48870
67590
17640
45000
83070
83790
2430
74340
66780
8370
72810
60210
5670
88200
60750
34380
810
17370
65070
54900
44100
13860
61020
66150
15300
2430
14580
19350
97650
83610
72990
25740
1980
95760
32220
13140
36990
990
20250
87030
49140
16380
15030
18540
84510
70290
53010
99900
59760
20340
31320
2790
34290
41130
45900
63360
6570
83070
29430
12150
68940
79290
14580
63990
97920
36900
99090
3150
14580
85320
42210
60570
69120
4410
60210
45810
90630
57420
16380
56610
34560
61380
47520
36090
34830
84150
57690
79830
56070
18720
96210
90540
48420
26460
47430
69300
55890
87750
69930
67590
90000
47070
28170
68490
70290
74610
62280
29520
28620
72810
90900
35100
78480
13230
93690
85410
89190
39330
33570
78930
61920
90090
46530
53190
12060
30780
93690
19350
52830
86130
91260
70920
23850
71730
32310
92790
64260
37800
38970
4680
5220
25470
78930
85680
66780
3420
61740
16290
8100
56430
26640
18810
60120
27720
95400
90180
23490
89820
17730
38520
39870
5940
42570
6750
60120
7920
9090
73260
95220
81990
18720
54630
97290
51930
36090
630
97740
83070
14040
88380
25290
60660
18360
58680
41130
44640
48870
89550
79380
82620
57510
33750
47520
30240
53820
6660
3960
68940
46170
41310
71730
99810
59760
92880
97110
97740
66240
89640
15120
37350
12960
40050
91080
90900
91980
45000
13860
77490
4860
95940
25740
82260
94140
58950
39780
28080
38340
80460
76320
6300
15930
53640
84870
74340
33480
11880
63360
8010
3060
12420
63000
81090
77850
77040
44010
11700
10800
76140
8280
32760
62460
25020
31410
13140
84960
67500
8010
49230
75960
46350
69390
8460
70380
83610
16200
88110
32760
91440
75240
70110
11520
24840
86760
65880
55260
14220
87210
35010
97560
61470
61830
66960
27540
81810
1170
19890
95580
30510
69480
31680
15120
16920
63450
12690
20430
77850
93600
11160
22680
93420
15120
80550
98640
89550
96210
31590
86040
96210
43200
10710
47970
9090
81540
78660
42030
94500
540
37890
8460
42210
45270
19980
96300
24480
29340
7020
33300
7560
72090
46170
14310
94140
75690
67050
82530
87840
67320
9810
21150
15300
99720
83700
87210
74250
80640
27630
49770
52560
52830
88470
22590
44190
52290
8010
22590
91530
32220
79200
21600
91890
47790
55980
49860
47880
83340
88020
34560
37800
4320
81450
80460
12510
68130
36450
82440
35370
13230
83070
5490
61200
83970
38070
78930
39960
98910
51030
2790
74160
75600
39510
16470
90990
30690
1080
36360
14310
42660
61830
91260
71010
76320
30510
66150
4500
84600
11250
6210
12780
630
90720
6660
14040
7920
49500
89280
36720
29880
46260
11700
76320
14850
90180
75960
2520
40680
91620
62820
58680
7560
27630
70830
18180
89730
33120
25290
29430
90090
82980
16110
88380
89820
75330
68940
96120
96930
1260
40770
40140
92340
45990
32760
11610
5310
72540
63270
72090
19620
69840
2520
8730
58050
49230
51030
19530
63630
69120
81540
67950
79200
93690
41760
54180
27900
84600
65790
80820
52200
76500
4050
17280
67770
29430
27270
69930
36450
52650
80730
7650
95040
87930
38700
86940
97650
97380
9900
63180
92250
32490
360
91260
81900
4050
87390
96030
77850
87930
90630
85050
35190
52290
86940
46170
61200
40320
99990
8820
27720
39510
29430
55440
86670
45810
33210
35370
20880
25740
46260
89100
59130
24660
990
44550
9900
41220
72180
88560
5040
35460
32580
51390
29610
51570
92160
48780
70110
42300
9990
9630
25650
20970
21600
70020
32580
16740
35190
42030
84510
66780
10800
21420
13860
62370
20520
30600
4590
94860
57330
74160
84870
62460
31770
74250
1800
81540
42030
27540
68760
82710
14670
40410
24390
5130
20070
83340
26550
54360
63270
8640
30060
2790
38070
23580
60030
11430
22680
16740
55350
69750
32400
56520
71550
3690
17460
64800
90270
95040
6030
43020
80100
66870
900
9720
7110
74340
35370
99180
40500
46980
43740
11970
18720
52380
5310
48690
93060
83160
60210
30060
95130
720
54270
53550
96750
9000
16110
80100
0
45090
86220
11520
31950
84870
19530
45090
99990
36630
20970
85050
27270
33120
94860
72540
1530
20610
88740
2520
65430
94500
95490
87930
38250
99000
60030
37080
25290
31140
60030
56700
20250
33480
68400
10530
15120
29880
33030
25740
77400
19530
34200
74070
6300
39060
72900
29970
59760
30420
4230
93690
79290
42930
79740
12780
92070
23310
56250
50490
13590
12060
33570
43560
57420
75510
21600
51840
75240
67320
68310
92340
52110
71550
63900
57330
94770
42120
2520
13140
35910
42750
45990
38160
25830
75960
34380
95310
90000
81000
85770
90360
57960
88470
3240
29790
27270
99180
75420
95490
77940
93510
68400
7920
84690
98280
64620
44280
75150
77310
68670
58050
1980
25380
23670
88290
32850
70830
35100
59670
2520
55620
38790
52560
18990
88380
42210
68670
30960
60930
63540
6570
17100
97560
10440
85950
30330
14580
31590
10620
3510
99090
26010
68310
33300
22680
96750
8010
42930
73260
72900
53100
19080
12960
23580
18540
58680
77760
63900
18990
42750
49230
64170
79920
88920
72180
65520
62910
38070
55800
30420
97110
29610
98190
88650
2520
15030
810
90540
28170
51570
26190
33660
28170
4860
39060
83970
41670
91980
90360
94140
72630
30240
45900
36270
66240
30780
97830
39600
17370
15390
86940
16290
75150
85320
16110
76950
62730
49140
92700
99990
86310
40770
68670
73530
15480
89640
49050
49590
13860
57600
34740
73620
83880
83880
19530
64710
7920
44820
19080
29250
24480
8910
81810
72000
44100
88740
31950
64170
29430
52560
68940
18810
32040
25470
62100
54990
72450
32670
99900
16110
41670
91170
42120
83700
13770
67320
49500
45990
28890
5310
37440
4680
77580
25920
75420
15210
95220
64620
17640
19080
82710
77940
36900
22500
93060
45810
23940
26010
57150
76590
33480
83520
36900
30150
77310
40590
18090
93240
42750
20070
6660
76860
52380
62910
33030
24750
97470
38790
41130
25560
61200
89730
31230
39780
63450
87120
55890
10530
15480
66150
20250
48420
73350
10710
87660
66060
19800
6840
62010
71910
52830
54900
52920
98460
65700
5940
62010
46710
92520
4320
45090
96660
49230
43380
72810
10620
11610
58050
17190
5580
3510
89100
56430
27450
37530
47250
42120
71640
9990
54900
76500
20250
27630
49140
8010
66420
27810
11610
55710
22050
65520
43830
6390
69120
82080
45360
92430
93240
64980
77310
99720
990
33300
92700
80280
10260
49860
40860
43020
6660
64890
72630
93330
94500
14850
67140
99900
46260
11880
15390
78930
7740
33480
45720
52110
39960
73530
89460
74880
54090
80190
25650
70650
49950
73620
22950
92880
16650
66060
31770
33120
60390
39870
47160
51660
77580
66060
82170
51300
28080
86760
65790
6210
12150
15930
75780
48600
2160
74160
46170
88740
24840
89460
72270
86760
85140
52740
6300
37170
66780
11070
67590
28890
3690
5490
45630
38700
12060
49140
45000
27360
90270
54000
1620
28980
91170
78300
30870
37800
85140
43650
6660
59220
24390
14040
34560
6300
44550
49680
12600
96030
52290
37980
84420
95940
67140
77220
92880
70380
44640
53190
18810
44730
40860
88380
10890
27990
13680
12870
11250
94500
79650
31590
92250
92790
44010
70650
35370
10980
75150
65610
48150
94410
56700
50850
18630
58770
40590
76770
37080
97650
9810
66240
92970
58770
75330
63990
9000
93510
34470
6210
26370
92700
47970
77310
49320
82530
92070
70830
16470
37440
83880
4140
76680
49410
53820
57780
14400
12150
60120
73440
90090
44730
23220
63000
60300
21060
69300
98100
3150
49230
32310
14760
59580
89190
55620
63810
25920
31050
24390
62820
33120
46620
88380
82800
46080
57690
4770
53910
62640
8550
93600
63270
63270
91530
71370
7380
3510
810
45810
51570
28890
75150
96570
62100
41850
46800
4590
5760
61920
18630
46260
66780
22590
41760
95490
28890
60480
27360
82530
45090
15030
58950
59490
18180
75600
74250
12330
7200
98820
47520
6840
6840
19890
30240
22860
25380
31680
35730
50940
3060
38610
58410
95310
96840
33210
83070
66510
23400
80640
32580
7740
36810
7830
57150
5760
97830
37080
58140
62820
74430
83340
86040
38340
93330
51030
58230
27450
85590
39330
33030
79470
13050
9990
31140
15480
42750
5220
86580
44190
33300
98550
33300
9810
79290
81720
34290
62820
98910
48960
27180
46260
45450
53820
52200
36450
71190
68310
9090
93420
90900
49050
56790
57780
92430
29340
10530
64980
83970
89460
97380
79020
41220
1080
32220
63540
3060
6120
11880
41130
69570
93420
75240
3510
39060
77940
93960
69570
19260
0
80280
48780
84150
24480
10710
60030
65700
63720
99900
68850
81720
36360
32310
64620
31500
58410
88110
720
16290
10440
34110
84420
75330
15030
11700
11340
25020
51930
25290
41670
88380
68850
48240
71190
95310
96390
91260
40680
86310
53010
70560
70740
10890
88830
88110
99810
8190
42660
64980
33660
71460
17910
52380
37800
17640
71460
12330
62100
70560
29970
27270
68400
79830
25920
31590
4320
83160
22050
55080
61380
20340
25830
57690
33750
88740
46170
73530
31950
99360
36720
95400
41490
61020
96300
98370
59400
86490
44820
45450
27360
81720
75690
82440
40050
26820
36270
80640
41490
97200
54180
14850
73440
93150
97920
64710
74070
16920
97740
83880
14130
66600
21510
27090
76860
75510
93870
18360
83160
7650
23490
30690
55080
76320
62100
66150
96210
73890
95580
83610
20250
7380
29250
5580
57330
4500
50490
72990
4050
96660
22050
84960
28980
28890
3870
82170
63990
31140
35460
36270
55980
51570
21150
8820
96210
33480
56520
70200
63990
54540
630
66330
49680
23670
31860
33120
67140
3240
12330
43920
1260
65250
53190
82800
43020
67770
68220
26910
98100
83070
33660
38970
38340
78840
74700
52740
71910
60480
98460
11250
43650
6030
55440
7830
90270
99990
11610
35820
7650
43740
84330
57870
32310
22770
46620
68400
71280
3060
45270
37530
31230
34560
2160
55620
540
91530
6660
29520
4500
21330
50130
82080
24390
8370
36270
28080
86040
64080
92520
88290
94320
12780
1080
76050
92970
26190
27630
19620
9360
57240
81720
3690
63720
45450
57150
77040
0
53370
29880
55620
88020
38160
43920
17100
22860
65160
73170
58770
16380
57330
56610
87390
65520
45900
4050
86850
16560
99180
14670
36810
71370
57420
86220
78120
47880
58590
48780
21330
51660
19440
35460
34920
19620
4050
32040
31590
78480
94770
6120
70200
60120
87930
75510
2610
77040
10440
23760
27000
69480
90
32760
41130
92700
32580
50760
35910
24570
62910
10170
94500
77670
15480
89730
57060
52110
33750
44370
65340
69840
76050
95850
59850
61920
22410
4050
86490
77940
42210
59760
80910
46890
19440
23670
24030
47790
32040
75330
55710
34560
58050
90540
50490
65340
99450
52650
4050
58230
75780
59400
31320
64080
69300
12870
61560
28170
15660
85050
25650
18810
85140
31680
22230
77670
67590
53100
76320
35820
1620
90540
42030
6300
78210
77220
73350
24660
70200
86040
38250
33660
4680
91890
10710
37080
15300
92070
54540
36990
65070
20970
67590
60210
28350
22500
12420
31320
98190
24030
73440
14580
19890
37530
50400
62730
16560
77220
1260
48060
68310
5130
82440
88200
17460
37260
78300
42930
69120
20610
88830
71010
84510
53460
60660
77670
29070
14400
35190
26550
46800
51750
3960
39240
30060
13050
89010
10890
25110
11790
34200
94680
93600
32670
21960
3690
33480
39780
40950
98460
24210
24570
61200
450
25830
67050
48780
26730
79200
56610
6930
75960
78480
16830
5940
94410
39960
43470
97740
5220
58050
40230
83340
86310
7920
4950
76770
4860
12870
30870
1530
44190
7560
41850
53010
45450
67500
19080
89820
4050
78480
62820
28530
79650
94950
55980
450
70560
14940
22770
63270
7380
53100
39870
92070
31500
33840
25200
98370
13140
39870
55080
90450
31590
45000
30330
61740
65880
38070
40860
57330
49050
29340
10170
27810
9450
97020
24210
99630
70740
51480
80820
44370
72720
41580
4140
66420
10620
92970
99990
37710
83160
48150
85860
98100
23580
19890
99360
98460
38610
1710
65430
57330
86130
95580
41220
49410
56340
53100
51210
40140
26280
4320
82710
62820
44910
84960
38790
43740
78840
35370
35820
17640
6480
88470
24120
77220
55980
23310
9810
46260
56340
99450
13320
73710
74880
87120
61560
58050
74340
56610
16470
42930
18450
270
93420
94320
26640
9900
87120
18630
62010
34200
7020
4500
84330
32220
73170
28980
57600
65880
1170
50760
80190
2880
95850
29700
77670
40230
33480
79200
73890
32310
99270
60390
19440
23400
18630
62010
45090
70200
2880
2880
32310
76680
32670
34830
57150
27450
40770
22140
66690
60300
42840
45990
94500
93690
48690
78300
74340
60750
16110
64350
29970
74880
72990
51120
74790
45540
96300
270
6120
33030
83160
82800
60930
22860
37440
23940
82800
12870
28350
31410
9270
23130
58770
81090
75060
21150
24930
32580
39240
38790
56700
31410
97380
64980
92700