227 3773
78030
33930
63450
81720
82710
37710
44820
97290
23850
60570
95400
33840
66780
92790
82710
89910
24840
85050
35190
25650
67770
28530
48420
78030
27810
70110
96570
49230
62370
96840
65970
47610
93060
99540
8640
49050
2970
50310
3060
76860
75420
38790
45540
45360
990
13230
76140
75870
5040
56520
7470
64890
63090
79830
4410
22050
30060
85770
16380
90540
98280
29160
50130
72630
76230
33930
64170
27270
73710
17010
59220
66420
61920
53550
2520
82890
37620
26730
1710
17550
64890
43110
44370
47520
48510
78570
23670
13050
55710
5130
76050
62730
64440
2880
12240
13590
7200
69480
42570
51570
4680
54270
70740
80910
69930
79380
65070
50220
18000
27630
29880
11970
51570
88650
1800
97020
89100
94320
29430
63810
11790
9000
38610
7470
44460
18180
12780
3150
99990
72540
21060
14400
94230
63630
49950
79020
79290
56610
12600
37710
37980
82170
78030
30510
24660
31950
53550
78480
54720
50400
9270
26100
37530
73260
66780
16290
8190
92160
62730
22230
26730
8280
8280
7290
9270
76950
6930
81810
76050
74070
9810
75870
47340
96120
39510
46620
69570
78750
56340
42210
11610
94410
86580
90
51120
98190
5760
57060
66870
34650
63180
55710
14130
29970
65880
15840
82620
66510
22770
68400
6210
79290
26010
34830
94860
25020
54090
34470
52650
32850
96120
92790
97830
75600
8730
28800
50040
60660
73620
76590
84960
84600
18990
90270
27270
59580
90180
6840
61650
21780
39060
86940
43830
41400
28080
66150
11430
78390
18990
24750
74610
55440
61560
22950
11700
630
47430
76680
9180
2160
14400
39330
86220
25200
93510
20430
20880
66240
39060
91530
68760
630
27540
74700
7830
80010
14130
90810
35100
97470
37530
11970
45000
51930
54630
82260
69840
63720
73170
95400
50310
94680
39780
96660
90180
6660
97110
43740
92610
32040
17550
13410
71280
13410
8550
80640
85500
52470
30240
94500
23940
98910
57780
40950
53910
37080
53100
22680
87570
44550
91170
26640
49500
45900
93150
43290
57960
25920
48600
13320
51390
41940
85680
50670
23130
32400
90720
68490
17910
44280
34110
43560
74970
79290
50940
81540
99540
75240
58140
78930
25470
50130
67320
55530
29070
63090
82260
9720
7380
24570
96390
61560
67050
30510
64080
76680
9090
26730
63270
3870
39780
29610
99270
55620
89640
96930
77220
68940
3690
71820
26460
55890
31410
53370
99090
87570
97920
39330
99540
45810
69030
20790
27810
75780
41130
54630
93780
35730
27360
70110
66600
10890
35190
630
98820
59760
8010
65970
1350
57960
33390
90990
70110
63630
73080
52560
6570
25920
94950
5040
55620
73170
34470
16380
21870
27990
4140
25920
64800
54720
70560
54090
94410
78840
97020
87030
89100
78750
66600
97020
27810
18000
65880
93060
46890
4500
21690
24030
97650
810
2070
67140
31500
90540
99720
57240
81450
15480
18000
50220
57600
56790
3240
18810
98640
32400
75240
71640
31860
55260
990
14220
85410
37980
75870
39600
8640
57690
3870
1890
61380
57780
56160
93240
62730
10620
74880
73260
17280
97110
43740
60930
61560
72000
38610
30240
30600
45900
83430
4770
34020
38520
3600
36180
73710
28710
50490
81720
84060
45000
29340
80640
21420
79020
6570
28260
85950
6750
81000
5490
53910
63720
20070
42390
73440
90540
17010
41760
84780
15390
69930
54000
30510
93780
33570
66060
12240
39420
14490
25830
14130
84780
65520
94500
21060
37710
61650
6660
50850
18090
43740
57600
81630
18540
61020
29160
16470
46170
53190
34650
80010
31770
60120
45990
95040
23580
22140
2700
43290
65880
85230
15840
38700
80280
59580
40860
68220
32760
14850
74610
92340
74610
3690
17370
5670
11700
23850
17370
10980
62730
51660
84240
32490
51030
87030
16560
9180
71460
10530
90720
12150
21870
9450
87120
71370
21150
6030
83700
38160
85950
38790
52290
30870
47700
67770
89010
25740
6480
76680
50940
63450
62100
720
73350
10800
22950
55800
2160
46350
13860
99270
76950
20250
97020
27450
38700
72270
99360
87930
32580
66600
13680
64710
38430
6030
56250
13140
63360
90900
54180
45180
31500
76320
15930
82530
15210
13050
13680
68310
71010
60480
46440
46440
11250
87480
70110
15840
18000
44460
80370
82170
51390
67860
54810
86670
20790
38970
78480
16200
52650
31950
57060
49140
42210
76140
72090
45000
7290
95580
59490
14310
86220
44730
44910
67500
65250
69120
30330
48690
60750
11340
27900
37350
80010
69570
79650
11250
95400
48780
44460
1440
45720
7650
59940
51660
84240
78300
3060
90810
18720
93060
94410
43470
94860
78480
45270
80730
81090
80460
92880
90630
67320
4050
37260
63450
40590
90360
43830
77490
67860
82800
46530
88470
95400
82980
35460
28800
33840
82260
89640
7560
54540
91710
74970
16740
12420
94770
45270
53910
7470
79920
66330
4590
70380
68310
91890
42210
66060
86220
69030
34740
85410
24840
46800
14580
45810
2340
80640
57060
82530
57600
18990
9900
2520
69120
5670
91440
14220
83790
17100
49140
62550
63090
2880
12150
47250
50310
67860
21600
11430
64080
23580
54180
28890
63000
17280
31860
32310
33030
80100
36450
29970
34110
77580
33930
55260
98370
55440
61740
73080
78300
77400
99900
90090
65880
13770
81000
79470
15210
18900
74070
2880
79200
12690
55080
13320
96750
12780
48870
93600
51030
27270
22410
94320
97200
63810
42930
87300
38880
36720
4050
23580
3690
18720
33210
54540
62370
25470
97290
30600
80910
1530
25290
58770
18090
96300
55710
85050
97650
720
63450
63450
35730
35910
85410
11340
41940
54090
34110
41670
94950
51750
47430
88650
19530
14940
38070
43470
28620
5850
70650
38070
54270
72270
82260
9450
79740
66690
28800
29610
98640
59850
25470
15120
6300
43650
81000
1260
56250
22860
57870
26370
1890
51120
98010
21510
900
34560
77310
74790
93150
41310
26280
5490
14130
38970
99000
47430
46890
82530
43650
30330
23940
82170
39240
56610
60480
5400
6030
26010
59040
58950
19890
47970
90990
19800
47700
23850
49050
78030
18270
61740
82170
14400
2250
71640
69570
40140
63090
46260
49770
70740
96840
40140
94140
1350
78120
7470
48600
59130
53460
44550
73620
92700
98370
9450
61560
37530
18900
54630
1980
11160
62730
90450
38250
63360
94680
90540
69390
63090
92340
1350
99540
31590
50220
11160
32940
62910
30780
6030
16470
67410
11880
47700
45990
30510
42480
51660
77130
70740
32760
81360
65520
31590
87930
31140
48600
34470
85230
66600
90630
86130
80550
76230
74340
87570
63450
87120
1080
17280
31770
85050
18540
96030
68130
77040
17190
87570
32760
6660
63450
64710
71280
32400
1980
64080
72540
88020
57780
37350
90450
76680
95310
16740
43110
51930
21690
62730
30690
71370
89640
30600
12690
26370
72990
91620
59310
61470
52290
9270
86220
62730
33480
19170
94500
77670
43650
86490
69210
33300
4140
13500
32940
76590
84960
31860
42210
25200
56520
19980
77940
6840
59310
55170
92700
40410
60210
75060
52200
48690
81720
38430
15660
6120
72270
21330
39060
54360
29790
41040
87300
90090
52740
5580
76500
44370
53730
53820
48780
13410
19260
54090
40140
85770
85410
19800
61110
15570
3060
6120
54540
66150
83430
1800
33480
29070
75960
97380
47880
76500
50850
24300
46260
68220
94680
13770
15660
63000
1530
85770
91170
90000
95040
34830
45450
48600
24570
67950
95760
70380
47250
46080
96840
36450
10260
27990
63360
7560
93330
44460
42570
16560
63810
39870
26190
92070
96120
51120
47340
91440
65430
9180
39780
99360
35730
9630
76770
31320
9540
78570
3060
60210
97110
46620
65610
29790
93150
13320
56970
29520
62280
16650
49500
31680
52380
10980
31230
83250
67590
97200
540
21780
27360
70650
7380
3870
15660
61650
29700
66960
17640
3690
20340
270
30060
14220
93690
86220
30690
27540
83340
53190
9270
52200
67950
56790
7380
33300
69930
41310
36540
41400
63810
98460
41670
5760
36630
39600
19800
79110
65790
59400
82620
30960
95400
90180
19350
9270
98820
31860
39780
88740
74970
65790
52470
68490
79380
47430
63630
14130
3780
95130
10350
88290
96930
43740
79650
83520
79740
32490
50220
36720
54810
79470
25110
9900
26460
95220
22140
90
58410
29520
73620
4770
93240
44280
41040
79020
4410
91350
50040
53280
64350
80460
51750
56250
70020
75060
39060
900
19350
47700
56160
25020
30150
30780
5400
96750
88830
20880
87570
52020
12510
22500
4680
56700
95220
99810
64260
13140
89820
95490
19980
12330
14310
18630
84420
64620
96030
12780
38160
8100
13320
65970
45360
2700
54180
98550
53910
53910
36360
37350
16740
70650
71640
94770
15390
38250
22770
69300
95760
60210
64440
77580
73800
59220
43920
37620
10170
85050
89460
22590
43650
79740
23310
99720
75060
28080
17190
71010
48240
66510
18630
41490
75780
49860
21420
94950
7560
95310
91080
73350
69300
38430
22770
3960
79650
58320
47880
56430
74430
35460
93960
88020
37800
62460
51840
62370
86670
29520
29790
7470
11430
29340
26730
23490
77400
34560
58770
84870
22230
16020
98730
15750
91710
50850
49770
60300
52830
16110
41760
63540
72900
84420
65790
78210
31140
26460
98730
31410
72450
18270
38880
44730
98190
32670
70830
27990
69570
93240
81990
39960
56700
37890
6210
59310
50310
6840
74070
20520
70740
72360
22590
57510
85860
19980
71010
84330
55530
42390
2070
54450
52560
52830
71730
18450
14220
8100
81270
46440
65610
2970
57420
43470
34200
55800
63990
63900
8190
3420
46980
71010
14130
16920
65790
59310
38880
60840
94860
77220
96480
5580
85140
85500
28800
38430
8010
39960
1440
32490
54180
55530
78300
29520
5940
36630
84870
34920
63630
63000
86580
66420
47340
99270
25740
94500
1800
35010
2880
19260
67050
91980
1530
28890
8730
55080
80820
91980
22050
9000
5040
25740
19530
42660
63090
57780
40140
90000
90990
21780
50400
96750
43740
43380
55440
78480
52200
52560
29340
33120
52470
43110
68760
71820
81630
91620
49140
89010
32040
13410
10260
11970
58770
89370
3330
65340
60390
3960
94050
50490
91350
89460
92970
38520
12240
29160
50400
23400
69030
20070
97110
37980
75690
59490
52920
26820
78660
62280
21510
80460
35550
10350
9630
72900
23760
64890
69300
47430
13140
93330
83340
9630
52110
59940
41220
23310
61200
3150
10350
57960
94410
84240
53280
55710
47610
83970
70110
20430
52020
62100
41670
17370
11700
28890
64260
1800
94050
70200
68670
95220
76590
74880
20070
75690
93240
54180
7920
28170
95130
24480
59400
28620
68130
96390
29970
23040
15120
53730
31680
20430
83430
43380
41310
14220
83970
37530
94950
79380
35730
81270
94050
90450
5130
54000
30600
81810
58230
70830
61380
4320
92970
14580
90270
23310
51390
24660
60480
17010
87930
23490
35100
27540
76680
95220
31410
34650
73170
29700
97740
40410
80820
30240
60660
75780
3420
36000
12240
12420
72990
61740
89370
35550
33660
36270
81270
6840
19170
86760
23850
45810
35730
7740
66150
90540
93060
28170
10710
61380
29880
66150
24660
19980
80550
96030
37620
66510
9810
54090
60930
86940
65790
55710
41670
2070
64260
48240
2430
80820
68940
73620
91260
57240
65790
810
60570
71820
90000
44910
4410
65970
5310
75330
90450
80460
6660
2880
99900
78030
89640
56700
90000
7560
71910
25110
57420
13320
62280
56430
29700
54090
67050
6840
11520
98910
30150
25110
52560
31500
16830
30060
57600
4140
18990
52830
18900
25560
95580
40860
59670
94770
16560
91980
18450
12060
91170
59220
81720
35910
55260
71910
21150
52380
99360
26100
6660
49320
18000
85590
13320
72450
54540
19890
33120
15660
71010
36990
54450
86220
42300
68490
16380
63450
46080
14130
5580
7920
15750
87660
94320
42030
6570
48780
38790
45990
99090
51570
82350
27180
8010
23130
71370
90000
5580
90900
62190
60390
15030
36540
94230
59850
360
66870
96930
89460
83340
8730
59220
53910
45360
42840
97290
61740
85410
55890
43920
22590
23670
10440
84150
990
32580
5850
7650
32220
10260
77940
77850
33570
64710
61920
51030
99360
16110
64800
10710
54000
23220
23220
27180
73980
61740
88920
77580
86040
6660
59670
52470
65520
10080
91530
33030
43290
89190
28980
31230
63180
74250
29520
9720
62190
99360
4680
54630
99540
38610
20610
32760
60750
25740
34740
49860
71820
55800
2790
47700
6660
32040
92700
69840
8730
29520
33210
77130
52650
30060
24660
52020
54270
59580
78120
77670
52200
51570
93240
73620
14670
76050
41670
59760
27990
73260
59850
68310
3600
39510
6300
74430
32310
25470
9810
83250
17010
39600
37080
78660
3960
64980
70920
38790
64170
23940
17370
18270
6210
53100
40680
46170
46260
83700
20250
99450
86940
62550
59760
82080
2250
66150
90000
89100
45270
55170
5760
57420
10620
29070
99900
20340
86670
82440
61560
27090
2610
48960
32220
38160
46350
42030
9900
3510
57060
43920
32580
75420
45000
90630
57780
31950
7470
91980
5670
80100
30060
93330
52200
66060
56160
55800
24120
42840
91260
53100
82620
61110
44460
53100
98280
98910
57870
27540
23400
7560
81090
52560
45090
6570
24930
98820
95580
76320
14220
47070
51210
96120
97200
75330
64800
80190
61470
54630
46980
87300
57780
52020
91170
84690
37620
67410
22860
1800
42300
96750
27360
15750
44460
51030
62730
88110
53460
34470
38520
98730
87390
81990
29970
80550
39960
56340
51750
83430
6120
70290
23130
67950
11790
58680
9810
98730
89010
93780
3330
10620
83970
32490
50760
29430
11340
35280
49050
78480
59940
75060
9000
41580
97830
33570
65340
99720
46080
33300
86400
13050
26280
91170
82440
14490
32850
1350
94140
65610
24390
67770
95760
81630
51120
16560
56430
99090
99450
45990
77130
75330
31320
86220
5760
21600
4410
20160
81270
60120
41220
10440
38430
70110
52290
63360
89280
37350
40590
12960
60480
46800
9450
95490
33570
75330
14490
47790
24480
33300
37890
97920
27000
16200
21510
13770
63360
88740
80010
87210
20790
92250
89640
81810
74610
91980
53640
35190
97020
58050
56520
68670
21780
64440
85770
52200
86220
97650
31320
76860
32670
95940
84060
57690
49230
53820
5130
49140
77850
82260
42660
22500
27990
64620
33300
61560
36720
67590
79470
53010
3870
33300
72720
21690
87300
38790
28530
74070
65700
23310
23130
97470
62190
95490
7470
37260
96750
13950
61020
72630
38340
62550
2970
52290
85770
67320
60390
9180
84780
87840
50490
16740
720
64530
91980
74520
41040
55170
73260
73260
15120
21690
81540
18630
90990
20880
77850
65520
75690
18720
40500
0
70200
26100
56520
25290
58500
63450
34470
86760
70470
38790
16020
51570
90
69660
56160
50850
54630
63810
55080
71100
69480
4590
92790
76950
94410
41040
90360
84780
60390
22950
92610
23310
11700
10170
34020
8820
3600
68670
53820
15660
73710
71640
18090
56880
42570
48150
9810
15480
30330
76050
78030
53910
53730
15750
76950
40320
63900
43650
89370
29880
6030
91260
17550
52020
41580
21150
73980
8910
89280
45450
2520
7110
13680
12510
42390
68130
76500
36810
52470
80550
75420
81630
16920
28800
67320
29790
61830
55260
630
57330
74070
5670
99180
62820
12780
54000
36000
84060
19080
55980
71460
92340
17730
13860
98730
10260
1620
59310
3960
72810
80460
55710
86040
12150
56610
78210
75420
69390
51930
60750
58590
11700
19080
42750
50310
40860
5040
31680
5580
19980
33480
44820
63090
3510
89190
75780
67320
24300
68580
24930
69570
41040
80010
74070
66060
64620
52020
53190
33120
35280
93420
7380
24660
98550
51120
67410
74070
72090
25380
2430
84600
12870
53820
83250
91080
8460
35010
56520
93600
70020
92790
2610
58770
11700
10170
47250
36630
8730
27540
98280
26550
5670
22590
83070
90
9990
89370
50850
45360
7560
57870
18630
31500
36900
99450
56520
98460
42570
96480
48870
66600
63090
72630
60120
33390
72990
52290
96030
27270
89100
71820
3870
77850
75870
8100
36720
22140
1530
20340
89370
62370
88380
72540
94140
83430
59760
1890
23130
20160
29790
46890
56250
37800
54810
34020
56520
6390
95760
76140
31590
40230
30510
67410
73260
55080
91710
5130
98640
30690
10890
96570
12870
93150
31050
37800
35910
61740
81630
56250
69210
83070
41400
95760
79740
7470
23580
88830
93780
56250
59850
19440
36360
22140
45000
70560
720
59670
8190
58590
86850
96840
14400
58140
81900
9900
34920
16650
21690
10170
17910
14580
12780
67140
21510
63990
31590
37260
15120
16290
46710
38970
46350
80010
19710
39960
6300
75510
95220
29520
73530
63990
22590
88560
47520
20970
46620
48060
43740
11250
51750
13230
34110
6390
56790
7920
25470
62730
44820
41130
39150
63900
77940
85680
44280
76410
7560
97650
11790
78210
38340
93600
93510
73890
52560
25380
97200
71910
7020
69390
60480
77310
60210
74700
56340
31860
39420
51030
37800
77310
5940
57240
46800
95400
82710
17100
88380
90720
22590
75240
86220
28620
40680
62730
71280
46260
30150
12870
41670
54900
20970
97020
63270
44190
99000
59130
99180
11070
44190
19980
49680
16290
66150
3690
50670
27270
76770
22950
57330
35820
51390
13410
82980
99900
4140
51390
40230
38790
83520
24930
50580
36450
96300
39870
51750
92700
40500
49500
3600
60930
70470
450
5310
58770
43020
77760
95580
65700
80820
52830
84060
82620
57240
96300
87660
31320
41040
79740
43650
28530
69030
1440
35280
9360
12600
32850
360
30510
50670
1800
75240
16200
86490
44370
3330
76680
26280
68130
80280
71460
20700
45990
82440
91980
6030
98910
90810
93330
84240
46170
10350
90540
61470
38610
93960
60300
59310
56070
30420
84600
25020
28440
95130
66330
69930
60210
12240
65610
22410
30960
93420
33120
28530
18810
89460
9990
16200
28620
83790
35460
30690
53550
86580
99090
13950
2790
26820
70920
7920
90540
38430
86580
36810
11880
77760
95580
11520
44100
43380
87570
66240
86490
34650
35460
30510
63090
21330
86490
8190
2070
91260
7650
8820
37620
53640
14850
55350
3330
87390
78210
46980
32670
63270
81810
66600
17370
45900
67590
93420
87570
16920
75690
24390
22950
70200
35910
6030
36270
59850
26730
76590
33750
40140
8640
72090
45180
54810
45450
80640
2880
14580
63720
85320
5940
29700
16920
1260
68490
43380
55440
71550
540
88020
28800
65610
37620
56070
14580
10620
7380
52830
46080
3870
36990
6480
82440
72630
53730
47610
81810
25650
45990
55980
1350
68130
450
47250
16560
26460
36540
54360
71820
37440
15930
31770
27810
43110
64530
14760
28710
37350
32130
98910
15480
11430
38790
97290
89640
14220
88830
720
39330
55980
67590
51120
25200
16740
95040
86130
62460
2160
20700
51750
10890
58680
56610
9540
27450
15300
7110
52110
15840
7560
4950
64530
68130
68760
78210
99180
80730
30690
26460
7650
89640
59940
60840
38970
1440
84330
34380
2520
53370
28800
62820
81540
44640
50220
81090
68490
14490
67950
97560
91530
83430
74970
34020
10350
61650
32490
30330
82350
8910
26550
52110
62910
82530
48600
76410
61830
94770
87030
33300
18900
38970
20610
15030
99900
33390
16380
55350
39600
54990
1350
16020
17550
11700
57870
39870
74700
83160
98730
18450
46260
50040
58860
12600
50580
86490
53370
76680
46350
56430
33030
38970
0
49050
57780
88740
69570
90540
8370
49860
24660
52920
85860
90990
68040
57870
97920
77580
2880
66150
62280
46980
54900
21960
62370
60300
63900
18360
91170
19710
27360
86220
45450
12510
16650
64530
16470
43740
59940
61290
32040
73800
14850
30330
34740
4230
85410
83610
48960
36900
79200
66150
14580
89640
31950
27360
87300
99810
36450
83430
19890
79110
79830
65700
86580
54360
42030
38610
52380
82260
67680
59580
85950
78210
17460
98820
94230
78840
18270
85320
57060
48600
62190
87390
87840
33390
450
20520
58230
49410
46440
3060
65880
82800
70110
26370
90090
67770
10980
79380
51030
68220
37530
65070
32580
23670
56070
47700
31500
93690
23310
24120
46080
20880
78930
27180
49590
77580
50580
33120
11970
60300
24120
18360
94410
8730
17010
30870
65790
23040
86130
90990
43920
93690
29880
3150
57600
59400
37980
4320
22950
42480
25290
52110
22680
84060
90180
62550
46530
25470
38520
90540
21060
76770
55890
56250
25110
89730
95220
36810
6030
33750
42750
61920
84600
8640
52290
37530
56520
18720
13950
81090
81360
72360
52740
67500
61110
91440
25560
82080
42210
54900
810
1530
45540
9450
76950
51480
35010
95310
66330
84330
31050
93510
30600
97380
68940
37260
69480
32040
62550
78300
71280
21150
32940
95940
87390
93060
21780
36540
86400
34470
30780
69300
39060
71640
56250
80010
71190
59400
64890
9720
33840
55980
10530
4230
58140
75780
25920
65970
63900
59940
9090
22680
58860
71370
96840
72450
81630
34380
84060
3240
43740
84420
45450
77040
26280
50940
67590
70740
5490
79110
30330
33030
34560
91440
68310
57690
83610
28800
64620
26640
22680
89010
70650
36630
88290
14940
48690
94680
35820
65070
22770
98280
84330
19350
1980
82890
18450
49410
51480
59040
86760
4410
61380
56430
71010
63360
95760
49770
48330
5940
1710
51480
13410
5310
85590
84420
64530
59490
64800
69120
44190
64710
82260
62370
28440
95400
51210
17640
60750
47520
47070
84240
52560
49680
87300
76230
31950
18000
90450
69210
15660
91440
36630
16200
98640
42840
55620
4140
39870
22590
68130
66600
63540
87120
46080
34470
7200
2700
3960
90540
82440
47070
47070
91080
2520
32760
20520
69120
37800
1710
34020
51210
14400
33120
92520
33570
4860
95400
9900
75060
99630
33390
39420
63270
73890
41580
93420
57690
4860
95940
97110
61560
10620
15030
13410
83880
46800
72630
75600
10890
71460
16110
17190
29700
25200
42390
56880
52830
66510
27450
33210
82800
6930
79290
11430
27360
67590
61560
54810
10080
42390
66960
88200
34740
7830
66960
78840
29520
88110
68040
80370
39330
36000
39150
810
20700
2430
72450
47610
81990
95040
92700
22500
51390
22050
19260
31230
60300
1620
19800
56340
41040
2790
85320
37890
42930
5400
92610
41940
37260
71910
69840
25290
58860
67500
10080
61920
41220
96660
92520
29520
5490
34740
38430
6840
24030
68220
22770
64260
35730
98370
92430
18360
50220
36810
80370
5580
35010
67140
45900
48240
95130
16560
13230
61740
7020
14760
70650
89280
93240
72270
10890
25020
65160
44730
14580
62460
69390
58770
62550
3780
4320
25650
79830
13320
98640
36000
43650
33030
34470
96120
4860
32760
22500
83610
58140
89100
60120
57690
25200
52650
65430
88560
5940
30870
94050
58320
9180
91890
33390
12420
65070
89640
50400
51840
53100
11250
37890
77760
76950
99360
28260
22680
64890
85770
92250
43830
33030
20070
81360
85050
78750
10440
12420
73080
15750
7380
41490
13590
68760
59130
65790
83250
68040
70740
900
46170
12870
75870
76410
90720
84240
30600
74700
12870
94500
61200
91980
81630
22320
41670
50940
79380
78750
9540
52200
93150
61740
13860
55800
57330
73080
86130
6300
98010
49230
1800
22950
2430
33750
44280
55170
41580
74340
24660
41220
54810
50760
29790
12870
82440
21420
71730
29250
15390
45000
59040
24030
76050
26280
89640
89190
10530
58590
10530
93870
51840
61830
84960
25020
85590
10260
94770
54630
47790
44280
72990
69120
44550
75960
62100
39960
19710
56700
25020
20520
31680
94410
39240
51300
74970
27630
29790
22860
13050
95310
74160
68940
38610
70830
20430
65700
23760
77940
11880
58050
96300
50310
19440
87930
83430
39240
26010
24210
55530
28170
17370
90540
45630
70290
70560
85320
56700
37890
14580
63270
4410
3150
71100
92070
26190
46980
63090
52020
42210
76680
69210
33570
12690
62640
59670
32670
76770
31050
42300
64620
67140
43380
53190
10260
72360
23580
20880
97200
97650
69930
32400
65970
7200
32580
28980
1980
69030
57060
18090
3600
98640
26460
72090
19080
86130
44910
78120
76860
73620
62820
74340
31410
30330
29160
99810
7830
5940
17190
64440
72180
18540
8910
8370
91800
58950
42930
12510
7920
64620
57240
3960
83160
23850
34740
54810
78030
25200
70830
11880
59130
78480
37710
37800
39330
5310
42840
17010
42300
12510
21870
91800
49680
95310