644 5368
95850
16470
1080
65880
22680
9900
54270
1800
64710
99360
19170
77580
62730
45000
53730
62460
94950
44190
21960
87660
36720
8820
39060
93150
16470
30960
46710
71010
42750
91710
52920
45000
52020
66690
34470
21600
35910
11610
66240
27090
96750
79110
41310
87210
87840
66780
25200
18810
98370
14580
65250
95940
21510
73440
21600
50220
11790
21240
16380
14400
36720
12510
270
85140
81810
33660
45810
94950
19350
93330
79560
45720
33840
62730
9630
66780
90180
61740
78570
91530
99540
9450
93420
67050
55440
23580
25830
96120
50310
90180
46440
13320
16020
81720
89550
46800
23940
9720
68490
73710
56070
57510
87840
25470
33750
40950
8460
40680
73260
54990
450
59400
33930
98730
44010
35370
17370
28080
44910
57690
79650
36630
8730
62730
41400
46620
57960
16740
90720
31140
990
5760
76860
79380
63270
24030
75690
30420
71910
89730
67950
94050
49500
96750
74700
91710
77670
83790
21690
47070
60750
42480
77760
43560
48600
65250
94410
51300
57420
68760
3150
48510
71550
60210
69120
29880
88290
35730
19080
21870
90540
12330
6750
21240
7470
3150
41760
29160
69840
27990
8550
90270
11250
91350
84600
64350
38340
18990
27090
72810
48510
97560
75960
31770
36900
7650
55530
73350
10440
44010
98190
69480
75150
49320
6390
65520
98730
25920
42390
53640
2880
38430
9630
81180
32940
47250
67140
44550
89550
35730
88290
57150
87390
55800
61200
90720
47610
34110
3600
7110
13950
19800
84420
24300
2070
62910
20880
58860
65520
17280
16200
51570
81360
81540
78480
6300
37890
59760
7650
90450
71820
51840
43920
66060
94050
80370
54540
810
68580
36450
19350
49590
68400
64620
98820
91350
7650
55890
51390
76680
6480
23310
67770
53010
34830
11790
63630
42930
36630
61650
9990
7380
21600
80820
97290
84870
63720
48780
27540
89550
26100
7110
50670
540
56880
12870
72360
58950
24840
69570
96210
4680
17910
77580
68490
23940
74970
38340
17010
3060
91170
50760
24660
84510
55800
66510
9810
72270
13320
4140
66240
71640
98460
37890
9540
41850
73890
5130
43740
15480
88470
75510
35370
68490
49680
3600
29250
98730
96930
88830
78390
20250
48780
38970
23850
47430
59130
27630
98550
42210
59670
84600
39600
66240
64800
77940
95670
67320
11970
33930
90270
24480
56610
12780
24480
84690
40860
17730
4050
40950
4950
84600
73890
11070
67590
36900
69840
17550
61470
32040
43110
19170
32850
33570
80550
53190
87300
75870
78930
51930
92610
90990
83790
46440
44460
4050
38340
0
19800
99900
50940
6300
5310
60750
72360
13680
26640
21780
62100
4860
48600
88920
35370
97380
54810
16470
80370
92340
71730
19890
41850
64170
68760
47700
45810
58680
59400
36900
27810
16560
87480
95490
85770
40680
60030
69210
32130
81900
16830
51840
77130
18630
2700
93150
20340
96660
24030
53370
43740
71370
13950
90000
41850
83160
20070
25470
78660
72270
44460
58950
77490
4770
71010
14580
88920
70290
92610
68670
38970
44280
59760
80640
30240
71640
91980
90
24120
89550
86760
12420
13950
2880
74970
87840
85230
28620
71280
62550
11700
5130
33930
68310
65700
50580
12780
51300
32310
59220
65610
37080
45810
23670
55350
98550
23040
53910
33030
84510
88020
56070
78210
21870
41670
61920
35190
12330
90450
43560
74340
16110
86670
43920
78300
89730
62010
7650
4500
42840
99720
450
9450
90090
74340
48150
34200
36450
6030
67950
23940
70740
59400
58140
19440
88920
78480
16740
84600
24210
27810
30600
50400
22410
7650
33840
55170
23130
86220
14940
7560
54360
74250
34740
89460
77310
87570
87660
54990
92520
74880
38250
8010
16020
27360
52110
73350
54360
60660
24120
22230
98460
99990
93960
97290
89460
76230
62640
24930
61020
57600
23670
60480
45810
34110
38340
19260
72180
92430
19530
29970
78390
94230
60570
23670
20970
25740
52740
25020
39960
16650
29790
6030
38520
84870
83340
31950
22950
13770
91440
8370
34020
98100
45990
7200
28350
98280
75870
11790
16560
26010
67680
61020
51300
28350
51660
29610
61200
82800
48240
64080
68760
19080
58770
57960
86310
83880
21780
15030
18540
78030
55800
67500
93060
40950
87390
47520
82980
59580
80190
88920
60120
53370
31770
11610
56160
1350
57870
44820
43560
87930
36360
87840
10890
5130
7470
77220
69210
83700
63720
75420
94680
41670
29250
20070
96210
36450
72630
33660
33120
95490
38790
6300
40320
83250
38610
45270
91260
15120
69300
71010
54450
76770
95130
97020
34380
97470
30150
630
15210
75150
10710
19080
87840
32220
23400
58680
99810
23400
49230
49590
41670
23670
51750
71910
900
44640
59940
46890
78480
29700
1980
41400
79830
1170
27450
82620
61380
30600
16200
28260
7470
55800
53730
74610
85230
95310
10890
79650
33390
11700
14400
52650
64350
94230
29250
63450
56610
83790
17370
39780
41670
35100
88380
20430
92430
94860
43110
85950
83790
44280
56880
18360
15480
58320
21240
47790
57960
38970
92610
51300
50130
60930
42660
65880
97200
31950
89010
49950
17460
92880
16830
14580
41940
77400
1080
59760
49770
35910
21240
45990
65250
60930
8820
43830
69030
2250
91800
54720
30060
80280
41220
55620
10800
39870
71280
70740
97920
67140
42930
64980
52920
7560
97560
16020
16650
55260
54450
80370
54990
6210
40770
32850
7650
73440
69840
72180
37800
23220
44550
56160
88290
81270
23850
11430
82710
89370
22680
86670
73440
60120
42660
78390
42930
68670
94230
78030
79470
61200
56340
16650
55710
72540
44640
19620
28080
60480
33480
86310
82800
20520
63180
47430
5490
86580
62460
23400
20250
93780
25740
34200
58860
7920
82080
85320
71550
79200
4770
57780
6030
15840
95310
73170
23940
63450
16920
78930
95490
64260
47070
82710
20610
3870
77130
77580
720
83070
71460
35730
39960
15210
53010
2880
9270
9720
21150
30510
9360
97110
99000
86220
97200
5040
21960
37530
12420
18360
78840
76680
51570
1170
24120
80280
87300
92880
21330
83340
78660
9090
1350
75330
49590
47430
75600
28530
99630
42840
27990
42300
39690
47250
95040
59040
48690
56790
66600
34290
52830
41580
43920
96660
6210
79200
40860
99540
42390
2340
79380
5040
22230
48690
46530
78750
65790
21690
41760
29790
58140
97830
64170
29610
62280
3420
27990
32400
23670
36630
68310
58590
5400
17010
9810
6030
12870
12600
2160
69120
46170
42300
43110
72360
6210
64170
63630
62280
26550
13680
5220
35010
7110
90720
27810
7200
50400
28080
69120
96660
93060
52920
62100
61830
55530
38610
78930
11970
61020
61020
83880
42750
17100
75780
13320
2790
9270
99360
13140
29700
43470
14490
51480
96480
42030
50130
69930
97830
540
84690
32760
99720
67050
65700
82440
45000
60750
22950
84510
22410
49050
93690
96660
58230
47520
67410
2340
70380
37800
65970
67230
98370
58860
27270
36000
9540
7020
60660
61740
23490
21420
88650
86040
13950
52380
90180
43560
2430
63720
51480
44010
49320
83880
87120
54630
33210
36000
88380
74610
16740
81810
20430
19980
13680
56700
47790
5490
89100
14580
13680
58590
98730
75330
75870
41670
95940
2520
3240
27180
49230
41220
22050
5310
27180
81090
82350
95850
9540
39060
4050
36990
19260
86670
67320
40950
61470
60390
50670
20430
73530
33480
64980
18990
75150
44550
72000
77310
6570
47610
93870
89910
22500
24660
72000
80910
87030
19350
20250
99270
31770
18090
29700
14040
3960
27720
84780
2250
7470
75060
28800
42930
4050
43650
89730
96660
19800
78120
92610
44730
90090
40950
99720
57960
85410
87840
71100
38160
41310
44370
1350
71100
55800
45720
83880
88740
9540
68490
8550
1170
76320
9810
60840
23130
2160
51480
37080
41310
4050
80910
18900
52200
630
98640
84240
87840
97380
55440
39690
43650
67320
99720
71730
40590
90090
8730
31410
48600
73530
71550
21960
27450
39060
56700
17550
60120
84690
43020
44190
80730
81090
73890
36180
90540
98370
36900
35190
45000
6570
62010
51300
59040
83250
46980
71280
68310
21870
70560
96750
68850
82440
49230
27540
96930
54450
5760
60660
52830
22320
76410
60210
62190
84150
16650
45810
99810
55260
8820
68220
29880
30330
95130
93510
25740
86850
40320
60750
77490
7020
20430
62460
99000
12060
94050
44550
68310
70920
47520
16560
64620
83160
93870
80100
56610
62640
84420
92070
43560
89820
93600
86850
68040
5310
24120
96030
68310
49140
7470
28440
42750
43560
96390
75780
19350
11430
63540
55080
39420
94050
27360
57150
45270
47250
68040
35820
7740
45450
48150
76410
46890
90630
82530
52740
17190
30510
92790
51210
49770
91710
2520
77580
59940
75960
8010
80550
87030
80010
76590
54000
58230
33480
70830
4140
71820
9450
81630
15750
63720
89100
37890
49680
28170
30690
95400
67500
96750
69120
20430
2250
55980
99270
56700
19890
80910
20970
37620
14940
82440
91350
10350
18540
87750
56700
34650
51570
73350
89910
11340
90360
68400
92340
86310
8010
36090
80370
40410
1890
73800
90270
63090
85590
55980
18000
87660
40680
4410
5850
63720
9360
39060
53550
29160
71550
96930
20970
73350
53640
67590
68760
86220
92700
78570
88290
61560
64440
73350
84330
34560
45540
73260
30330
58770
22590
54090
70110
37350
68580
27360
2430
90990
65610
2790
87660
97290
92700
54630
76590
540
24120
13140
99810
85950
31770
74610
53910
51030
98550
31050
23130
43830
33210
72000
6300
3960
80280
25740
53910
97020
21960
28620
96660
28980
18180
82440
75780
88740
88920
22050
41580
29520
83970
25020
51570
17010
28620
43920
86310
34110
21600
35730
90450
69930
9180
11880
90720
53640
58860
68130
30870
82890
50580
74250
94230
81990
92610
11790
64620
29790
8640
49230
94230
14760
30600
4770
34380
29520
41310
23310
40050
85860
88200
61830
33030
59040
52830
72720
14130
23490
92700
86940
73260
89190
86400
28530
98190
53370
13860
81450
87930
6030
90990
40230
28890
20070
56250
59130
46350
50490
93870
81270
2520
10710
84420
85320
2070
67680
50400
96300
15930
90540
32310
76680
41670
49410
83070
90900
82890
49050
19170
71460
2790
50310
4050
69210
31860
31230
37620
82620
80370
23670
95760
29610
78030
76860
60300
12420
79560
62010
49230
77220
51390
83070
28350
55890
45090
22860
87660
27270
23580
50220
50220
70110
58050
38250
30330
61920
13230
42930
37800
75510
20700
53820
58590
5310
26370
71820
17460
93780
47880
25290
21060
52470
54000
91170
9900
58500
45180
41040
96750
24390
72270
29340
50490
26820
14940
74160
37350
60930
6120
46890
65070
45180
50130
57960
16380
31950
40410
64350
74340
30240
40680
6390
82710
14580
93060
3420
53460
10350
42840
27900
19890
71460
59040
26910
44910
42030
8100
91080
36090
87210
26010
38430
38790
35820
50400
52290
79110
43650
39600
42480
97470
95040
34920
39060
34920
84780
79380
35820
7650
24480
23940
97380
29610
67230
98910
75060
45540
5310
64530
78930
95670
49590
66060
38070
68670
28980
46170
72090
63630
11970
5850
12960
88290
27630
39600
12870
97200
31590
64710
60930
34650
29250
29790
17280
89100
59490
58140
95670
15300
93240
1170
77850
96390
30600
51390
76050
87930
61110
97740
8910
13860
31770
17640
61650
14400
58050
25200
83610
17640
70110
20520
95400
25470
21330
46890
56340
70470
90630
25200
78660
31230
37080
35010
33660
62730
56160
6030
1890
75420
72270
53010
66420
73440
14400
46620
40320
99900
89640
93510
92700
50940
32400
50760
76500
78030
75690
25200
33840
91530
17100
8910
40230
55890
76680
27810
47160
65520
29160
38070
54720
43920
18990
4680
88560
53280
66240
72720
68940
54630
67770
12060
1440
94860
59310
75240
98190
29880
99000
27000
54360
16380
49140
86670
37620
8010
44640
91440
75420
56520
56160
81990
71550
80190
87930
78480
89910
97830
270
79560
12870
51390
63180
18990
39690
21330
98730
22500
24660
99630
16290
90000
1440
84870
72000
51930
88560
1800
46260
5760
46710
180
3600
47250
78120
16740
93600
77130
20250
0
33390
33210
97380
84600
7650
21960
79470
20610
90540
96120
18630
75330
36450
46530
8010
30780
75330
82800
45450
47880
71370
91080
73710
91620
54090
95580
75150
88650
98640
15300
76860
37800
88830
97830
59940
99090
7290
23220
11790
21690
94950
62640
270
15570
7290
36630
45720
56880
70110
19350
42660
80550
2610
25470
92880
91530
15210
89010
50040
84870
180
30600
50130
26550
58140
2250
95490
53460
17820
14130
26910
92790
8280
32850
38430
6210
76230
94050
6570
62010
19800
12420
2430
25830
11880
57780
37260
98820
56340
88920
97740
75780
95580
7830
87750
22050
17820
29610
7110
56430
7200
88290
79740
27810
21150
10080
66060
26640
40590
38070
3960
15840
18900
20520
84150
11880
9630
540
64890
6120
80010
25650
52020
26100
41490
1170
51570
61740
39240
36630
16110
40230
46080
30330
48330
18360
55890
93240
34020
1260
14040
16290
91980
11970
15930
17910
57870
78840
56160
6120
85140
32580
1710
24120
9540
80190
78660
5580
13500
91080
46620
54900
39780
2430
13590
84060
36540
45000
51660
52200
14310
72990
23760
8910
31860
3780
77580
34470
84600
99810
30780
91710
64710
6480
37710
20070
87840
18090
35100
94770
58050
14850
81810
8910
59940
9360
40590
42750
74520
21060
25740
54900
43290
46890
56340
8550
2520
99270
72720
91080
45900
3690
72360
17370
47160
65340
27900
5490
82890
64350
86400
36090
32310
40140
98370
47430
53010
51750
65700
96480
85140
13410
77670
78930
63270
33750
29700
46890
7200
52740
62820
86670
19800
75960
6840
75780
72630
86130
9270
81900
46530
39060
53730
21960
21870
62280
37350
90090
24750
40950
58050
61290
5940
98820
50670
68580
75240
11430
22050
44910
53190
81090
26730
5310
47880
62280
1260
91350
22320
4230
58950
21060
93150
84060
24660
64170
19800
810
96210
2520
14220
15840
12330
90
8640
16470
58770
99540
89730
47970
17190
44820
85230
63720
95760
48060
2520
12960
71910
52830
70560
41850
2070
96120
85320
19260
5220
87210
26820
73710
37530
57330
270
78300
19800
83070
25470
63900
97380
52200
25650
59580
61110
31320
15480
85860
43830
24750
6480
59310
65610
29250
78660
28530
89010
9450
57420
22410
44730
95490
33840
8010
83340
6120
70380
94590
78210
70740
63900
22860
3150
8280
43290
83340
81000
24480
92700
9720
99000
18900
87750
73890
27900
59130
6120
74430
24660
63540
9990
90720
90270
1890
70380
74790
15300
8010
2970
17820
23400
77130
12150
95670
4410
45180
1710
63810
53280
85140
58860
19530
86850
62820
93240
93060
41400
19260
30960
14670
69570
15750
49050
55260
8280
92610
1350
15480
42390
17550
66870
88110
15480
11070
47970
52740
5130
42480
44640
15570
29520
39060
91170
26640
59940
26010
21960
18630
50760
40950
65430
76320
95040
69390
52200
21240
42480
9090
41580
41670
33570
86670
16470
6840
28170
9450
89640
42570
65790
17370
90810
61830
81540
17280
64710
73620
81180
98280
64890
1260
71190
70110
50670
6480
74970
43200
5850
86400
83880
93240
0
80640
28980
76590
90000
33030
75150
93780
21150
18540
73890
4860
93510
93690
30690
53820
87120
95310
50490
38790
25380
80100
29520
6210
28080
30420
450
69390
14760
97020
95580
22320
36900
93600
32580
9000
29610
33030
35370
1800
88920
89910
14850
24030
99450
18720
1620
42300
31050
91980
49770
83880
15030
75150
81360
38430
74430
43920
73350
72900
84780
26190
3960
51570
5310
4230
36450
33930
43110
18180
11520
79650
53910
87120
90360
91800
30960
26010
14850
97560
12510
13950
89280
13860
18270
46620
30150
62820
76140
35910
66780
93510
70830
69660
26010
70020
37080
84960
41220
26550
26640
19710
84690
12150
48510
50670
12690
720
25380
22950
12150
2700
91800
24390
67770
62280
80100
85590
49140
55260
20340
44370
62820
25470
20430
98820
25830
48870
3600
74070
61740
51660
44010
6840
1620
25380
29340
60840
13140
1710
18630
89730
7650
56070
75780
91530
55530
2160
74160
76140
98010
76500
55530
28800
14220
50760
78120
52830
56880
99540
31500
74880
87570
87030
23850
79290
90360
73260
11160
31320
97020
66060
46260
1620
70380
35730
8730
56430
41400
69480
22050
47610
23130
76500
49590
72630
5940
35910
41130
31050
13680
69570
82620
41040
82800
94860
83160
7380
58320
19170
76140
61920
90720
21150
25920
56610
24390
96480
26010
40140
11790
78570
20430
43200
57690
73980
54720
11700
73260
49860
45450
32130
33030
8370
90
45540
70380
24660
92610
3420
89100
18810
19530
67950
29880
53460
52740
83160
61740
27540
3150
97560
36720
53640
56250
4140
37080
18900
87930
71280
72630
68040
14760
78480
11880
1980
59580
43740
95760
81810
40050
41220
96570
53100
26100
69030
45090
62100
16020
47970
99270
56520
39240
41490
84600
21150
10080
10440
90630
44100
92700
64800
27540
60840
46530
94950
13410
4320
35910
76230
16020
67950
2340
90270
56520
75150
95490
23760
42840
88200
73800
16470
36450
83070
61740
900
34830
2970
74070
37170
76860
62910
43020
49500
19260
7830
8010
76860
84780
45810
35100
20790
90270
46080
14130
95130
46800
89910
900
42210
42030
17010
46350
17550
32670
54630
84690
87390
86670
18900
94140
2610
61560
38340
65790
3420
82980
25650
46800
61560
80280
98100
85140
17910
84510
96660
810
68850
22230
32130
59760
12780
18450
72720
26460
97200
62280
76680
18450
40140
25650
88560
34380
73620
65700
38790
42390
83070
69840
73710
18090
65070
59940
25560
90720
33210
4500
52740
55260
27180
15660
35370
94770
70200
59940
96300
65520
73440
78120
22140
3240
88290
54270
18810
28530
87570
19620
20610
4680
51660
9990
14760
79830
95760
810
88650
89550
44910
48510
73890
44100
19530
78030
96210
4590
49680
1350
18810
60660
89460
11340
21420
23580
26100
48150
19350
37980
72990
69030
65610
98370
80370
91890
45180
53820
52560
32850
74610
77760
16650
10440
13770
27990
88110
6570
64980
63450
99090
69480
32940
45810
74520
54360
95760
17640
77130
98280
64620
62280
49320
55440
83070
90990
59040
65610
27810
46710
79920
53730
16650
92520
38070
49590
360
30420
45270
75690
99000
1710
12780
11250
20970
32940
41490
77940
82530
96300
93330
3600
28890
46260
28080
44370
41040
12600
81990
78480
48420
35370
47160
77490
34020
70920
62550
2700
5760
63450
82800
37890
46710
41490
34380
26460
23580
74250
67860
81450
94500
29340
10080
22950
70020
12510
38880
42840
7830
20340
82710
3870
70290
44010
60480
32310
6300
97740
59490
38160
39240
87120
96840
39420
55530
18450
48060
84240
55980
540
1080
52110
31320
27000
25380
52290
83520
61380
83070
43470
2970
18450
36450
92340
49320
95670
99270
37710
10530
52200
94320
79380
27090
75780
38070
77760
65430
82080
16110
82620
10890
82800
94950
25200
79380
70470
84600
59940
8100
97470
59400
93420
5400
44100
45540
90
84600
79560
19440
96930
4950
33840
77130
80910
30780
23670
73530
85590
10530
22590
17100
97830
1890
84240
99540
30600
90360
32220
36180
47610
63360
30420
35550
81990
14040
64440
79470
54360
14850
90900
27900
56340
28800
5040
74880
1260
11790
78570
97920
75060
46890
13410
35190
36810
8550
77850
900
63360
50310
48330
45090
9000
94770
8280
6480
26370
3780
43740
27810
74700
52290
61200
13950
50850
18090
47340
6120
37710
58230
94770
6480
12150
38790
61920
69300
540
97110
98820
37080
62820
93690
25380
90270
75150
26280
82620
60120
25740
58230
75240
86760
41130
44190
51930
91080
79110
20430
69390
49770
73080
5040
17730
72630
36810
78480
58410
17280
10710
73710
2520
30150
8100
31860
75150
85950
26910
19890
4320
97650
81450
92520
51030
16020
50490
69660
58050
29160
95130
98730
26640
19530
88920
38070
16920
81180
50580
33390
52920
37440
12690
48150
46170
900
99540
61740
47070
85230
88200
40410
17190
44730
17280
14670
62460
68940
39420
95490
28980
81900
51480
96480
59040
51390
75870
29160
12060
72000
38250
92790
99180
50040
71370
63090
81900
54720
18180
71100
96030
68490
94590
13950
7830
72360
68400
61020
14850
67950
41580
52830
72630
3600
49230
84690
84690
47160
81810
22410
72270
2700
98370
10260
29070
8280
79920
68220
32850
54810
77220
53190
87840
21330
80640
57150
52290
98820
42480
29070
73620
85410
22140
18270
57330
50310
64980
63000
32580
8730
84060
86670
94680
82350
25920
5490
1710
85140
95130
86220
24750
60030
41940
49410
6300
58860
83520
8280
89730
33570
91620
89550
29700
4590
52920
26280
42570
69930
55260
32130
93690
59400
5220
78660
37620
84600
93870
31320
57870
92790
76500
59220
78030
53010
11340
21960
90630
25470
30690
55530
8280
49770
70830
9360
61650
41130
49320
66690
94860
23760
26190
20520
10170
66960
11070
82440
80010
10170
23490
540
40140
9450
69840
26280
4500
36990
65430
90360
93060
2700
95220
99990
57420
36630
8820
76590
30690
40410
2340
88200
56970
74250
67500
27450
13410
92430
97470
75870
73170
80460
32310
33300
8100
7380
84060
32220
58320
270
83880
88830
49680
35910
38520
14850
48060
39780
90450
14760
65880
6120
86670
90
68310
59400
74520
11970
30150
2250
13770
58410
29970
44820
7920
91890
72810
34110
3960
2070
79740
29430
76140
36180
52110
78750
27630
11340
80730
35190
86490
17460
54270
82080
39240
86490
49230
91080
53100
72270
11700
55350
85230
39240
66780
58950
8910
34380
98100
44550
18900
32760
85680
95400
68040
97560
88020
36270
20700
21240
8280
60210
1710
90450
18090
85680
40050
8100
23130
21510
37170
9180
59850
49140
6120
3420
22320
43650
69930
46710
91800
98640
83070
97650
35910
24840
66240
60480
69930
80100
60210
24570
8100
45000
90540
36000
58230
85320
55440
89550
4500
64080
78660
89190
50040
28620
45630
52560
85680
8820
97200
85230
69120
76320
42480
84510
51390
47970
35460
75060
84600
30240
95220
26550
48510
24750
35730
13680
62730
43200
64710
90270
18090
39690
20790
86490
79020
83430
27180
57330
58950
57240
3150
35640
95400
87930
90630
33030
32580
39330
55530
61650
22230
78750
48330
39690
14040
17820
68760
98550
20610
77400
63540
53640
87570
35370
46620
54180
41130
11790
6030
76860
48150
33300
4230
47520
46350
63540
17640
38880
57690
10170
41580
71190
84600
23490
25560
94230
97380
26730
11250
93510
51210
57690
11970
82080
82350
64620
48960
19350
27630
24210
57240
17010
14940
81810
80370
82620
46800
57240
48240
40410
27180
7560
84330
83520
75780
17640
57780
47970
52650
66240
31050
7560
22680
30330
83250
17280
13950
36540
65520
59310
41490
98370
17460
26010
83430
16020
86490
62280
90180
31230
54990
80280
54180
68130
23670
1800
44370
89460
61560
48780
32040
17010
76050
69930
6480
63180
83610
86670
67410
94320
11970
17280
8820
35910
37620
5940
92520
45720
64350
9180
6660
76860
71370
3780
14400
21960
49140
43920
43740
14940
39330
28170
54720
49770
52920
62370
55890
77580
87930
19440
5580
86400
2070
1530
91440
5490
63360
10530
630
73260
21420
72900
69840
76590
78300
71640
32490
3780
28890
73440
66060
13410
75330
78480
50040
48780
23490
16830
61200
95850
41130
56880
50670
99000
82800
5670
62190
82890
15210
77940
8370
72360
72180
37170
50850
73710
14220
8370
67860
63990
2340
15750
66330
32130
50760
41220
98100
22320
46170
3960
13230
92520
20700
43650
65070
61200
34290
74070
59760
58050
20970
51300
36450
58050
67140
53820
31680
17100
86310
90000
57420
77670
10440
74970
99450
68310
72000
10800
80640
81540
40950
63990
69030
73260
18900
3420
50040
5310
29610
90630
36990
45810
17550
34920
60570
26190
27540
13680
92430
77490
86220
81090
52560
20340
10260
89010
98460
35010
65340
7650
79740
2430
80460
1620
56610
5490
79200
24840
29070
51840
34470
85230
52830
59760
17370
47610
66150
58410
56340
99630
18630
10260
11700
24210
13410
81360
81540
72630
56790
5490
58230
76320
19800
28620
35370
50400
95850
20070
63270
81900
12510
99540
92970
82170
70830
58320
38970
89550
51210
72000
7740
66330
60570
16740
22320
39330
46980
54000
21420
67140
41130
76860
11880
28170
36810
99360
30330
97920
47880
88380
55530
88020
24660
66960
91260
68040
31050
8190
24660
61830
86040
14760
37710
91620
46170
80460
95490
450
58770
74340
6390
360
28980
85950
33840
39330
58770
2070
78840
25020
67680
61380
87660
13770
180
44460
74340
78930
25830
82440
24030
44730
75060
87030
93960
20610
22860
14040
4050
11160
47520
61200
74970
36180
25290
64260
56700
3240
90000
57150
54630
80370
36450
42570
61290
82710
49590
34470
61110
7560
96480
45540
99990
6840
1170
40770
95400
91980
84150
38520
4680
4320
86490
66420
8280
48420
79560
77220
99270
34740
61110
77400
86040
58050
36810
63900
32580
83880
75600
56430
60210
84240
6480
54810
54000
54360
89280
92070
48780
6840
31320
13320
52110
24210
61380
91440
98910
46530
35640
49860
92160
3780
61380
88110
30690
41760
89550
23310
6750
46980
81720
61650
8910
47070
52200
63990
68040
16920
66330
45180
37710
36720
33570
91890
82260
56790
91440
10080
3690
56520
93150
32490
77850
81000
39690
71820
67320
82350
41400
32760
56160
28440
13050
94320
10800
43110
44910
33390
32850
23400
94050
65700
99000
81450
3510
37530
13680
95220
35730
66870
54720
32040
24570
3600
60300
75960
74790
95130
41040
53550
84240
95670
33210
63450
11880
58770
60570
54540
42300
14490
7560
42480
9630
64530
83790
10080
82350
40680
82080
80550
92970
68760
28980
83340
90630
1980
62910
21330
89010
49860
86760
51750
58860
81360
80910
86310
67320
8640
10530
72090
41760
88020
31500
86670
27000
52920
21510
88290
56880
29700
68220
75600
30150
91260
89550
24390
49140
22500
22680
58410
72450
52110
35820
50940
89910
36720
20700
60300
69750
15480
41760
42390
12780
49590
59670
1620
27990
28350
63360
69030
91170
92700
96300
44730
70560
75420
51570
57960
94680
12150
79200
75510
13860
38880
36180
96030
33210
5400
14670
87210
71730
83160
72990
84870
64620
28980
18630
89100
44190
54360
60030
88020
59310
37350
29520
73170
97110
54090
43020
75420
88560
5310
72000
5670
7830
30510
33480
48420
44640
4680
20160
11250
10350
93060
84420
63360
15930
56070
33840
16650
41400
57690
81990
8280
65250
27360
65970
28440
53820
10890
10980
17460
450
39600
42120
35100
56970
30510
1980
900
54450
79380
44100
59310
81900
42750
98370
64800
92700
89460
85500
25380
95670
39420
9900
54000
67230
88740
42120
25290
9180
79020
83430
92610
22410
34290
10530
21060
41040
37890
2970
28440
12690
68040
36450
13230
7110
14850
17640
84510
86760
93150
75240
85860
92700
60030
75510
55260
42300
51030
57780
1530
31590
23580
62280
9360
4950
80190
36540
22950
6210
77040
13410
65340
1080
37170
58050
90090
30780
81630
62460
50580
83610
26280
46710
50940
27090
33480
84150
9720
98010
1260
38430
6120
95130
79200
51480
630
16740
20160
60840
14130
96930
22230
7560
33930
12690
96750
50310
39960
19890
55800
90990
3510
80280
73530
57150
18630
34110
66510
14310
53730
58050
78030
55350
43740
69210
74880
11520
11970
85410
63000
67770
29970
69030
93330
91800
69930
61920
41850
8640
32040
65880
24570
81360
21330
75330
51390
55080
65250
43740
6570
74340
25110
88740
81810
56880
98640
84780
13860
32490
67410
73890
38160
67770
21510
18900
62550
89730
33120
16740
67320
95040
3510
50580
91350
72270
74520
5400
35820
91890
90180
27090
37800
14580
5760
26640
26730
70650
96210
72630
42120
58500
14490
64170
58590
67050
7560
88380
24750
3960
2340
54270
1170
90990
73170
19710
57870
65700
53100
95310
39060
57690
14400
28260
48330
84870
74520
98190
82440
36810
47970
76320
1890
10980
23490
45540
93150
59040
27900
33660
70110
50310
42030
60840
28080
47970
27270
76770
93600
76590
30780
8910
9720
59130
10440
59490
32310
38610
45630
15390
53640
5400
44460
42840
89280
37620
96210
3780
27630
21150
74790
56790
21060
25290
50580
6840
48510
63900
53910
25470
15480
82440
90000
89100
25380
79380
93960
68670
17820
23310
1080
63090
16020
4050
3690
24030
18360
50310
32400
90540
52560
94140
16470
35370
95670
99810
52020
83250
77040
95040
10440
34920
6300
71460
12510
64620
99450
48870
76410
95310
900
94050
88290
40410
67050
99990
81810
20700
46980
18810
86760
45810
34380
24210
55980
27630
68040
53550
78120
85230
50490
67950
83880
91620
80550
89280
88650
80010
18990
6300
7380
32760
53910
84420
69930
74250
1440
33210
45360
40950
24480
88470
85950
21960
30510
88830
5670
82980
4590
69390
16290
51480
94680
7200
49950
85680
83250
57600
45540
99270
77670
53550
20790
23400
13860
8730
36720
53370
62190
23490
74430
71910
4680
1710
93510
21150
72630
24480
97020
84510
51930
2610
9270
69390
39420
87390
1890
51570
34200
39150
66330
14220
95400
24750
16470
98010
33300
28260
2610
88740
82530
4050
31770
73080
52290
54090
47610
39960
78030
76680
45360
57870
63180
64260
82080
4050
42930
47250
74880
85680
55620
53100
63630
93600
40680
36540
97290
54630
46530
46710
23130
43920
11880
85590
68760
24120
42390
61200
180
25290
57240
39690
13680
30600
65970
52110
16110
1800
73170
29970
58500
37980
1350
80100
37350
74340
79020
81450
39600
90000
44550
47700
35100
44550
92070
77580
71190
62280
60030
84600
86310
36000
74250
43470
49680
1350
38070
33300
87030
52470
75600
92340
31050
33210
66690
96210
57690
37800
87480
70830
75960
58590
29790
83250
45360
55350
25920
83340
99810
65430
10710
31680
39420
92070
70470
48240
23310
84960
66060
21420
3510
64980
91440
69030
80820
1530
90180
99180
2250
95580
89640
38700
86490
37260
37350
87570
47430
31050
72090
99270
14580
61380
41040
31590
73800
34650
46890
16020
66690
37980
52200
88830
11880
8550
88740
8460
94860
45270
8100
79560
2070
76500
67410
53370
98100
39780
85500
22050
24840
21150
33480
41400
52920
91350
46080
52110
61830
99810
67770
71550
20790
95940
51660
10530
96210
14310
84240
92970
22320
60750
11070
14130
67410
31050
72630
50760
65700
65700
95490
84150
1440
70830
39060
8730
94410
19350
82350
180
80280
76590
82620
53010
7470
69930
84870
5490
19890
60840
12960
5400
27810
54000
30060
71100
88470
22680
61110
49410
90360
60030
65070
81360
30240
63270
43290
8550
58410
34740
89910
44010
13770
49590
78300
13950
4500
51930
34380
70920
74520
2520
86670
19440
99540
87480
26190
16470
73980
5670
20970
13860
55080
27900
11340
5040
99450
48150
80550
37530
49320
2610
58050
37710
96120
51390
75420
14220
31770
76950
10620
12960
19710
45540
50670
76590
2610
31950
74610
13230
1890
180
65520
38700
23310
37170
98010
5130
87930
91350
61650
14490
7920
78840
78660
73350
94770
17730
7380
17370
11970
2520
69930
94410
16020
79830
96210
55890
66420
32310
43110
8820
69930
32760
94770
36810
22680
67950
4860
3960
3420
62190
39510
13050
54000
21690
28350
54360
87030
60030
40680
89370
82980
30870
98100
50310
11430
72090
92430
55080
84600
33030
9000
59220
450
990
27990
99810
37080
91710
48330
56520
72990
77310
56880
94140
64260
28350
35640
59220
73980
98280
16470
46890
90000
81540
22410
6750
81540
97200
61290
95580
38700
67320
40860
16200
97560
9540
29790
3960
540
69570
36090
51390
77490
10710
44550
10710
59940
39510
1530
39420
72450
2340
26280
67770
27090
41580
62640
26100
56880
19710
13500
20340
89100
13860
58230
14850
24300
58500
84330
27090
10350
81000
51570
18090
44370
86220
61830
95130
86310
96480
79740
74700
29700
16830
25200
81720
1350
17820
28440
70650
38880
66330
88020
95490
81000
83700
98730
60210
91080
49950
36000
71010
77220
50760
90720
39870
29610
62730
79650
3510
48960
34290
8820
93060
43740
79560
56880
66150
57060
29970
97740
30420
17460
66420
18000
46710
15660
84150
30510
76770
32220
52380
84060
86850
26280
41850
93510
62370
98460
19350
41940
5040
7110
52830
77400
70560
39060
7020
5220
64260
53820
82170
51840
62100
20340
37440
5580
54090
26730
47340
91980
79020
84240
17100
51750
64890
75780
51840
99810
4320
61920
67320
47970
65970
25740
20880
11160
8820
30870
16380
11340
86310
47250
36630
70200
65970
93240
73350
93420
89550
49680
62280
27900
53640
29340
14940
72360
67140
5940
64440
19710
50760
54090
37170
49860
89820
56520
80370
8010
1980
3150
52740
59400
39240
70470
13230
52560
24030
93780
30060
97470
26820
89370
35280
52740
71010
48060
46350
22140
47340
34200
47070
65070
75420
22500
81990
59490
56430
45360
59310
71370
6390
71460
45270
6840
74250
46080
89280
35190
15750
47340
31950
96120
27360
74160
42120
7470
19980
51750
64800
28080
48870
41760
20250
90000
20970
66600
36360
9630
38880
4770
87300
83880
26730
48690
37800
95040
87930
10890
91530
58590
8370
25830
93870
39240
44010
95220
15930
72720
54540
80820
88470
42840
28710
50400
31050
82170
26730
85140
74430
82800
39330
88830
92610
8460
24570
64440
20970
70560
96300
90090
67860
79560
80280
40950
98640
17730
64170
59130
72450
48600
27990
56340
5220
27630
59400
86400
87210
60390
35820
63090
66420
15570
52920
27360
46440
93690
11250
54810
20520
97200
72900
32580
31230
2790
22320
16470
52110
41850
96570
31050
76860
31410
32400
8010
55710
97110
73530
51300
26370
19620
77490
23220
80640
66870
37440
64620
88200
99900
58770
62100
35280
40500
55350
91890
88380
95040
5310
65340
32400
71820
35190
78480
86040
26460
72900
51750
11250
75240
21600
84060
71370
3420
26910
80460
63180
2970
92970
53190
42660
31950
54090
29160
89010
58140
92790
24300
52560
81810
23310
86760
88470
96480
68580
72450
65520
71370
6210
41940
19890
83790
35460
900
28980
52830
71820
85050
58410
60030
93330
63090
13500
34920
72000
24210
54000
86400
89820
22140
21330
69840
54360
46080
33480
23040
58860
83880
97470
27810
93420
54900
30690
64710
89190
4410
64530
93420
31860
16650
96570
36180
36900
27540
76140
67230
93330
1620
31410
7470
91350
9630
4590
88290
79200
8280
51660
2160
77580
60750
95310
65340
37530
4500
14310
18270
69570
73350
28260
36000
74610
27000
6570