993 9615
29610
26280
73440
68580
54270
95130
57420
30870
5670
31140
82350
67500
79560
94320
12150
11790
72720
88020
38160
70470
93330
93060
54450
41310
71550
11880
26820
15210
93600
51570
2520
68310
9090
36360
79200
86310
55260
35190
59220
14760
90720
92070
76140
97200
11250
15750
62100
98820
42660
10350
29520
65340
31590
53190
7560
900
34740
88110
69390
12690
35460
33300
5400
31050
89100
13230
86580
92340
60480
32040
8100
76770
14580
6300
49050
12060
55260
18270
90270
94770
24480
19350
94140
59580
34110
83520
17280
58770
62730
37440
66150
92790
74880
86670
75420
79200
93780
46080
93780
94680
28710
49950
82440
1980
18450
30060
88560
92880
74340
23760
1800
25830
67860
60120
63540
33570
31590
47430
12150
53010
64440
14400
46620
77220
28620
68940
57780
87480
66600
81990
58500
43110
61020
13770
5940
62820
84060
89910
10620
77310
1980
89640
14310
97380
38070
23040
84780
97290
23130
15120
51300
91440
1440
30420
70020
88740
22950
8730
59670
82530
93780
31320
14670
62910
51210
46710
33930
89910
30510
85680
58590
3780
61920
77400
16380
47250
71550
16020
20970
73350
69480
4770
41310
96480
81990
59400
12960
59580
98190
6570
6480
40050
63990
78480
12600
85410
32220
34650
64080
79020
42120
89460
11340
86670
4230
69030
62460
38610
45450
23310
84240
76500
93600
25470
92430
90
69210
31860
52290
88740
82620
92700
69930
46170
84960
60570
32940
32580
36810
62550
39690
58320
87750
1170
87300
1800
86940
57240
57690
19440
78480
42840
48150
83070
17190
84150
34200
47520
84150
28350
77220
46800
70200
3870
18000
1890
54720
41040
93600
81000
30690
28260
34380
45090
86670
28080
0
98100
9000
30240
0
81540
5220
8100
42030
89550
94410
25020
29340
25290
50220
68490
60120
56880
63810
21330
33840
92070
82800
15570
24930
34740
24840
83970
54990
32850
10890
47880
92790
62640
78840
37350
72270
74610
31860
90630
15120
98190
28170
86400
95760
90540
29340
6480
5760
82710
92070
19980
95220
91800
18180
44550
46620
57420
92070
16200
46890
38250
50400
67860
43020
91530
99360
17010
85500
90900
19350
62640
42480
40860
77400
15300
33210
93960
52200
72540
97560
72360
80190
84240
10800
70110
32670
6570
53370
25020
21600
3510
8010
8370
48600
80190
74970
5850
53100
63630
37980
75150
99900
73170
48600
6840
94590
92250
59850
4320
13410
48600
82080
89640
59850
61200
46260
35460
32850
43650
85410
84960
63450
8100
22320
15930
1710
89100
72990
66510
34650
23670
33120
79920
58770
73620
32760
53190
89460
9180
81810
8730
90360
50670
70470
11070
87030
85410
12240
73080
23310
95490
22860
53820
24210
89190
61200
87390
61830
56430
16470
44640
45450
38610
79110
97650
84420
49770
36090
48870
86580
84870
57510
62910
83700
98730
69300
13860
59850
630
70290
64350
76500
19350
53730
38880
80820
92250
61200
28710
55170
76950
50670
37350
92070
11340
65790
17370
73800
28710
8100
28350
36990
94050
35010
50850
50490
98370
93060
23400
39690
93330
42930
27540
40410
71640
91260
68220
98820
14310
1260
64260
7740
18270
3420
36630
19620
26460
46620
24300
8100
99720
85590
91800
81360
76770
72630
64800
27990
99180
48960
9450
3780
16470
91350
78030
40950
36720
7560
7110
70650
39600
54090
4140
53100
85230
79830
30420
79920
59490
6840
28980
77400
30960
21330
56430
35730
22050
74970
66780
58950
60480
52650
79290
63360
4680
68670
12060
99540
59940
17010
56610
60750
35820
40770
76590
58950
58410
54540
21510
28890
99630
40050
32400
87570
62010
98370
73440
60660
63720
55440
65340
71640
58950
66780
32490
98280
5040
67050
87390
19620
67680
99540
95040
57870
13140
42030
15930
69300
36450
450
99360
14220
19170
32760
42030
72720
77490
3240
42750
45990
67140
8370
97920
28530
11070
89370
85140
26280
3600
71910
33300
81630
69300
48960
9360
76050
88290
24120
47070
16650
72270
80460
68220
36900
3060
82890
630
31230
30870
67500
94590
58410
94050
26910
64260
72090
55350
37260
66420
25740
91620
85410
6570
56790
39870
38790
16470
32670
61290
5310
90360
70380
68940
35460
45000
19170
31950
46530
35370
22590
19170
58140
18180
89010
20970
32310
38880
90360
95760
19620
23310
75690
49500
16380
15570
87840
41940
59490
85590
54630
360
28350
9720
39960
93330
40950
29070
20250
97650
23940
46800
83790
92070
98640
88200
27270
42030
18720
76230
40410
42300
60570
19710
26100
88740
39960
35460
2700
90810
90990
48780
30330
2340
82530
36720
56790
65880
49410
38340
58140
19350
85050
51120
21690
86490
29790
45090
57870
38070
26100
66240
62100
48600
27000
56160
61650
6660
59940
94230
9540
52020
32670
76590
42480
15030
6120
73980
35820
23220
20340
48510
24840
17730
92340
77400
30780
25380
48240
40230
61200
21150
49680
24840
42750
2610
76860
4140
63180
9900
31500
40680
95220
10350
76230
48420
79650
36630
13770
24840
45990
24390
60030
84240
65250
1260
98550
99180
33390
9810
29160
98190
11520
56430
9180
93960
67950
15300
18090
52380
69030
57780
27450
990
88380
64170
9990
90090
83250
56340
86310
54090
69210
88380
75870
73620
78750
10620
81900
92880
15030
9720
73530
92880
81180
47250
40590
22500
7650
98820
11970
19710
75150
23040
12420
70470
28710
54990
59310
52470
46890
66510
75870
26910
89730
48330
71010
46170
64440
22950
28260
64980
83520
32400
76140
70560
64350
42210
64350
95580
98370
41580
97020
76320
42750
62730
61740
89550
79020
84600
85860
25650
66690
55350
38430
99720
74610
77580
2880
8820
67770
54810
18900
91890
85590
41580
38430
1530
73710
92340
28890
47070
28980
95400
8550
15480
93420
9450
10620
21060
45180
41130
85860
7560
61920
11970
89820
17730
48240
98460
81360
62280
3240
33930
5940
84690
86580
87210
20430
85320
97110
27360
46890
59850
56700
49320
84690
74790
59310
22230
2970
82890
18090
47700
55440
84060
39150
810
21600
11970
11610
46890
39330
5850
2520
54360
92070
28710
27270
54270
77580
79650
61650
48870
56520
32130
53370
36630
73620
53190
4410
42120
90
9450
68850
34470
83610
8910
52200
83610
30600
63990
630
49500
95850
99630
9090
88560
86130
17100
19170
7740
10620
63360
83250
22410
32670
92070
81360
55710
85320
84600
72360
50130
68220
79650
8730
16020
86400
65250
57150
6930
81540
65160
50400
51390
46710
33120
13860
44370
99540
41490
91980
9450
8730
33300
6390
9450
22050
6030
26550
88740
53460
630
94230
62190
19800
50760
80100
61920
39150
89640
54540
84240
6570
13590
77940
44730
98550
34110
26550
99630
9180
98460
66510
42120
30780
85860
47340
93690
12690
45180
75240
14220
13500
76500
46260
74790
22140
83250
86940
73530
37080
19890
37710
72270
86400
56340
6930
38070
25740
91800
93870
23040
85230
93330
60210
58770
69930
50490
67590
40230
95220
66780
66690
24570
64890
34740
6120
61290
52920
77310
14490
43110
42120
37530
48870
22680
67680
27090
39870
57960
76140
83430
43830
46620
21600
34650
70560
74160
65700
52290
66330
47700
1170
48690
41400
19890
17820
78390
57420
16560
810
79470
76140
50490
96300
66690
94320
42750
23670
9990
72090
37890
62820
9630
94770
91170
36000
95490
44460
16740
71370
36090
27720
58140
3240
22860
10530
80460
97830
38610
9000
90000
16200
14490
50040
64170
59670
54180
14940
74520
73260
83880
21960
95130
47160
24570
12780
73620
47880
26190
47610
17640
23130
45270
70200
73530
77130
88020
70290
7740
24840
57600
26910
31860
83250
79380
96840
36900
90810
2970
7830
96480
81900
90900
27270
94230
95940
78750
88200
79020
33120
39690
74700
22500
93150
13680
10620
30600
83340
76410
81810
5400
60120
12420
89820
22590
59490
3150
94950
44730
38160
54540
95670
24390
39420
47250
80280
54720
83610
75420
82440
72090
57330
63720
95220
44550
88020
54810
86130
20970
20880
6750
7380
12870
40860
33840
64350
45180
36090
31410
43110
9810
95580
75150
17640
34920
21690
96930
74970
94140
81630
87840
92880
17640
49140
28620
59040
52200
70830
96300
99090
76680
27090
52830
71550
65610
44370
38160
90
56700
48600
88200
41760
50130
55260
46620
95040
46530
64800
78840
59040
46350
83880
41310
24570
84330
44460
38520
10710
88020
21420
74430
58050
75060
1710
52740
15210
48870
62820
14220
10980
96570
52200
88650
30960
53640
4860
92520
84060
73440
97020
42300
56700
1620
54450
34650
89820
17550
76230
34470
61290
68760
27630
33930
42390
17730
19260
56430
62100
76590
85320
53640
33120
6030
25200
95130
84510
5850
97380
48150
73260
76590
9810
21330
54540
43560
50940
92880
83430
4140
88290
39600
97650
26640
44460
77580
57330
97650
54990
88830
81900
10890
47520
54900
8370
66060
21150
16830
34110
42660
51210
22050
52020
64440
90270
10260
50940
74070
33930
11340
10170
10350
11340
90810
18000
52020
93690
56520
1350
47610
50400
74070
28440
45090
94230
85770
27630
36450
96390
5400
55620
93420
92250
50670
57420
93600
93690
34830
27270
67410
19800
1080
64710
67770
33660
90540
40410
24930
72990
37530
86490
33570
72900
5940
44550
14670
88110
27990
17910
13320
61200
90630
73350
12420
82890
75420
93510
6660
51120
7650
54450
28800
97650
22410
8100
39240
95130
53730
37800
49140
23400
26550
83970
93960
37350
42570
90900
38430
66780
73710
78120
35820
95760
36900
17100
55710
85140
94590
16200
65880
23850
63630
540
67410
52560
47070
75600
50130
78840
31320
72090
12600
36000
37710
45090
46260
72090
94230
93060
12510
30780
15480
2880
10710
45900
81360
9630
54450
24840
41130
93960
34380
84060
74790
54630
23850
23760
3330
20250
12600
53730
81900
55440
13500
26190
71190
55620
65610
26460
33930
28710
77130
70380
72270
81540
8100
56070
80010
82890
5310
26370
41490
79920
83520
38610
97650
70470
66510
85500
48330
31590
74520
93690
30780
28080
74520
3780
29970
72180
34920
37890
27720
73350
24840
0
77760
63630
22950
53820
64440
34020
88290
26370
76320
65250
87210
68220
41850
6390
26460
25470
2700
39150
88740
46080
89730
77940
83610
45900
45810
63000
93600
40140
1710
96300
5940
37440
50040
56160
89640
2790
15570
86850
22860
51210
96030
36090
27180
57870
63630
7110
63810
14850
48330
39780
61020
93510
94320
43740
65610
14130
8280
92340
46890
32850
27450
91260
57330
27090
39150
86400
61020
10170
22410
88110
98460
40410
27810
67950
90540
42840
96840
9090
55710
40680
92430
0
13410
57420
17640
14400
78030
47430
3690
74790
3240
61470
6750
45990
59310
98820
73530
63090
55260
93780
46620
58590
34380
47610
49860
21600
28350
96480
57600
51660
15480
45270
81180
8100
91350
97290
8460
26460
47160
54810
71820
10260
93960
20250
16290
32850
13770
89550
41490
23760
1530
70470
32580
2610
33750
59850
89820
18720
27540
47610
32310
22230
58590
85680
45990
33660
51390
38700
36000
96570
2520
77040
90720
82080
10890
85230
20880
7380
37170
5310
69300
50220
46530
63720
23220
25560
17820
16920
32130
96840
26550
61470
60480
6660
88470
21330
14040
23850
53550
38610
97020
70740
1980
97830
69390
8100
57600
77940
13050
34920
93780
55170
18450
87390
76050
65250
79560
31230
10440
30150
76500
64080
45720
630
11160
88290
14040
65430
39870
94410
1260
70380
6570
58590
99990
52560
30510
43920
39870
2070
29970
180
13320
74880
45360
97830
99000
48960
57600
27000
81900
62550
28170
13590
13050
63630
54540
29430
5670
89010
3240
95220
28260
88830
62280
17100
67950
78480
63000
52200
87570
36000
24570
52290
20250
4140
46170
61920
74520
4860
16560
36720
69570
16560
55170
76140
24840
58140
29160
37710
82350
96840
39420
52200
31140
6840
51660
77400
59040
77490
19260
13410
70290
20250
94050
10440
87660
33300
85590
64890
18990
3780
21600
63360
9180
24480
39690
82800
76230
61470
82710
14490
93510
93690
48960
56250
9180
87030
28260
98460
2520
58230
5310
53820
36720
73980
1170
49320
11520
90270
54270
18540
72270
51210
63000
70290
21060
32670
51030
720
95040
78390
83430
19710
46890
47700
67590
67050
43290
71820
47070
1350
90090
31050
68490
20970
50850
88020
3420
90
34380
52110
37890
98370
28260
42300
40860
24210
20970
29520
12240
84690
37350
41040
90900
98100
78570
49230
40320
88020
25290
8730
3060
71010
87390
35820
63990
39060
93960
20250
77130
99360
69480
16740
9630
6300
74160
58140
9990
95310
30060
62100
6930
38700
32130
68130
81270
39330
77850
46530
73080
18540
64530
61380
90270
90810
13050
75150
38610
22140
71100
13410
38790
47250
71280
15120
14400
97560
96300
84240
95940
97650
63630
74520
33570
91440
28800
24480
66150
60930
93240
7650
34560
6750
42120
2790
54360
57780
68670
38700
29070
66870
34020
26280
27090
27450
77670
70650
27990
7830
78660
56610
76140
10710
8910
63630
14670
14490
27090
40770
84240
63270
22590
66240
3870
83970
74070
1350
22050
74610
87300
540
99990
8460
42750
7380
24480
79740
6840
15210
43200
7920
32310
43200
31500
91710
59490
44640
64440
36090
3420
14220
68760
43020
40860
26280
62280
52020
28620
8910
35640
7200
63630
61830
49860
76140
56340
46530
73260
10440
35010
36360
68220
39870
97470
87300
31050
59220
4140
80640
42480
74520
33570
89820
47970
14670
84960
990
18090
68130
25560
55890
1170
55620
64800
13680
67860
56610
31950
24750
92880
23850
41040
23220
26280
82710
58770
3150
18270
89820
82710
85680
67860
4770
38790
15120
45000
1530
3060
89190
45090
59940
85140
62820
31320
9090
90810
17010
38250
87480
41490
4590
67050
49230
28800
44190
93420
17640
34290
55080
720
20070
5940
29610
13140
44100
65790
53910
18720
99900
96390
85680
8370
43830
23850
21150
11250
99900
97740
92610
27810
75960
87750
37710
77580
53820
8190
96570
51480
86940
59850
51120
51300
44460
91980
3060
2880
30960
11790
53730
14670
27450
65430
71910
62100
8820
9810
58050
55170
68490
31140
18630
24750
58950
87570
23310
21330
37980
6840
17100
66240
13860
76950
18900
34200
47250
31320
80640
43110
15390
95580
1350
92610
80730
12150
4770
33660
94500
43650
92070
70290
79470
6480
80100
3960
59400
8010
6750
18000
87840
79020
6750
7920
16560
36720
22860
28710
57960
28350
2790
26460
22770
93060
33300
70020
81090
28890
93690
12060
78390
25200
33930
66690
52110
53820
25110
78120
72270
35460
91980
23670
85770
63720
63360
42030
26550
88650
63000
50580
18360
54000
88380
16740
96930
81270
12240
90630
57330
84690
53100
80550
74970
12420
65880
40230
20610
74790
4860
77940
29790
4590
81720
86670
76770
14310
45810
35640
23130
82170
86580
16560
75690
80910
12960
63540
23760
13860
64530
56430
19350
59490
9180
97110
9450
43380
62640
65340
13140
22320
60660
60660
55890
17100
33480
95760
32040
96930
61920
19350
24660
13680
78390
49680
47610
45270
30330
4680
62730
41310
31950
94500
64170
33120
84510
56250
36270
89640
89820
50220
83790
39240
95580
57330
43650
11970
25380
4770
51390
48510
63810
61920
92790
86130
2520
59760
47520
52740
92430
73170
18180
6840
78120
2160
2250
17820
39060
48240
42750
10890
49320
65610
52470
88830
98010
18810
93960
9180
20700
43200
43830
21870
32940
70830
24660
29520
59580
72720
49950
25650
12600
90630
5310
13950
59130
68940
86490
8100
90720
99090
29250
54000
50490
5760
87840
75600
65340
3330
95940
93510
39150
90810
30510
35370
39510
29250
86670
91800
95220
8460
11610
81720
10710
41400
20160
24480
32760
7920
99990
9900
15570
9540
2340
38520
23220
3510
65520
22140
1710
85590
34380
98460
22140
42570
85230
97920
65880
60750
33030
68040
48870
87930
31860
11970
85860
24750
88920
85680
22320
33120
14220
73170
11250
84510
94140
28800
98010
25920
6030
37440
36090
83880
14040
900
65970
51210
17010
75960
41940
38340
29790
26820
59310
90360
97740
95670
6300
81540
75240
42210
25380
51840
41940
88830
2340
17460
75510
71640
82530
36540
37350
76950
98820
63450
1440
82890
63270
79650
75780
44820
66960
51840
82440
6660
9000
7110
43200
43290
13320
12780
89280
67770
40500
8280
60390
69570
5760
23760
12150
62730
84420
60300
3240
37980
73890
94320
55530
360
13500
72810
67410
54090
59220
21870
4140
19170
29520
48690
62190
70470
76230
7380
67770
97740
64800
43650
34200
63450
41130
34740
42660
810
27360
87120
5670
1170
29340
19260
3420
55890
25830
30420
9180
27000
83070
33480
63090
83880
4050
36000
96300
3330
82620
14220
88290
30150
14580
36900
40320
20700
32040
93690
32580
96300
67410
87930
56970
66420
96660
1980
1620
27810
37440
4050
5760
99990
43020
73710
60660
41400
13770
41400
3600
85140
63540
21060
4590
21150
94230
88470
67320
17640
20880
27810
87120
37170
360
16290
72900
16380
38790
55080
30690
0
30330
16650
82170
55980
85950
70560
86130
47250
38160
8910
65160
36090
79200
62730
97470
87480
53640
56610
56700
51480
52920
40050
71190
64080
59490
77850
3240
15930
4140
53280
63990
26820
51930
76770
94320
87570
18000
55980
86940
28620
59580
38160
37800
45900
20970
16020
66240
61740
5490
41580
92250
80730
47160
60120
13050
64800
31410
91890
72540
71550
62820
72720
69210
25650
83250
15030
33210
270
39960
58500
27900
54810
55530
37260
39150
95670
56880
62280
50670
69840
6300
46710
12780
99720
57420
47160
64710
98910
12240
94140
57780
13680
42660
32220
60750
77310
5220
540
41310
93870
24570
46080
93960
46710
87210
41310
82350
1350
13050
20880
6120
58410
90990
55620
46350
39060
97290
88110
76860
57240
28980
93150
44280
59490
35550
53910
32940
31950
47520
99450
79740
88110
6210
49770
25920
50130
32580
60570
23490
77490
22860
89100
54900
76230
9270
69120
58320
92700
65880
22860
97830
44370
7560
59400
89730
74700
6660
71910
45360
65610
92340
58770
61830
93600
89820
63900
49590
22320
69840
16920
61020
39060
0
45900
80640
84600
91170
53370
13140
7110
78300
35370
64440
92790
95040
41400
66690
36900
57510
85140
38700
79740
93060
35010
91710
77670
3690
4770
85410
59040
93060
15750
14130
93780
77940
20790
44460
40770
70560
56070
35010
41220
4680
26910
41400
76590
63900
20610
62640
61470
50580
94140
78750
41040
71550
2610
34830
50400
45720
2250
79380
25920
50670
16740
61560
82980
92250
42570
4320
19800
26010
80910
65430
62910
82260
23490
73710
1620
17910
33930
32670
36900
12510
80730
58770
52920
32940
18360
37530
64260
81900
16830
94860
20970
35370
40050
40500
90
40140
58770
15300
16110
55710
51300
20970
53280
61740
77220
85410
39330
63450
10890
26370
69930
61740
47700
23310
94140
21600
15210
12060
1800
61110
80190
82080
10350
81000
49770
87120
3600
92880
49680
39870
85500
2340
8460
62550
35730
17190
42480
95400
720
64620
63540
31680
33480
35910
28170
94320
29970
64080
21780
84060
42660
92790
10170
90090
53190
72900
54900
65160
51660
86400
53730
20790
57600
69030
55440
38430
96390
4680
76230
37440
65250
99270
36180
4950
26010
82710
96030
86310
74070
60840
15840
67500
23670
36540
52200
77580
15930
73530
85500
63090
71910
71010
59940
57960
37710
47340
52740
1980
28710
65970
86940
18360
51300
50490
12150
14850
13590
7380
77400
3600
96300
20250
66060
49140
41760
8910
23940
58140
84870
180
28530
32490
67050
53100
84330
42300
58410
11340
6660
79650
50580
94050
51120
14850
14760
81270
74700
44100
92520
55080
15210
53010
35730
20610
28530
59670
55440
24390
40680
34650
91890
44280
41130
10170
33300
38790
71190
65160
33120
16740
54180
28890
22680
99000
68940
84060
10260
50040
36180
23580
3330
42750
94230
72900
44010
45990
18090
48420
86760
39240
58140
90630
5220
9900
88740
75960
5940
63720
90900
24750
53010
63540
41850
40230
39600
60480
91980
14220
79560
89010
79740
11430
25380
8730
71370
83070
37800
37350
62460
66150
33480
23040
51660
95670
85410
64980
53820
65880
91710
84060
87390
12690
45630
51210
42480
52740
43830
3690
25830
76410
1260
45270
92880
94590
74160
91980
50310
73980
2520
71280
75870
61830
30780
81540
6210
23310
15930
31410
91890
63630
38970
43470
19080
31050
74610
55440
45270
45450
91620
8910
20070
14220
86130
13680
77580
99630
7110
67590
22860
83160
2700
26460
98550
49140
68760
6300
15390
25470
69300
35730
67860
95130
97290
46620
80370
25020
7290
45810
97920
95670
57690
25290
47430
23940
20610
720
84330
60030
60480
28080
33120
14400
70290
72720
62730
47790
24120
75060
59850
99180
90090
37440
73170
32310
63360
33570
20430
44640
9540
21330
57510
70290
31410
27630
88560
78930
48150
10170
33840
31410
39330
90180
65340
82440
26100
54450
96300
54000
79110
95130
9990
46620
55710
25650
41580
27810
26550
96660
46080
84420
20070
28980
69750
36270
2340
14400
17370
28350
63630
18630
65250
28980
73710
13860
67140
37260
4230
60750
99450
67680
29880
5580
80730
13500
18180
87030
47160
32040
51210
61470
92880
20790
55350
12870
52020
27630
38700
81000
19170
65610
43560
32850
24840
51030
44910
54270
92610
49410
35280
10350
99450
94050
77940
68670
88110
99270
59940
39690
10080
24120
92700
69930
28530
98640
30330
71910
43830
80370
89280
95310
57870
2790
30420
77940
2610
85950
86130
45360
93330
62370
57780
20250
34380
34290
24120
84060
16290
53190
65160
89730
21330
17370
37710
41490
71010
55170
57150
47700
61110
59040
37080
78480
9000
49950
93600
17460
83790
25380
92340
88200
34470
32130
34560
90540
30060
1170
69480
41580
75870
49590
11250
20610
78750
3150
27090
30240
51840
24840
28620
27270
13590
10170
62280
90270
46890
14220
53280
79560
44460
10260
80820
61560
66060
65610
99630
93870
42570
80730
31140
4860
18180
29700
69300
35010
29790
44640
44370
49590
39690
71010
89010
33840
36270
14130
18450
90630
92160
54360
630
45720
50490
43290
85950
12060
26370
2700
48780
81630
54990
38250
13140
4590
26190
26100
33750
26280
61380
48870
81630
77400
43290
50310
1800
32760
18540
43200
67770
58140
69120
92160
14850
57150
54270
40950
8820
34110
49590
1170
38070
42300
69930
85320
73620
93240
35820
79920
97740
7290
19980
51840
22320
8910
79740
28710
36360
10260
16560
44910
48060
10620
47430
87390
15660
5940
31860
17460
4680
59850
26280
74430
65700
64800
41670
9270
26820
67590
50940
38070
27180
40770
78390
35640
15120
28440
43740
93780
61740
25740
75870
75060
45450
62190
49320
29430
43830
43830
48060
56700
42570
58860
27450
80190
36270
64710
57600
58950
68580
27630
86220
60120
33480
75240
8460
61110
78210
16740
53820
37620
56970
62010
63360
87300
24120
2070
57690
56880
76050
62460
52830
88830
4230
24210
26280
69030
32850
68220
60570
6030
11160
46080
34200
25830
64170
40950
15570
70380
23310
35910
87300
48240
37440
61740
23130
19800
82620
86940
86220
6120
5220
45540
49410
1710
71010
180
56880
74250
84870
22320
11880
43470
80010
52020
37620
61110
99000
30060
87570
44010
86130
90090
98280
77850
9000
31140
42750
85320
52020
29970
58590
49770
28080
13320
26730
78390
76500
23670
82440
43740
84420
16470
11340
96120
71820
1170
79020
16560
45000
59310
11070
62010
79110
31860
95940
5940
77670
66870
9990
85050
6750
93960
25290
58500
180
11160
60480
67950
64890
34470
55260
28170
23850
89280
19350
10890
80280
24300
17010
63180
87030
79020
56790
30600
21420
81450
83790
12690
92430
55440
28800
68940
49680
6480
42840
41040
52560
61110
97830
55890
89640
85590
96030
360
22680
94140
12330
76500
66960
7920
83250
98910
20790
51120
67320
77580
84060
44100
96030
30960
77670
61380
12330
89190
58050
90090
33480
55350
86580
54900
84150
37890
30960
59400
81990
86670
55980
46800
69030
50220
61740
30780
90630
11430
20700
93510
6840
540
91620
22320
10980
7290
77400
58860
46800
98190
26190
16290
65250
83250
42300
78660
31500
7560
10980
75330
13680
55980
14400
57960
69300
25380
63000
28620
96210
18180
60300
50490
76950
11700
39330
13140
74250
7560
96480
94770
37080
74880
360
27450
8910
40230
11340
10260
810
2430
20070
84060
92430
75870
20610
61020
49770
10800
47880
91980
99540
54090
92340
99990
39780
86130
43020
61740
11430
65430
92340
83070
61650
1260
32490
70290
55620
74160
23130
90270
16020
69660
7200
56610
94320
69840
62910
63720
37440
23220
77400
24750
6750
1890
93780
87570
89910
48690
47520
33840
8640
54990
72630
21150
6120
81810
12330
90630
15570
31410
44910
46800
10440
42120
82530
78210
87390
49500
68400
56880
79200
1710
17460
79740
56070
11340
15300
450
67320
32040
99630
4410
2250
47340
32130
65610
44640
82260
66240
16020
84510
77580
27990
17730
60480
85770
31680
63900
15480
46800
81000
49410
22410
94230
9900
98820
80910
24300
2070
66240
73800
56340
44820
47070
76590
44370
84240
22230
66240
73350
58140
51390
59400
35460
32400
9990
22680
82710
35010
72450
35550
26640
10080
72270
39150
70290
12420
81360
86490
72450
180
15570
17190
27540
29250
69750
48510
32400
5670
49050
13320
2880
50940
17010
30780
59490
68580
58860
8910
10080
61110
2250
80010
10080
46800
53460
81180
36270
22320
15930
72270
57420
36090
67770
52740
61560
59220
14490
27900
92790
94500
86130
42120
38250
22500
63810
21510
26010
36720
98550
74430
3240
95220
34110
52650
78570
21510
52560
34200
9090
28260
18540
810
97470
39510
87300
91350
57330
18450
10350
52560
63270
34290
40500
23130
64080
72990
44370
37260
83520
93600
26550
81180
81270
900
80190
85590
2340
55170
18720
8010
85770
72000
53100
61380
97290
93690
3870
70020
70110
6030
15300
720
72090
16290
12060
65610
89190
92430
61560
37440
46710
89100
48510
96840
39960
23400
83160
65610
38520
60570
60750
77220
65520
43560
66060
12510
85050
1980
3780
19890
3330
29430
89190
71100
56790
52110
68400
49500
7380
91530
56880
62100
49590
63990
39960
58590
41490
96480
16380
60300
54810
77580
9180
30420
31680
84600
31680
2160
33300
85770
71010
86220
2340
48240
40050
70290
78570
77670
61650
6660
72000
18000
28080
48780
16020
85680
78030
96930
43470
92610
11160
79020
43020
39060
24930
17280
85770
31230
10350
13680
35100
53280
66690
35280
53280
97290
78030
80550
98190
63720
46530
1170
68220
40590
26190
74970
82350
48420
22680
74790
72000
77220
99360
68310
9810
14040
37710
73080
5580
55260
96480
51840
41670
77850
81360
24390
44190
60210
25110
15210
63540
56610
74970
55440
17910
14670
70380
60570
54180
72540
37890
95040
76770
81630
63450
42840
7740
39600
44550
34020
88290
57060
21870
12240
44910
82440
91530
97920
23490
71550
16110
71190
95940
23490
91170
70470
93240
5400
31230
64710
62640
17100
90630
36630
630
65070
90360
73710
61470
3600
75960
94410
98550
16380
91710
2250
87300
61020
66240
50040
83070
32850
80550
88110
45270
97200
68580
8100
80370
1800
62100
92340
6750
26820
10710
33300
21960
62910
48690
75870
64800
61110
3960
80910
35910
98820
86130
12600
99270
21780
82980
62100
96030
27270
73080
41130
9450
59220
1710
18270
16110
87480
22770
98190
27720
96750
22320
720
5220
88650
84870
79920
43200
74250
99450
55800
79740
52380
64080
35280
26820
36900
48960
39960
4140
83070
14670
80910
18540
62910
26460
99090
92250
18360
4050
57420
94860
72720
44280
6480
72900
89820
31680
32400
70650
55980
81000
92340
73980
37800
24660
96480
71100
23670
44100
43560
39870
29970
70830
96120
10800
33480
74520
47970
65790
45810
17010
72360
20880
84510
3420
48690
68940
23040
82350
47340
61740
52380
28980
11340
33480
21690
87930
67230
91710
86040
32760
7380
49500
47970
84420
76410
64620
45360
28710
49320
41130
72270
18720
66510
92340
24660
95310
88650
90180
83790
97920
96570
30240
17730
56430
6480
4050
57420
3960
43470
4590
6570
7740
65700
22770
70740
54990
61020
9450
59940
46080
71640
83250
32220
95760
32220
24030
22500
11700
91980
88380
84510
81450
49050
45900
26010
33660
72630
78120
82080
57240
98910
48420
59940
76500
76050
25020
15390
35280
68940
81720
83520
87210
76680
24930
3150
44280
22860
67500
39060
72270
79830
93150
19440
39690
51660
84870
37080
15210
40050
47340
31410
11790
60030
84960
94590
55260
41670
19170
33030
69570
75510
2610
55170
28620
28170
45630
58590
99270
88380
69570
33660
15300
27630
64980
6840
92430
68130
69840
10620
4860
84060
75240
57240
30780
68310
17190
50490
48870
6120
65700
84870
39150
52830
24210
28530
46350
71280
26100
8550
75600
25110
68940
15750
90990
90900
91710
0
70470
70560
81270
38160
88470
43200
34650
4050
18630
68670
37710
80550
79560
50580
16830
18360
39780
85140
50850
87210
80280
66780
30060
9090
79830
32040
68850
72360
95670
64170
72900
35280
76050
49950
11430
73530
27360
52020
71370
80910
71100
60030
14760
1890
93240
24930
23490
8730
88920
25380
27270
76050
67680
44010
60570
54810
22950
80550
21420
53820
74430
97920
34560
20610
83880
92430
49770
10350
75420
13230
85680
62370
64710
48690
85860
96480
75600
73530
62820
23130
60480
64980
79830
16110
44640
2790
76680
86760
4320
16110
87570
78930
83880
8460
41940
24030
10440
17910
51030
86310
58590
38790
53010
57690
36270
68220
83250
33480
38520
92070
78120
73620
33660
36360
45810
16740
59670
52380
72360
20970
35460
44730
47790
66420
4320
96840
90810
1170
88920
83610
56970
67680
29070
79650
84960
47610
8640
79110
63180
65250
70200
54630
61020
51570
96660
11610
36810
50310
69030
30240
25740
44640
44010
92070
40410
94680
59040
59310
96570
33930
51840
80010
81270
50850
11160
23760
50580
75510
96120
94590
33930
79380
55170
73800
75240
87750
19890
59220
36360
53190
80820
17730
14850
48870
51210
34650
26460
67050
25470
57600
88470
61380
75240
25020
6300
62460
69300
50310
89010
58500
75420
77130
32850
64080
67590
67230
19800
1620
81540
89730
54000
87480
4770
30870
19170
43650
13500
91620
44550
59220
15390
30060
18450
93960
10350
90630
45630
54630
48330
45090
38520
94860
90810
12600
96480
56520
5220
17910
78300
9360
81450
11250
65970
92520
75150
8640
57600
62820
46350
43560
56520
4410
8100
97290
39960
64620
67320
60210
40680
71730
43200
95940
64080
86400
48240
35730
59670
35100
78390
56790
18450
85140
7200
16920
12330
63540
34470
39420
6930
42210
55170
82710
56070
92520
77760
71370
80730
62280
74610
59400
8010
63810
76770
18540
70110
97920
41580
45450
71190
43020
27270
70020
65250
3060
84870
34920
93870
30240
6120
21330
85680
92070
83070
53820
13320
89010
21150
17730
9180
40680
28620
77940
32040
4590
25650
97560
79110
90450
7650
64170
11070
57960
34920
76770
95310
15840
37710
27090
97830
6660
49050
8460
36360
74250
81720
11070
69660
51300
57510
20970
65610
34560
7740
32940
73260
16020
20520
19620
31050
37620
6300
9810
92160
58770
8730
20340
51480
93690
29340
84600
84060
17550
45720
66960
91080
94770
25560
8280
38610
58500
82980
15210
31590
99900
92970
98190
13500
85950
87210
44820
1350
47520
10620
43560
5850
91530
83250
4140
31770
11160
53910
20160
2880
89730
13230
9810
32580
17010
19350
34200
46890
45990
42570
69480
79470
38790
66600
86850
63540
35100
15660
73260
96570
900
61920
46440
80100
93240
46890
74970
78300
78660
71460
58230
55710
99360
67050
86040
3330
3510
64260
28980
28890
4500
55980
63090
33120
65880
20700
54180
49050
2160
60660
25920
13050
21330
80730
30690
46080
50130
53370
70380
12870
81360
34470
77940
28890
17460
10800
67230
26640
90180
58680
48870
8730
99990
31230
63900
87750
80550
84870
12600
5850
93960
52740
38340
62550
65250
6840
20970
45180
12060
26460
24930
58770
13410
82800
15120
73620
48330
49770
46620
15840
73620
54090
58770
62010
33120
8820
42750
22680
4140
9540
28440
87840
30150
33930
6750
22140
47340
89820
29790
51210
47160
80190
17010
84060
78030
180
99810
50490
62640
27990
11970
79470
32850
65250
83340
23310
96210
98460
14130
81360
31590
75420
11520
63360
51930
7110
39510
13050
65700
46530
65340
38520
60930
77040
31320
68130
39510
1710
27360
77310
10260
88110
7290
54630
67140
91530
68310
53370
90450
54090
22410
16650
35550
71910
16920
27810
87930
36360
31500
65790
43470
56430
59490
23220
14130
3240
85860
76050
69480
85770
39960
39150
81360
15930
81180
44640
53730
71730
7920
26910
92340
51390
72090
78480
17370
22230
1350
61470
11250
45180
70380
46440
91260
40950
17280
37170
44010
3690
29250
34290
12240
2340
14220
72360
49230
78480
720
5310
47700
8100
44190
13590
83340
39420
54990
20340
63450
39330
83790
81630
24480
71100
27540
81720
81810
47520
16920
87570
97020
44370
26280
44910
10350
18000
45720
36000
28260
42660
41580
66960
1440
83520
49500
56160
91530
18270
180
16830
84780
75420
76320
83340
61650
42480
630
54360
3060
6030
25110
99990
85860
54090
43200
53460
77130
53190
36630
23130
70830
48600
23310
67320
28080
67950
75870
15210
10080
48420
39600
17190
27540
2160
66780
96750
49410
76050
15030
88740
22590
49410
41850
55530
78660
47520
48960
26730
87660
38970
25020
9990
21960
56340
53100
62280
7200
31410
41670
87930
81450
89190
93240
48060
95400
81090
53100
82170
360
80910
34740
36450
17370
75420
50220
40410
65880
2430
630
87210
63090
12060
28440
14490
4410
41490
25380
95490
51660
67680
46620
49230
81450
99180
40050
83790
29430
41040
67590
28260
7020
97200
84780
39870
32490
40590
1530
62010
37980
80910
71640
35280
59760
20070
15480
63360
85230
36450
77310
6750
56610
13500
85050
1260
81990
93150
77850
36720
22500
92070
64530
68490
6030
23850
90090
3240
29070
7020
52110
19620
59580
49950
16830
89910
82440
88290
37620
99180
36270
78840
48150
76680
4230
80640
44820
19980
25110
30330
26730
39690
43920
46170
72720
28080
40680
90270
22050
60300
36810
89190
97740
22680
84510
55080
31680
69840
90450
22500
97920
18450
55890
42390
2070
5580
63540
24480
82440
96570
95580
96660
2160
5940
64620
11160
46080
30420
61740
46350
8370
82800
22590
630
32130
23760
76770
33840
33930
93600
47700
25830
87570
36180
63360
75870
6480
95850
58230
93960
45360
10080
99090
17910
13680
73800
68760
53550
82800
83340
37800
84600
61200
71550
1080
86760
29610
74610
75600
61200
67230
15570
99180
8370
49500
70920
99180
39780
18450
85410
81360
87300
21960
36180
74250
25920
630
17730
24930
6210
42660
12240
81270
23400
83880
82260
13680
22410
30780
72360
97470
84240
69120
51750
79200
55350
57780
28350
79200
65790
63000
41130
91890
45540
67230
63270
87210
64440
92340
11700
18810
180
89910
63630
67500
36360
68670
54900
65430
73530
56520
92520
87300
79740
67500
29160
61020
96300
83970
30150
94140
56250
15930
73890
3870
42570
49680
4230
62730
33570
99450
4050
31680
91440
47340
1440
83250
94320
40860
6210
48060
30780
40950
21240
88650
96660
89640
39420
21330
19260
52200
58500
70200
60660
82440
23670
15210
97380
50490
12600
52470
24660
43740
74430
60840
94770
53640
32940
4860
87750
57690
30600
7020
87570
55260
68310
54720
57600
88200
57870
4410
43290
52380
4590
10530
96750
96030
10890
84960
64260
67410
4410
33840
93060
6660
32580
48690
22230
22590
33210
94230
99180
66330
34830
38520
10710
22500
11880
41040
84960
90180
74610
47790
37260
22500
45900
25560
53910
66690
93510
84240
37980
78570
92070
53820
86670
90540
13320
28800
51030
61200
28800
40140
84060
54540
63990
47070
23310
5040
19350
46800
9270
25830
41130
96840
15210
74790
12330
6570
6480
43020
19170
71010
89190
56970
90900
16380
17190
77490
74250
5760
64260
450
73440
89010
25200
7920
990
35190
18180
78210
54540
7650
70200
48240
46800
36720
75600
76410
14670
83970
62820
53640
84330
4680
37260
25380
82080
13320
7830
63720
92700
56520
46980
39240
65790
27540
89190
48870
5940
57870
74970
40230
43470
38160
74880
9720
59040
54720
84330
31410
24660
12150
12600
97110
61020
82800
94230
80730
40770
4590
58860
47430
88830
65970
56430
66240
66960
82710
47250
60030
86220
55170
44460
37800
10260
7470
78480
6120
17280
74610
64350
77760
65880
20970
32940
3870
33660
63540
9720
58320
33930
95040
5040
82260
55260
63270
58140
98370
24840
44910
21600
94860
19530
47790
85680
46170
74700
4950
78750
7830
21420
75780
75420
64710
28710
58680
46800
95760
15390
19080
14400
1080
42660
73440
83880
64620
42210
16830
77220
7470
65160
46440
16470
1350
21510
79380
26460
63990
82980
23220
75420
34020
5760
26910
55080
25830
14850
46170
7560
20340
32850
99720
94950
34290
16380
87480
58140
95130
94770
12960
39780
42480
34830
21690
3690
31770
76230
540
92160
59220
23490
50670
25290
60480
74250
87930
47070
63900
21600
91800
66780
29340
32760
66780
95130
61560
63720
39420
33750
16290
41310
53640
80460
92520
84960
76230
6300
78480
80820
77310
60660
33210
17910
6840
78930
91350
74250
4950
38070
25470
73530
30330
41040
5490
89820
82980
95490
43830
38970
1980
88650
25020
5040
54270
25740
91530
32850
2250
92880
84870
62190
91980
37170
65430
75690
96570
18630
95040
67410
75600
35010
6120
56610
63450
88470
44370
32040
54810
20610
28350
23490
45360
78840
51300
44550
21870
94590
79740
74790
17460
80730
68580
62460
83970
66780
90270
12060
8280
18900
63990
74070
46530
40680
28080
68760
7110
98640
35820
82980
96930
39420
44730
72630
64980
38070
34830
83160
52830
98910
45000
35280
68040
33840
99180
99000
96570
49590
30870
13230
19620
96030
85050
86400
54720
9990
87840
76500
98550
58590
3420
40230
37890
8010
49680
40500
82260
18540
57060
30510
68040
34920
89640
55620
37260
3330
70560
21510
75870
37890
24030
41220
51300
16830
25470
88200
2250
81090
87030
3960
66330
81450
88740
18900
93960
29070
43380
13770
52920
9630
31590
19530
69480
35010
95670
54450
67950
91350
81450
3420
89370
97200
87480
82620
6930
40410
76860
74970
46440
22680
95400
2430
47070
15300
4860
5220
11340
40770
21420
99720
79290
37800
23490
95400
92250
15480
39510
11610
52470
67140
38790
47880
71910
91980
92520
41760
66870
84060
48330
31860
79020
45630
720
36720
90720
54360
14400
26730
75870
29700
450
21600
16290
6120
2880
3330
32490
92610
84600
9990
78030
360
48060
33930
38970
44280
41400
5310
86400
33930
43920
31230
97110
28800
70560
33570
87930
49050
15390
88380
30960
42930
83700
73800
29070
69930
82980
17370
88920
58590
13770
72000
70200
35010
15570
54090
10260
74700
95760
4590
1170
7830
20430
82170
16740
19620
88920
69480
30600
87930
91350
28890
99360
27630
3870
23490
27000
43920
1980
92790
22500
12060
84780
32490
57150
44640
15570
16200
20070
24390
66600
98460
30690
99000
33390
31410
32850
70920
30420
87030
24120
64620
22770
35280
22680
60210
49590
20610
68400
30960
87480
12330
19980
74250
38970
52380
54720
3600
24480
79110
61290
3600
27360
69750
38340
75870
41490
98100
21780
30150
49050
41220
50130
43920
25470
3240
43830
93240
13590
80010
67320
65610
53820
69480
57690
74970
24390
49590
47880
40860
15660
26730
11970
65250
79110
30150
39690
80370
49770
53640
32040
24750
37710
47160
39870
62460
72810
59490
47610
3420
65250
25200
60930
66690
72000
23940
84780
57780
12420
81630
97380
32310
20880
98370
4770
18450
88200
56070
8370
11700
10800
3240
22230
31680
84240
60660
26460
81540
270
62820
79290
79650
5040
46080
61020
17820
10170
3690
24660
41670
39780
31050
81090
34920
71370
93870
75780
97290
95760
14850
75600
68130
95760
78480
27630
58860
67410
66690
87210
32760
6840
5130
50940
52830
23040
81180
79740
51840
34110
50760
3060
93060
88110
47430
74610
74970
39510
86400
97920
720
78750
29250
28080
10260
2610
69480
91530
48690
62820
92250
43740
88650
3060
60030
10350
45720
83430
83700
46170
50760
69390
71910
81360
41130
29970
52920
30690
27360
58140
19530
72000
37260
4320
91530
23400
31320
50670
41850
23940
67680
42390
14490
99630
21240
94950
87390
71730
20610
47250
14490
79740
61740
3330
66240
55530
76320
86490
49230
40590
29700
72900
15840
1170
26100
26550
21420
73260
25290
25020
75780
23400
82350
23310
49680
3960
80190
52920
990
35550
89100
64440
1440
32400
39690
84870
70380
40050
43470
21240
34920
61920
49230
39690
78930
23310
7830
21420
77490
1800
68130
29520
19260
75060
58230
38250
82260
37170
50670
1170
10260
33210
88830
8190
90
45360
29520
31860
95940
92340
48150
55260
66510
30510
59760
4770
7110
3600
79740
74790
91440
35550
3780
26730
72900
88110
96750
73890
48420
94590
28980
41670
85770
9810
360
40410
95400
10710
13770
46890
53460
70740
87660
99360
62370
76410
31590
38520
29790
18990
67140
41490
3330
63720
84600
8010
69660
3870
68040
2430
37440
85230
45000
18090
49500
34740
99360
93960
65790
25830
990
80460
40500
66600
67050
69030
73350
97380
19170
61200
69390
19710
28440
91620
30330
61740
60750
15840
3690
35640
55800
61740
39330
9990
12960
85590
39330
12420
39330
51930
56070
19710
59580
11430
64800
38610
67500
96030
73350
53910
62460
68580
54900
92700
75600
24480
38340
9990
35910
42660
97380
56520
43290
44010
51480
42210
36180
78030
23040
93510
87030
36630
74790
37170
72090
75870
48870
8100
21150
81450
57960
79020
28620
22140
65610
52290
48240
31770
58050
54270
98190
69390
23580
4770
47610
95850
50400
96750
79830
12510
86850
36450
51570
36180
21960
75240
68400
84420
84150
27360
77040
90270
17100
3510
34830
46620
21870
59400
83520
65430
33570
63720
66150
48780
4770
56610
11250
79290
46800
83790
22950
72270
71550
22320
79290
7920
70650
64980
69750
70110
12150
52020
78480
85050
83610
92790
38250
7830
53550
37440
6300
17550
68760
11790
22770
60210
62100
72810
37440
54000
97920
73710
2430
98100
95130
27630
5850
70200
81630
58140
75510
98190
76140
32400
58500
95490
9990
4500
81900
6120
52740
11700
29070
33030
19080
69030
59040
50220
28080
91710
52830
22140
84600
11880
71550
51750
27270
57060
35190
54900
77760
63990
16110
26010
34830
50400
43740
7740
35460
22590
36000
68670
72450
39510
60750
58770
11070
41040
53640
19980
72360
27900
45450
75690
15570
46350
7560
63360
34380
24840
26010
65340
91350
46980
42570
46080
24840
40950
90180
75780
79470
9900
21060
88560
78570
77760
20880
37890
53100
36900
17550
43380
26010
76770
13320
77940
40860
46350
99360
68940
93510
92970
86670
41580
6750
75330
28440
2250
6120
85140
22860
11880
56790
13590
52200
32580
44730
88290
64890
51120
49860
59130
65520
97290
11070
53730
88650
46890
78570
43470
18630
21780
15480
68310
82890
92610
78750
27180
53460
2160
18360
61740
84780
3150
71820
88920
94050
29250
90180
4950
17010
21690
20970
11070
53640
60120
2160
18720
63810
83340
85860
43200
72630
73260
3060
18900
60750
19800
6030
24840
12240
1170
33030
44460
30780
55170
82260
42210
48510
66690
41220
28170
25740
89010
17190
81630
77220
73980
34470
76050
75240
44010
83880
59040
92700
6390
37170
30060
60930
34470
90810
14220
6660
71190
45180
11160
56430
90990
64170
87390
29250
97290
75240
54000
48510
63900
55260
99360
49860
54270
38610
46260
96840
1980
9270
5670
3510
72000
62820
51300
62460
54990
42390
720
42120
60840
12960
92700
81630
65250
89190
68310
91710
49230
58230
2520
64530
6840
93600
75960
37350
4140
23490
63360
56340
91170
16200
71820
40050
81000
57240
96840
35370
42750
72450
79380
46800
80460
97650
720
96930
48240
97650
1710
35730
73800
83520
29250
22050
4320
28800
61740
64710
60120
16830
95850
90000
34290
40770
66330
51840
2070
62370
30150
60840
32130
96210
81990
77850
54630
32130
39690
86760
25830
79200
59310
99450
630
64800
86130
49950
56340
68580
47610
27900
31410
99630
4860
91620
77400
3060
3510
84510
48870
39060
47880
45090
50760
58050
52020
25200
30060
57240
45900
70830
44550
82080
67500
83250
31050
39240
18900
66870
17190
71730
540
41130
96480
24480
12330
17100
31410
33300
23490
34740
34740
56250
22770
46530
81810
45810
38430
67680
78390
52740
37260
73890
41850
55260
70920
52110
99000
57510
68220
93330
85860
71280
47880
63990
4680
9990
56610
72990
23310
78480
78120
60120
14310
69840
55530
95940
40230
16200
50220
61020
87750
80010
86220
15480
52200
43110
73890
81000
62190
25110
59760
30330
63360
69030
36540
57420
60210
8010
38070
98280
17910
97560
32220
86490
23760
35640
99990
2610
75240
95580
72720
72990
18360
5760
87480
37890
72540
62820
39870
85500
32670
92880
35460
40680
17190
66510
74790
88830
77220
15390
47880
14850
82980
97110
56610
63270
92880
37350
39060
85950
36450
51840
10440
12510
11880
80460
25740
26910
31680
72810
43740
56970
23940
13050
85590
60300
30150
53010
21060
29880
88200
81900
44010
86850
58140
10170
93600
56160
16740
1980
92340
65340
17010
540
93780
18900
23940
94410
49500
56520
85050
27000
31500
67230
5400
34830
61560
9540
57420
17820
18090
89190
17280
77220
87750
45360
65070
70380
51930
66150
68940
33840
65610
88650
71820
16560
78390
76950
66330
45990
9000
90450
37710
52560
67410
56610
23130
27540
14040
48870
85320
72090
72900
65340
32850
47610
8010
34830
74520
99630
71190
50850
43920
57060
20880
82620
88560
29880
94140
68760
24750
21420
60300
27360
63630
90450
5040
92610
58680
94320
59130
17190
38250
49230
90000
87660
68220
39510
84240
89190
87120
88470
51210
3510
9090
57060
76320
73980
56880
11610
51750
8460
95400
82620
73800
36540
41490
98280
92160
87750
61920
55980
55440
60120
6930
3150
82710
24930
6570
97470
42930
38790
83880
6030
34110
64350
18990
87570
85320
16380
6390
38160
35460
30960
54180
64530
20880
23310
99450
17280
28620
58230
87480
58500
36900
79650
38970
35910
22140
49860
26370
50220
85860
30420
1800
40410
71820
99630
17550
67680
36810
95670
83970
34290
83880
53100
99360
58230
65610
37080
29790
9180
3780
45000
56160
2430
68130
67320
84510
3870
96570
75330
93780
93690
61200
69030
91800
42120
74520
60390
44820
77850
10080
95220
38160
52830
16200
97920
35190
65700
65610
59130
40590
25290
77940
88560
10710
99810
95220
19260
20790
90090
97560
84150
50400
95940
50670
16740
85320
70200
4140
38790
27180
98640
66690
86580
95670
93420
97740
19350
62100
85050
76680
17730
30600
10620
40230
15840
53460
92520
93330
94230
20340
95850
61830
60390
71370
9900
4680
29520
59040
65250
60840
18180
18180
31410
48690
79020
25200
91530
7290
18990
59130
40140
82890
11880
29520
92160
23220
99540
5220
7470
10350
32580
75330
21150
72540
60030
43110
71460
12060
66420
40050
45180
49320
47520
49320
69210
32310
4860
16830
35550
95130
98640
53280
49410
73980
18720
50940
80820
87390
65790
59220
4950
58410
52200
99000
55080
20250
93960
48420
94230
4860
10530
39060
3510
32580
0
64890
30510
38070
48240
68760
73620
31860
70290
10800
30330
88110
86760
93780
54360
83610
60210
93420
96750
98280
73620
30600
34020
84870
32760
61380
91890
49860
76770
88020
60660
80460
60480
80550
65430
7650
38880
63180
65880
9270
53100
17280
4500
28800
21780
56430
8280
24480
33840
81720
96300
6930
38340
90540
3870
73170
52290
19980
12420
66870
24390
53640
58230
14670
86400
42840
15120
93240
87030
18810
54450
20700
88470
58320
7560
27810
29610
77940
97560
23400
14850
13500
80010
77130
10350
180
88110
89190
71910
9090
5850
900
77130
79290
21240
46530
29070
50040
81090
2880
24210
78660
36810
44820
11880
71730
58860
9270
42570
96390
79920
24210
14310
54990
5400
12870
22230
720
92430
94230
96930
52020
66690
17280
52740
46080
450
37800
57060
57150
85410
10440
19800
33840
74520
19620
23310
23760
77040
26640
74790
47340
78210
97920
26280
450
65700
75060
40050
90630
76050
7290
8190
66060
54540
41130
28080
540
92790
60660
51570
21690
60210
18630
26730
3150
40590
60750
450
69390
50580
29790
93330
40410
30420
1080
3600
51390
65340
64530
88830
82800
9810
42030
62640
54900
93870
27360
40320
65430
30060
7740
25110
69030
53100
32760
26820
48150
33030
65970
93600
50670
83250
26460
19080
52920
80640
63180
18990
71820
10080
18630
15120
8820
26640
80550
50760
28710
17190
58680
44820
6840
82620
54000
36090
89820
67140
41130
76320
39780
1620
76320
52380
81180
77580
53460
63990
78660
80550
99990
79110
97740
46980
48330
56070
11970
61830
41670
68130
63540
21510
54270
49410
49230
15570
45180
1260
60840
92430
38610
3150
1800
81270
45900
71100
18000
14670
70920
56700
29970
36900
2160
67680
12420
12780
50490
89550
94680
69840
75960
4140
60480
35730
69660
56070
95760
48150
94320
90000
28440
15030
21600
98370
45990
22140
22050
270
71820
5310
37440
13410
37260
46800
15390
91080
16200
81540
38790
56610
22500
67500
83700
82980
84420
78660
82710
82440
76140
50670
80460
58770
87930
67050
12870
84150
89640
94500
39240
29970
22500
41310
49320
49050
51750
97740
24840
12330
66870
15750
5400
62910
43650
68310
83700
56700
36360
37710
74250
4050
4410
7200
5040
10170
42570
66690
83340
86850
43560
5760
92610
17100
14490
8370
48420
84420
6210
50760
60120
46350
98550
41130
8370
9360
78660
72720
99990
93510
62910
92070
42930
21240
92790
44820
36270
48060
86940
32850
25290
71640
28620
61380
41580
30510
79560
49230
51570
78120
39960
83250
55530
35460
3240
58770
45000
18540
72000
25560
89460
76500
48330
13860
36180
19710
73260
36900
61920
63180
92700
76500
36180
57690
84240
95040
51840
73980
87210
27720
47880
57420
35640
19980
5850
22230
12060
86850
81720
3960
60930
11520
92250
71280
67140
16650
2070
9450
56790
93870
82980
90000
19440
6390
22500
79830
54090
43470
11340
56880
67860
24840
12330
37620
19080
73260
41490
77670
79380
3240
90900
1620
38970
82440
3420
75420
88920
5220
81810
23220
70380
86400
98640
60390
77940
64080
94950
70200
1170
79920
10260
90270
22140
90360
20340
88740
71190
60030
77130
96030
12150
13410
53550
31590
78120
45270
36810
10620
27990
14580
4590
37170
63180
54630
73260
20970
4590
66510
9270
15750
62100
47520
46800
65250
43830
37440
87480
3510
32760
38520
57690
44640
40770
73260
55620
95220
65070
76230
58950
10710
85950
33390
3240
89460
82440
39690
96210
6120
57420
35280
12960
3510
77850
68130
97830
96660
58320
81270
80280
68040
24750
13860
810
68490
93330
1710
38610
65070
59040
43110
48870
89280
22500
88020
69390
1800
76140
6660
33300
37890
64260
65880
63540
79020
8730
89370
27270
11610
12150
79650
80100
20430
67230
42840
18720
12510
5580
31140
88470
64800
8100
40770
28530
14490
85860
42120
4950
3960
81180
95490
29340
45270
47340
21240
10170
50580
70560
61650
21600
22140
11070
36360
1620
30960
23310
6480
49590
38250
70470
83340
25830
58140
21240
72810
61380
59580
33840
49230
99630
20070
48780
90360
84240
49500
79380
17100
27090
30510
83880
93780
44550
11700
40410
44820
40140
13140
87840
72990
46440
11970
81540
56070
54180
64530
77760
97470
14940
57780
57330
79290
99360
44190
65610
58950
71010
1890
56970
88290
94230
67050
18090
89460
53550
86760
81450
16650
79650
37710
76680
85410
9630
99900
84060
50130
56610
20880
24390
70650
95220
79110
61200
48240
72090
49680
84960
31410
2160
53820
7920
63990
81720
39330
65790
88470
62550
86400
28260
8640
89820
8550
55980
16470
98190
10170
46260
14400
79110
73080
33930
58230
21330
80370
57330
66330
3510
41310
35100
57420
69570
42120
3330
16110
73530
75690
31680
60210
28440
12870
8370
11520
20070
75510
38520
99540
40860
73620
1260
38880
91620
92790
95310
93240
33570
89910
50040
36630
5940
7830
7110
35280
9360
85320
87390
51840
72540
6930
45450
45540
57330
40500
6030
55530
7920
53640
41670
79020
69660
81360
36540
98730
43200
54540
31140
21420
10530
73530
64620
15390
79740
46620
60480
39780
1350
5670
41760
48240
96750
25830
33660
71730
45270
96750
11610
9720
4230
95400
99810
99000
57600
37260
41760
84960
80010
7110
35910
87300
57150
18360
94680
8280
57330
98010
6930
43560
15480
68850
76410
95760
4410
60930
74700
9090
4680
5670
18900
96030
91800
31050
1800
27180
74880
49320
97650
52740
8190
5850
83970
8640
96300
4050
22230
94410
5850
55080
50760
86940
96570
84330
33480
78390
32760
50760
29430
85860
90990
15120
9270
91440
29970
20880
38520
52650
45540
14580
10710
93150
63630
56700
30780
29880
87750
85140
80280
35640
80190
51840
57420
2790
53910
82890
78750
49680
50850
25920
97740
86400
64800
72990
63540
57240
86400
24210
7110
6390
21690
8010
94230
82170
68040
51660
33120
19800
42660
30330
57510
88920
45810
92880
3060
14940
13320
41130
50580
11340
49770
74430
38970
18270
97200
65700
13590
73710
48600
18900
56700
65520
59220
46620
39330
2610
85230
65070
360
0
63540
94050
69570
23940
89640
35100
63900
73980
69390
80640
84780
68220
54900
80370
57060
16380
60660
65880
67230
11790
33840
41760
21240
60480
34470
26640
8100
25110
12510
75330
86580
56970
82440
19890
6570
57150
57060
77400
40950
36090
61020
36630
79200
88110
19620
64980
30330
84240
23490
45900
85590
80100
91530
39420
29430
64620
43830
42840
49770
77220
54990
52920
74610
55260
40590
57060
23490
75150
67680
17640
73530
69570
7470
13770
81360
810
53460
31140
19620
98190
16020
13500
35460
68670
92610
16650
47700
35280
98550
10260
43560
10980
1260
83970
33300
76050
27180
80370
42840
67590
69480
81090
71010
48600
4410
67410
14040
24750
72990
74430
8730
40860
81090
80190
68850
23670
3330
28620
41760
51660
79110
57600
31680
41850
8100
5130
21870
28620
14580
78750
73800
5310
69390
63090
77220
50310
86130
65610
28440
59310
58320
93330
28350
17460
48780
21960
4590
16830
62280
34200
90900
27360
72900
18090
75060
28890
91440
31680
31500
11160
78660
44550
37080
59130
53550
59400
49770
78660
37890
67950
84960
55710
26010
52740
15210
6030
50490
54090
80280
42480
2700
19620
43200
53190
23400
1890
80010
12330
75330
84510
94500
82620
75420
60480
80550
73080
11790
17820
71730
41400
5310
2520
94050
24390
19260
20880
36630
13320
51480
43380
87120
2430
3330
51120
50220
69660
24660
51300
77310
58320
64890
91080
12780
96570
27810
83970
90540
93960
92880
34740
52470
10800
2610
57240
21060
37530
46350
13950
82080
87480
33210
58140
80460
9630
21060
81630
76770
56070
11160
38430
48060
78120
54450
6300
47610
81360
12510
30510
7560
66510
83250
9180
73080
9900
48060
90000
6660
64080
55260
13320
49230
72180
99720
24750
39330
13050
70020
7650
35730
84420
99630
15480
23400
72540
9360
95580
76410
36990
85590
30420
39330
23040
20070
88830
23670
630
180
75150
44820
34740
8370
39240
91710
74160
43920
32400
37800
39420
68760
70110
65340
94860
26460
12420
56790
2250
66510
59760
73980
59940
2520
93870
46440
98190
13320
53100
74970
78120
75870
20250
24660
65520
96300
56610
24750
54000
88380
84060
47340
64170
35820
8910
7020
20790
35370
23040
59400
20700
35370
10890
65070
97830
54540
22050
22320
74520
23850
78030
31950
13680
60390
13770
58680
80550
45630
81900
26640
8640
27000
12690
99360
65340
64620
24030
47970
6570
62910
180
84870
62010
24300
64440
13860
71640
28620
11880
62820
90810
20250
22590
65790
990
40680
14670
84690
48870
76500
62370
98820
98730
84510
25830
91080
71820
48240
48240
47610
53280
36270
2700
91440
24570
5940
42840
99360
98100
38250
96390
38160
4860
61560
92340
29970
82620
63720
84780
84330
99270
91890
36450
39870
6390
39060
51300
10710
69030
46530
43560
60660
23940
47700
2070
89190
29610
40230
59220
13050
42390
23580
1170
63900
30150
0
94140
720
31770
99900
23940
73980
27990
85140
25650
30150
55710
15840
11160
54810
6660
42840
21420
14940
30330
31860
16470
78300
86580
75420
27270
44820
40770
57690
87480
94050
12150
26910
2250
42120
35550
54810
74160
11520
35820
98550
32040
39060
7470
50400
72810
80370
32220
96480
71190
56880
25380
11070
93240
73080
74070
83070
4590
92430
79830
45000
79110
83790
6210
64710
20070
34920
52470
85500
52920
68760
13410
89820
85680
10890
79020
69660
59130
20610
630
78210
60660
54990
53100
18990
24750
10890
87480
55350
43830
57870
94770
27000
12690
80820
59670
62910
20700
68670
96120
92970
87480
20880
40590
42120
98100
43470
92880
18540
32130
73620
61920
26010
38880
90720
3240
42390
85410
19980
22860
37890
56430
54360
53190
79290
18810
69480
38610
54090
93600
46440
22590
53100
23220
26280
22320
42750
53460
57960
31050
77220
10980
30510
40410
13410
74430
87030
44730
89280
44550
91980
16200
36540
17190
34020
42480
92160
41400
99720
8280
95940
14220
10080
63630
37260
75060
61290
62910
75960
1080
62910
22230
91260
62460
3330
27180
85230
41310
810
2070
4320
47520
19980
27180
82800
2250
36810
17280
46350
67500
5040
33300
32760
69210
9360
40410
43470
78480
92790
19800
74610
55890
47160
97560
23310
77490
43020
4230
60660
23040
42570
66600
25470
15120
51030
11970
85320
93960
88200
7920
67680
13590
66420
60030
95490
68490
45810
37350
81990
34110
50400
63720
97020
98640
48780
37710
71640
37980
7920
11160
43200
37080
72720
1710
34380
64890
71100
72990
48060
55170
1800
92970
18810
44550
44100
21960
90630
30420
93960
51660
56340
83790
61110
75240
89190
540
50580
75330
21510
96030
70200
83250
80640
54630
67140
53550
53010
48690
91350
38880
30240
40230
30600
63360
51930
41040
37980
18720
41850
99990
70650
56070
46980
64890
93870
9900
75870
7380
49140
87480
5850
45900
96390
58410
49230
2340
49950
89370
57960
93330
31950
35550
31590
45360
22590
1800
14670
82620
53460
25110
72810
61020
55800
42840
10890
29520
88920
31860
19080
74700
80190
88650
56610
78120
24390
88380
33480
63630
69750
36720
82440
43020
27540
32400
46710
45540
6570
72090
33390
34740
76860
29070
38430
45630
64620
77220
29520
54180
42660
60840
60480
81090
92610
69210
98730
29790
77040
82890
54990
45270
38610
81630
7020
70290
79650
51570
1260
97830
48150
22410
6030
46800
4860
41040
38790
9630
53100
25020
81540
94770
98370
71190
76590
50940
45360
15030
23760
24480
83970
2610
66150
4320
18450
92880
48960
35100
62910
9900
4500
75240
56610
16380
12780
12240
3600
47070
43650
45180
59490
20520
86580
42120
52020
11880
99900
91350
5760
24300
64890
87390
74970
5130
97650
64800
9540
50490
29520
96210
81810
74880
92610
92610
74160
30690
56970
81900
3870
62550
80190
30240
45270
5220
93330
40770
80730
95940
94680
78930
78840
83340
86310
44910
97560
64530
41940
13410
1710
96840
20250
19710
90720
98730
20700
69300
61290
30960
85950
80550
21870
10890
5220
76230
56700
12870
77040
67410
76140
29520
31590
99000
32670
62820
68220
58950
25470
96390
81000
97740
66240
88740
61380
47880
55620
84600
40950
37530
50940
32850
10080
81630
93780
54360
80550
30420
5040
4680
4320
90990
41400
90270
52560
22230
63270
89910
27540
31680
60480
82800
82440
1890
81000
29160
62910
37800
39960
77040
44550
24570
27540
98010
88290
55800
25740
96030
32490
86670
12330
36630
1800
58770
16830
11790
20970
56070
83160
62730
52560
82980
16740
44370
69030
82710
21060
72720
61470
32670
58590
63630
4770
87750
42840
31320
85320
45090
42210
32220
23490
73620
65160
81000
7020
46170
14760
66960
1350
9810
43380
84780
85230
89010
58590
73620
59580
39510
67230
36450
87750
25200
6480
53010
20790
23220
45810
67140
19800
22320
66060
39960
38970
41220
56340
67950
53910
43830
61740
69930
17730
13950
32760
87030
2340
77670
94500
89460
67680
2340
30510
67230
29790
94680
7110
56790
75330
13140
53190
15480
30870
23850
40680
46800
45360
30420
90360
86670
26820
3150
31950
78750
64800
17640
78930
48780
88560
88290
3600
52560
70290
23490
71640
87390
10710
2250
23400
49230
55710
44190
36090
16020
50670
18810
10530
40410
34560
94680
60300
55800
67230
67950
44910
40410
55350
38160
48330
37350
1890
79650
26100
74520
31140
39150
92160
80910
27540
85500
75240
94590
66330
76770
47700
4590
33840
69480
3240
57150
58770
27090
5400
34470
23130
97290
48960
5580
80370
34380
12060
8550
63000
46260
55350
52110
88290
96390
99090
30240
3420
34200
42030
11880
37800
30960
37980
95760
58050
19080
58050
96840
98730
98190
76140
6030
28530
84960
24750
9540
97380
14580
2700
30690
44730
60750
68670
78030
44460
40590
69120
62460
14850
21330
31230
13860
12510
78570
65880
5580
85590
45720
56790
73440
81540
64170
32130
53370
54450
360
95220
28800
95130
21150
4590
66510
72810
1080
26010
94770
94140
30240
62460
14760
41040
57420
31140
61290
45990
85230
73260
40860
84330
99450
15480
77220
62640
55800
60480
1710
89910
95130
78120
38160
630
18540
80910
32310
8640
33570