233 10000
80550
22680
65610
90720
68940
86940
94590
58230
36720
56070
9990
90
63360
12690
61200
21420
98010
82710
27540
38790
25740
31770
79470
26190
24930
29610
28080
42840
13860
19170
62910
56790
50490
65790
14490
68580
82350
35370
59940
95670
61020
24390
6480
74880
23850
38970
77130
84510
89460
37170
67410
70740
82620
34560
27720
87750
33570
75060
80730
43470
31590
40050
57870
37260
81990
44280
57870
37980
64530
7200
81450
44010
83880
60660
39870
30420
70650
40680
99090
10080
10080
47700
13950
29250
72540
1620
35280
88470
74070
20970
18000
68400
46170
15390
58860
97470
77130
50220
61110
89190
47160
72630
59130
49680
46440
60750
46080
34920
76410
52650
79830
79740
44370
27360
29520
29250
40410
34830
7380
87660
20340
9270
31050
20610
63810
30240
9270
35100
14940
72720
48870
88650
41490
5130
29880
7830
83430
1440
54630
19260
71550
2610
39600
46890
42120
24300
11340
91980
69750
71640
59490
48870
27360
7740
45990
53010
92070
66600
22230
60750
76410
41940
84060
11070
35190
81720
89460
24930
24930
50940
86580
80460
27180
50940
38250
30240
71460
86220
83250
5670
97740
73080
20970
90090
68130
46440
67410
46890
66690
15390
14850
96210
92520
87660
80010
48870
45990
40680
40050
12600
24840
92610
64800
540
55080
18630
40950
32400
32940
4950
31140
14400
59940
72990
50310
48240
72540
33750
47970
23670
2970
45090
24210
18540
48240
32400
5310
26370
65430
83070
31950
69660
33120
33300
21870
58050
76230
28800
74160
26370
35730
26010
35820
67680
4860
52020
38970
7650
87210
5580
25020
25830
20430
44010
63990
28440
29790
67860
65610
94950
44370
77400
66240
63630
43290
75330
79290
74700
87300
58590
98190
77310
99540
39240
29160
60570
56250
24750
15480
28980
48600
1890
20790
34740
89640
14130
63900
41130
59130
15300
20790
82890
86400
73890
25110
9810
87660
82080
65340
22680
18810
10620
73890
66330
55260
95490
38790
81450
2610
62370
55800
32850
85230
27720
1080
43470
9450
35010
10170
87840
18630
540
10890
69660
74430
33750
19800
30510
27630
64800
42030
92160
47430
89370
83520
99720
78030
7290
29160
12960
19530
98190
74430
9000
90
68670
16290
92970
2160
14130
10170
88470
65610
1890
54540
34290
46260
23760
63990
98460
27990
84690
95220
79470
33750
90090
67860
78030
94950
83700
21780
32130
43020
74250
67950
66420
20070
28890
92790
33750
60030
90900
65880
3150
32040
69660
12150
20880
36360
82440
13860
21780
61470
9900
51660
61920
16560
10350
26010
79920
81000
90360
6390
31230
15840
28170
11070
630
74880
49590
34560
98910
82530
73800
6390
31050
93510
60030
57150
78210
35730
11160
59220
57960
98640
87030
70650
69030
5040
24300
4950
34290
98100
54540
10260
6750
28710
41040
66870
23760
10980
48870
79560
80640
9810
37800
60300
51750
70920
9450
78210
90900
31950
20700
58950
38160
29880
66060
3510
75870
60750
17280
31770
51750
10260
99540
2520
70740
86400
8010
8100
4320
29970
49140
75870
44640
53280
48690
50130
16560
50130
36090
66420
88110
2250
74430
43110
41670
55080
90720
88380
9360
33210
18090
78120
94680
65790
10080
28260
38790
12870
28890
86220
7290
40320
19440
34020
41760
19170
29250
23850
70200
79380
23940
11340
95940
40680
30510
78390
15480
83340
55530
92700
79110
83790
44370
76770
99630
33030
43650
70290
30420
54630
24660
88650
96120
28170
22230
85590
39510
51210
22410
42930
27000
57960
41850
61290
99810
34920
91170
95490
55080
43380
59670
31860
7920
20070
57690
82170
89820
6480
46350
69570
39870
25830
10440
49230
65250
20700
99180
57600
67860
77850
42840
11610
65520
67320
58860
21960
74520
28890
64080
2070
50400
36000
93870
65250
60570
5040
63900
84600
70290
70020
86130
66330
37980
6210
71190
46710
52380
41670
36360
62730
43470
10620
68760
54000
22680
39870
97920
56340
97560
72810
28890
60570
33840
23760
99720
1890
78930
58590
79470
10620
63270
48960
81180
82440
44820
7470
83070
87840
12600
26100
51300
97200
71640
9450
24750
70290
53190
16650
38250
26280
80190
43020
67050
53280
98280
70020
93690
27000
57600
7110
8010
84060
41400
9720
18090
30420
99630
87660
52020
68850
88560
2700
64800
37890
46620
57060
9450
83430
96840
82710
62010
47340
15570
27810
39780
25830
88290
77220
53910
73170
54360
75420
44280
96210
18360
87930
24930
42930
28530
74520
52920
30870
55980
36000
41490
23760
90630
15300
30510
14940
64980
10620
28890
75870
25470
73890
35820
21510
80640
38880
53910
89640
59040
56520
23130
37440
10170
13860
64440
72720
98010
2340
10170
95490
18720
78750
900
49320
83880
47970
48150
9270
46890
90900
90900
2340
41670
6210
54450
87840
69930
28980
7830
70200
50940
10890
48690
44190
85590
4500
61470
38160
11700
54900
60660
5490
16380
46980
39870
62100
53190
55440
87570
34740
65880
45360
78750
2340
12600
69480
52470
82080
90000
45900
10890
93510
63450
59940
8010
96120
41130
60030
71280
16830
9990
78930
81000
31950
63810
9000
89820
30690
62190
73800
41490
92070
64800
25020
48960
16920
9360
85320
63720
32220
95040
1440
47610
86850
60300
76410
59130
5490
22500
180
66870
57240
15660
99900
77400
95130
21240
54090
16920
24570
72630
66510
25560
28350
16200
46620
62550
90630
25020
3330
26280
86400
84420
87300
39690
47340
10440
18900
19350
81720
36270
29700
87480
76860
59940
97920
25830
78750
35820
8370
88740
25380
90090
71370
44820
32850
26820
62820
55350
93330
17820
62370
85950
31860
23130
62460
16740
16830
2610
78030
32220
93150
55530
85770
82440
66780
80460
65610
2430
58680
37170
41220
49140
3600
46620
180
4140
51660
61740
16380
57780
27990
29880
35730
43560
67590
13590
17640
29970
59490
76140
63270
3510
36180
26910
10620
99630
98820
44730
28170
15210
59220
88650
12780
3060
28440
11610
81810
25020
91620
75960
22500
89820
93240
22320
22050
67320
87030
81900
90540
94950
39420
87480
80010
39330
95130
93690
29880
43650
71010
16200
81540
30960
16830
68130
18720
93420
78480
94770
19980
59940
34650
94950
24570
40410
93060
4050
43650
29340
57420
3150
34110
86490
39060
43200
19980
9270
45360
13770
540
24210
55890
22230
4410
86760
71010
76410
95040
34470
87390
38430
54810
59490
82440
53550
54810
33300
49680
85500
44460
26550
97020
93420
96300
38970
54720
68310
24840
27450
51660
2790
23940
94050
35370
53370
4410
67140
7290
60750
4680
75060
41130
98190
64800
72810
45450
85770
18360
99180
33570
75960
60840
14580
54900
32580
10080
2880
60210
69480
47520
95940
76950
72900
98910
73710
71370
17460
44280
35550
90720
57510
30780
45990
56070
83430
36180
81540
77130
32400
8370
46170
17100
67410
97830
59490
91080
13410
84690
1890
13050
12510
20250
22320
87120
44910
63540
53460
69210
99090
43020
71730
54990
98010
31230
5310
13140
63720
29250
96030
63270
27000
42210
94950
9450
90270
52650
19440
59220
73440
22050
17460
41670
10440
5040
31410
63720
34830
56700
39870
49230
28350
70920
31410
58500
71820
27360
94500
68310
8730
67680
27900
5670
59580
63090
82890
9090
78210
58230
55710
27450
3600
68040
66960
72450
84960
35280
6480
5850
36090
27270
25740
30690
43290
31500
30600
87750
96660
34470
12960
55800
21690
7290
89370
57960
62190
52560
39780
63090
35550
46710
64620
37170
73350
70920
73170
50760
95850
69030
4590
25470
42390
29700
900
76230
70380
20070
78120
36630
56520
6030
2250
62640
720
77580
98910
67590
20160
77400
82350
44730
36090
5670
46080
20610
10980
10530
78120
20430
45360
58410
29700
92340
35820
25110
48240
2700
43110
18270
69930
26010
67500
27360
630
90990
7830
17100
46080
44730
77760
13410
81720
23940
63180
75870
36450
42300
88740
67320
25110
54720
6570
58680
72720
16830
76680
64710
89820
31320
76680
19080
94680
18900
53550
81900
96030
59220
97830
42750
52200
77400
84600
26730
89820
41400
93150
61290
45720
51570
75960
88290
93870
33030
81090
51840
93060
41490
44730
20430
83430
16650
98820
26010
36990
58770
17010
71370
82350
20880
58680
27720
96210
2880
48870
5310
25290
59760
67860
39240
91440
26190
61740
32940
32220
5400
49050
79380
40770
32310
8370
56790
59220
44190
87930
41940
55350
4230
29970
42300
89730
12780
79470
75780
77580
12330
59940
89730
55710
70920
29970
44010
54720
41220
99180
27360
48330
58230
68490
69570
47970
48510
74700
30330
21150
23760
24840
86490
9720
97020
70920
62100
85590
3060
78930
33840
74340
28980
10440
83160
52110
89370
84690
94590
84420
39150
37800
5490
27180
21420
12510
2880
69120
7200
55530
57960
810
15750
41580
93420
43920
85410
78480
70650
82980
50310
58950
58320
14130
62460
59310
35370
72630
60840
42840
38880
21060
83520
26550
55260
99360
11070
48060
63720
82800
5040
60300
48150
81810
29610
95580
22590
65070
45720
62730
80190
64620
33570
6210
36630
93870
22680
89910
36990
69480
12870
31050
5940
34380
65250
7560
66420
52020
9720
60840
94590
72720
78210
0
19620
16920
88920
46350
59490
36180
61560
95220
69210
93240
72810
95850
92070
20610
53190
15930
68490
57150
26640
59310
77760
69840
60390
30600
34020
39330
16920
33660
17190
12870
92610
8640
19710
54900
7740
31770
27270
99270
13500
72360
37620
57240
76590
71730
43650
97650
79830
42660
60300
91350
98460
89730
85860
83520
68760
4770
80640
35910
74160
29520
98280
62910
10530
13590
45270
37350
61560
86490
74970
25020
88920
2880
72270
99990
19170
60480
96570
24390
45360
43830
76860
73530
45000
55800
20880
43830
95670
60390
26640
18090
63630
80910
2700
81900
54990
48690
11160
75510
85500
40410
60930
72540
83610
15390
71370
50940
89730
66780
58770
15210
48060
6210
58230
33660
65070
44550
87480
75780
92610
13050
39420
90180
36180
22050
2430
37800
90810
42300
83610
97290
83340
17640
17820
88290
72720
55080
12600
32130
42480
90000
14580
54180
43110
46260
28080
80820
10620
36090
59580
97110
83160
55530
14940
77040
47610
68040
95310
20520
52470
83520
81450
86580
38880
4140
11790
61380
40680
27270
74520
74700
89820
48780
24660
79290
50940
52470
30960
59760
40320
21960
14670
36360
58500
29700
2610
85140
99180
97380
16290
62370
83790
89280
8010
98100
89550
64710
50850
79920
24930
40500
98460
48240
3510
6390
30060
80280
15210
35100
82800
84960
71730
99180
19620
48420
78390
35640
32850
5400
50310
91440
21240
70470
77670
43830
11700
96840
83160
72360
37620
65700
70020
51480
10620
87750
20880
5940
13230
47160
58230
31050
92430
19440
74520
15030
92250
90180
72720
7020
86670
95850
91260
70020
69660
1170
80100
450
10800
85320
74610
46710
40950
83700
36990
22050
32040
80640
36270
24840
76410
99900
84150
93780
78570
55350
15750
91260
66780
63540
40680
78030
81990
56700
2880
19170
25200
90630
5940
51480
64530
99900
79290
37710
18540
20610
41670
72990
0
31320
94500
11700
69660
88920
77670
69300
59760
94050
54180
41670
49320
81630
8190
80460
79110
36000
22320
91440
7470
28800
98550
16470
2250
45540
39420
24300
39780
180
52650
61560
81810
66150
14850
66060
9360
68040
60300
85050
40860
3690
17370
68130
8550
57150
20880
69030
97920
89550
28620
26640
57870
6840
77940
31320
80820
78930
59760
49860
82440
43650
54450
16830
22500
26460
37620
68400
33840
81720
30420
70560
32310
57690
29250
99450
29520
46080
85320
49320
31680
27360
80460
65520
6390
40680
10890
29970
90720
60570
92610
79110
2610
97110
81090
77400
17370
60030
91620
44910
60840
15300
52110
21060
75960
70020
12870
95670
57870
63540
41670
89190
31230
21600
13860
68400
13590
31500
8280
2520
12510
82080
28170
43290
77310
8820
99990
93510
82260
39060
39870
58770
80640
23940
14130
65340
3060
36630
19080
48150
55440
40140
81900
33390
98820
26730
19350
76770
4050
24030
1260
96120
60570
92340
99540
27360
57510
22320
52200
25200
78570
24660
70380
23940
270
42840
97380
82620
3690
61740
6840
19350
79110
80820
89460
98640
19170
14850
360
85320
96930
23850
68400
41670
43560
32220
40050
43380
2520
32760
66870
9900
14850
67140
3690
4860
810
20070
8460
49950
33840
27540
10620
41940
15480
59670
25200
4860
8640
88650
63900
85860
13140
8460
98730
17730
21150
1260
2070
59040
77850
70830
50490
75870
64620
21330
89820
96660
69120
48420
34650
6210
59940
17820
6660
33840
74070
88110
76500
4230
87300
35550
94590
64080
40410
82800
26550
4410
63270
79110
86220
5040
51750
29610
80280
27180
10080
91350
20880
60570
91980
50220
27720
73710
67140
11160
8010
88470
75690
52920
50940
540
67590
16290
38250
26190
76860
3870
31860
68220
65160
2790
35010
49950
71820
48060
97830
27810
61470
59040
5220
28710
56430
91980
81450
540
49320
56430
75870
36810
69390
37080
11880
2070
64620
68760
82980
55440
72990
76590
76320
79110
23130
24660
51750
19980
75420
36720
70290
72000
29430
12510
46350
43020
61560
1620
83250
7020
27720
71010
26370
80280
38790
91080
58950
91260
3420
63000
41490
13140
37890
6210
83250
77760
63900
74250
25560
62640
62730
72900
43560
20250
9180
79560
69390
97470
20700
42030
64710
24570
30960
47970
34650
66870
72810
85230
55350
94590
25470
12870
90630
69660
9630
8010
99270
10350
74430
13050
27720
51480
45900
48150
52470
44550
26640
79830
61110
52920
74790
66870
92070
48330
84060
33210
93960
25830
89010
97380
34380
26370
14670
79020
12510
49680
25650
32040
45360
61650
73080
630
13590
6210
1080
92070
88110
90630
26730
83160
70650
91440
81450
67950
68580
77760
58500
69390
75150
19890
57510
45270
30870
78930
8640
180
27630
55530
82710
43290
57690
5760
53550
44190
83340
83970
1080
61830
43290
74160
42570
93600
26370
32490
5580
74610
71550
87300
41040
43290
29250
52110
91170
65250
96570
46890
23220
18270
27630
22590
16380
41220
99360
1530
26010
75060
89010
6210
86760
43200
7200
54270
48780
61020
16830
43650
57690
8100
65340
28350
33570
7290
30870
72990
47430
34650
35100
65250
51300
48150
61110
38250
87120
32670
78840
10260
61560
36990
97380
37710
89820
48150
96930
79560
8100
69120
5310
84960
31770
51210
72000
85500
44460
46530
92340
26460
5580
62910
97920
56250
91260
54090
57960
39330
78210
42030
18090
13680
31050
29160
2340
720
3510
93330
29250
60930
14850
89190
75240
42030
94950
40050
78210
55350
77580
59670
9990
50580
10260
58680
5490
13230
94590
76140
89910
65160
75600
35100
42390
31230
61470
27360
49500
14940
87390
33390
9720
83340
63900
23310
96210
6840
74700
49500
84060
12150
63270
40230
46440
9090
16290
72090
18900
34200
40050
56610
16380
65430
39510
65250
37710
70110
30600
30060
9270
8550
96750
63360
17370
26640
73260
89460
7200
29970
98730
71550
86760
33030
92790
36450
88020
59220
80100
90540
95850
26460
73890
95040
73350
73890
21330
360
15390
85140
90
69570
71640
56250
63090
33750
44730
33300
36540
7650
88290
45810
70650
65700
58410
57240
66330
40230
58770
93510
31770
36000
43110
94770
7560
2970
32400
44100
55620
70110
8370
70290
63000
51030
69210
61200
49500
74610
90630
80190
76590
33660
60300
56430
65880
85590
80640
58950
16830
50850
69930
85410
73890
68400
88200
10620
12690
50220
18360
1890
28890
44280
80280
90720
25290
4410
42660
94590
27540
18000
5310
36990
93060
20520
33030
9540
92430
43290
8100
27720
91710
10080
78120
49860
85050
23850
26280
34920
37710
55800
23130
54810
59490
42120
82350
38520
32850
38070
57330
28080
4950
18000
45270
12690
61830
1530
28080
75330
22230
50490
4140
72180
74880
76140
83430
26910
56520
19350
60300
6390
78930
42570
42750
70200
59490
97740
51930
55170
9360
4320
3240
58230
38610
27810
67140
54180
23580
44280
8370
11700
54450
37980
41940
76500
14040
91890
59040
69300
43380
97110
76230
12600
16650
64620
6210
38700
9090
56250
29340
19800
63450
39420
2970
34020
19170
35640
36270
37260
43920
11520
990
50130
99450
81720
75600
34290
31050
49860
65340
11790
79740
57510
32040
51570
92070
35550
82530
86400
3330
34380
16290
45720
98010
23760
80010
77130
54360
27360
75240
52470
79830
53100
69840
87390
18180
93780
12960
4860
47970
97920
39060
63270
80190
7200
25650
21150
59850
36000
45450
42660
99270
75870
67590
91620
31950
63000
11700
95580
26460
75510
180
52650
24930
85050
69030
81630
70740
13140
60570
76050
53820
61740
51750
39780
23490
84150
32040
3780
2880
9540
8100
94860
6030
39600
3510
53190
46800
90360
43290
34020
50580
66420
9000
72720
58410
22230
77940
55530
16470
45540
69030
61020
76680
54360
96660
51840
11160
28620
70110
87930
31590
93690
59670
80640
11610
96930
15570
52380
19620
11250
3240
65070
5130
19080
90000
85680
85230
94320
22320
10350
84960
29610
98280
79920
18090
44190
40680
49230
75150
2880
59220
57240
13950
57240
32850
74160
36900
7650
61110
78750
63090
19350
60570
53100
18810
92430
63450
98640
40140
97560
1530
30420
31590
75420
77400
20610
72270
86130
27090
65790
96120
10170
35730
58050
13770
96390
97290
84510
41670
75330
88830
70290
47610
24660
84240
3960
76410
46170
22950
11700
37800
16110
79200
41940
13860
66600
36090
97380
86850
27900
22050
53100
44280
93060
97200
16650
51120
78930
1890
10260
990
88380
59940
52200
90180
97470
38610
75600
11340
72270
59220
180
58050
20520
32940
26010
94500
7920
64170
73530
71010
82260
54360
34290
1980
13590
39780
66600
98100
83070
94230
67410
74700
13950
27180
37890
66870
67860
72450
51570
71910
97830
23490
26730
78300
86760
77670
37350
27270
13590
18990
8190
42480
73890
63810
37170
36990
38070
27630
30240
17820
29430
90450
25920
46440
46350
55350
98820
82260
38520
55530
94320
15570
16650
42570
92520
21240
75420
62190
85680
20160
60210
65070
10710
85410
45540
53010
65430
71370
5670
75600
2070
2070
28980
13500
93150
41310
51390
30600
87570
64620
37800
41310
88470
54270
53460
84510
89280
13860
10260
64980
21150
91260
70200
30870
36090
35730
90
65700
38430
22590
31950
33660
39330
57060
18090
38520
20880
79560
59400
29340
59490
63180
17190
31770
93330
49590
5580
4140
20160
98820
50850
41220
75960
51750
14580
93060
93150
80820
42210
67500
5580
16740
67410
11790
27990
31950
78030
58860
96300
44100
68850
28260
49860
61470
9900
78660
28710
64350
53820
630
1080
75510
28260
87930
58950
12780
17190
68220
17010
28710
67680
13410
56970
39780
55170
27360
96750
92250
62820
92070
32400
70830
52110
28080
86490
52830
99450
65880
83880
20430
34740
90990
74970
40590
93960
6390
66780
51210
48150
43380
28620
3240
59490
3330
33660
65880
96030
6480
44190
1980
96210
44460
67680
78210
70650
4050
95760
45000
94050
19260
83430
3330
15480
37170
83070
74520
46440
62190
29880
14220
52290
6570
83160
54090
53910
48510
25920
86760
35370
18090
18630
35460
35010
15930
18900
74520
83610
3780
38430
46980
900
15390
30870
48870
83700
68490
28080
93960
78120
13770
53190
93330
15390
60480
52560
11160
28260
79020
71460
71370
73440
28890
44910
28350
18180
50940
13500
8460
27270
24840
63540
34470
80640
75240
66780
83250
28620
21960
14220
92520
24570
44910
69210
16290
7110
32670
49860
70290
98640
48600
90540
73980
57510
28800
76680
98550
74700
27810
69570
65160
67770
51660
28260
26820
58230
30240
61920
80550
81450
68490
1530
92970
21420
47520
98820
43020
81720
21240
63180
12420
68220
44010
80820
70200
27900
79470
66510
32850
2880
73530
54450
47160
52920
56880
87300
58500
18720
29250
93150
6030
97650
20160
33120
77400
62370
33840
52740
15570
45900
78660
35820
62190
33390
73620
8280
42030
39060
78300
23940
63540
48600
57960
70020
99720
13680
1710
82710
46890
93060
4410
82890
75870
48510
270
65970
61200
45630
27090
41850
16650
3420
36450
92700
87030
4320
51390
47610
91620
38520
53730
53370
24210
99810
53370
90270
13230
1440
46440
78030
41220
48510
45720
38970
21870
82350
81360
87480
15390
99900
60210
19530
75330
87030
63000
30690
43200
41130
44190
81630
72360
36810
52560
42570
3150
9090
3960
66780
33120
73170
85410
30060
49410
33750
50670
73440
75330
98550
62280
69930
87390
9000
57510
47070
28800
63540
28170
52560
44190
14130
9270
27540
99900
98730
32580
79560
64440
93330
12510
34830
32850
20880
83520
68040
54540
35550
96660
43830
71370
90900
49500
83340
44190
39150
48780
73440
10530
29070
52740
29160
68580
29700
2880
2430
39420
91800
83250
68580
39240
23400
43920
49770
37440
79110
56430
37980
8910
21870
1620
72270
61560
77310
93420
69300
83160
62010
4500
76230
20520
51120
20610
32940
36990
90
88560
58050
19800
17190
19980
19440
35370
15030
31140
50580
20250
1710
56070
47070
82170
4590
57330
44190
85410
16290
39870
57240
20430
81810
49410
8460
74790
23220
42120
24570
46350
35190
51120
40860
23130
11430
30510
40680
40680
67590
95040
54270
57690
35730
61380
66150
17280
67860
49050
13140
87840
43920
44550
93780
83880
57060
1710
57780
26280
76500
96660
24660
87030
69390
81270
29430
9720
57060
61740
63450
82800
39870
21060
24840
34290
93600
9090
44910
30510
53190
59760
63450
81720
66780
93240
43920
75240
17280
47250
69480
24660
92520
50220
37080
87210
63900
64350
89010
64890
48330
79200
63000
34740
46530
52200
10890
29610
11250
21600
10710
51750
44550
50580
93870
75960
63360
14220
92970
69030
6210
21060
30690
35730
95040
70470
990
41310
16740
72090
75510
99900
83430
46260
60570
25650
51750
63090
94320
33930
74160
38970
70110
67860
74520
96300
87390
270
96480
90630
98190
38160
91890
450
28350
72360
5850
49410
82080
79020
17910
51390
3420
93330
77130
8010
54090
66240
33120
61650
57780
17730
85500
71550
64260
30870
42030
64440
54630
27090
18180
92070
23580
95040
20520
64980
25920
86850
94320
89730
64170
74250
82890
47700
38880
35910
16830
25110
74070
56970
87300
4230
35550
45990
17820
94680
99720
78030
95940
81450
15570
50760
92880
45090
42480
71550
22320
26100
13590
43740
26010
17550
54450
67950
8190
59940
59850
4860
2880
55350
45450
69480
33210
95490
94410
42660
30330
63450
42840
51930
66150
37530
38070
14310
13590
11250
9630
80910
30510
20430
82440
62100
62730
56070
20520
72630
98010
19620
43740
25650
83520
25380
53910
70740
2430
88470
630
23940
78660
94590
44730
64440
28890
44820
86310
1260
65610
66330
28440
58500
64440
22950
26370
93150
17460
22230
36810
87030
53730
90090
92700
82890
74970
30420
14760
35910
270
58590
12690
22590
91710
63720
67230
48690
11340
42570
96030
44910
11880
25740
49230
87570
36090
90630
46980
0
5850
2340
32940
74520
26460
52110
24570
45450
94770
83790
3240
79470
90630
33660
36810
62280
66240
58770
95400
27000
9360
64620
68580
73800
41220
45180
11160
37800
49140
71730
46170
30330
87750
1620
66060
33750
27810
7560
65700
87030
64530
22770
89730
53820
88290
67320
33480
47070
42660
68850
80370
62370
92340
87210
86670
62820
49950
37440
58410
33390
92520
68760
16560
57870
37440
18810
25920
56160
83070
78480
7020
45180
28080
29970
55530
4050
61920
41400
40950
81270
25830
77850
41670
73170
38160
40860
9630
45900
13050
64890
61020
16650
65610
82080
84150
10800
49950
1170
30690
54720
16920
90000
4860
25830
22590
26640
36720
25920
56790
63720
56970
52650
77850
45990
59040
68760
11070
64260
64080
94500
7200
34110
36540
64350
28710
62280
74160
34920
6660
75960
75690
26010
24030
46170
23040
56340
1170
42120
13230
29520
20880
81090
21420
56970
90630
41400
27720
3870
9630
40500
78300
73980
66780
57690
61290
47160
34380
68940
69030
56250
23310
36090
30780
80280
35730
84330
21600
14400
67770
39420
73620
65250
990
77130
35550
61380
23940
95400
92790
39600
76320
96750
37890
95490
68580
82710
69930
36090
59040
72270
96210
18090
78120
35100
53820
93240
9360
16920
88650
70380
25740
78120
46350
45000
33030
23760
75690
70650
80280
71460
80370
78840
87660
67410
8730
60480
66780
23490
50220
64980
33570
70110
58860
21420
35190
23220
20610
78390
26190
58860
9810
30420
14940
35370
32040
1350
59400
21870
15300
43110
6210
63090
720
23670
77400
25380
68220
86400
11970
68040
71910
10980
16110
7200
11970
32220
68130
10350
14490
72180
5760
51300
13500
3690
1440
87480
18900
37080
7020
51750
3780
70830
30780
85410
51570
23580
39330
48690
99540
81900
43920
46980
15120
35370
77850
33840
74160
34200
8730
27990
47070
78570
29250
95670
40680
75510
43020
86670
87120
95310
70740
54540
1350
32040
2430
49320
23670
40410
59850
59670
92610
81270
33390
68220
44280
52380
9900
73170
71550
94770
72180
37260
78300
50400
94230
12060
4680
84870
80010
67410
46710
22590
27900
41760
4410
3420
78750
68580
89910
87120
77580
66060
83790
93330
34380
61920
19080
89190
37800
54720
25650
82260
2070
28260
29340
16380
24030
95760
20250
49410
34830
1350
53730
45900
12420
22950
19260
2250
48870
44190
40680
71100
73530
47160
29970
83970
80730
9180
91350
64890
76500
97830
33390
52470
71910
27000
3330
22500
61560
74880
11160
79830
5040
70290
5490
21600
2610
70740
95580
3960
52560
41940
75600
70470
58950
59490
73890
39600
31950
93960
84870
32940
49320
80640
11430
13500
81270
65340
66690
82530
38160
11160
71910
6030
41850
85140
5580
17640
58500
32400
29880
7110
40950
79920
58590
78030
31500
35910
14670
2520
99180
58680
10710
96120
33390
85050
3780
40410
92250
87570
37260
20610
98910
57690
54360
76140
56340
2970
18720
68400
21510
68490
48510
87840
21960
25560
93690
86670
27720
91260
95310
49680
81540
7200
34920
26730
2160
23940
34110
86220
38430
96480
9270
57060
96930
54810
18990
36990
16470
65160
50670
30690
50850
31320
5130
50310
36720
63540
58500
44010
99540
36270
43470
93420
69570
86310
1620
57600
15210
4680
90000
0
4590
80460
2880
91170
57420
48420
34020
71640
21870
72810
90450
45000
68310
11340
37170
96390
40140
67410
20430
88650
23760
73980
88470
63180
92160
87030
78210
38700
24210
43380
58320
75960
20160
15930
12690
17280
68760
92430
91080
88110
75150
4140
82350
49050
22500
34110
38700
29520
41850
77310
93600
48780
10530
4590
53100
1260
62100
89460
27990
18810
19710
49950
40860
30510
36270
92160
16200
11520
89370
25650
44010
17010
67050
87570
20970
86220
47070
58320
4950
40860
49590
54990
26910
90810
68400
14400
74790
57510
39150
72270
55890
41940
73260
66780
61200
96390
58140
630
7020
70380
37440
63630
3330
79200
40590
73800
65790
94860
57510
98010
97650
90720
44190
56430
77760
34560
56970
10890
2070
18720
51210
34380
40770
97560
21960
56160
23040
25830
43830
55080
91980
98010
31860
45630
28440
53820
36360
92970
49950
18450
81360
65970
23490
81000
2160
91440
30060
180
29790
13770
82620
49410
13590
98550
81450
31950
86130
60570
55260
56070
1800
75330
50760
34920
71370
37440
69750
77850
89370
15570
70110
65340
93780
35370
1080
31860
81990
54450
3420
68490
51570
56520
65340
23310
75420
79920
27990
82440
60300
14670
88920
60030
64350
40590
78660
37170
49140
63810
40320
97650
87750
38070
70830
45270
82710
57240
990
2700
9540
53190
54360
6210
85680
45990
26370
83250
77580
21240
63810
59760
72540
98910
89460
89550
76860
88380
20700
70290
4320
63810
15300
70920
71820
56790
12870
8190
22050
70020
45360
74970
46530
47880
8910
56970
50670
67050
7650
35190
16650
33570
74790
65430
33480
54270
30510
63810
81900
85950
98280
23310
96930
2700
57690
75420
23310
59220
29160
55800
67410
83250
57330
1710
19980
15480
95850
83430
33570
64440
14940
17640
32850
44100
11250
97380
77220
18270
79290
64530
58680
97470
7920
43740
19260
74700
77580
52560
35280
80730
83880
59130
13320
50670
69840
39330
18990
51120
39690
91530
33840
77760
92340
46530
83880
29610
63000
9450
86580
62280
21600
58590
6480
72540
67770
31590
53550
14040
51750
72090
25560
68760
85320
20160
82350
10440
1620
40230
47430
14310
94410
39690
45810
26010
85050
95760
53550
20520
43380
67950
2430
38880
50400
86850
87660
11070
90810
84870
28530
68490
13230
720
0
69390
31770
15660
53010
35190
82980
3240
67410
32400
91350
63900
75600
41220
16830
12960
96390
91530
34830
64980
59850
79920
73170
98460
87120
78120
33300
96930
46260
85230
16650
28170
46620
76590
45630
63090
12780
59760
63990
39240
89640
3870
42750
38610
17550
7560
29430
12420
5850
90270
5940
37980
2610
18000
55080
47970
56340
62640
30420
23760
75510
27360
67140
9000
94050
18450
48510
37890
51840
91980
78930
23760
57150
90
76680
54360
92070
34650
20970
23760
60840
78570
46530
81180
61650
67590
20250
42480
67770
82980
1710
89730
22590
34020
91440
92160
76860
97560
53370
21780
6840
28800
19890
18630
1170
7740
96660
5310
83250
89190
44550
32400
99090
180
79470
36000
48870
85410
13050
90
21240
72090
83160
68490
32400
11250
73890
6660
15930
46260
73170
53100
5310
41580
71460
23220
12150
32580
98460
98370
59310
38340
26910
62190
43200
46170
93060
46530
50760
19620
6390
63810
65880
90450
44910
71640
14670
38070
77580
90900
53100
97740
8730
35640
90090
76410
86850
48060
5580
46710
63990
11970
88920
20160
34740
89640
66690
31500
45450
37620
44640
73980
1620
23580
86130
67410
93780
4140
47880
17910
56970
44010
99270
44460
40410
30060
21960
32310
86670
3960
68940
87120
17100
4680
900
36720
16920
91530
20610
70380
90180
69570
70920
86580
13140
52920
42480
33840
66150
17910
32220
67500
59760
58680
21060
32760
18900
63900
20790
55890
71370
44010
25200
14400
27000
12600
48150
20970
22050
61380
35460
67050
63810
86760
74970
73260
49230
73620
61740
19080
31950
79650
30240
31230
14130
4500
84420
9810
28800
4950
90900
41940
11250
37440
61380
37620
28350
47340
50850
54720
53910
51120
5130
87480
43740
56430
21870
32040
91890
86040
69120
94140
11520
180
35910
11160
30600
47520
30240
4140
56160
71730
79650
60570
46980
47880
79110
44460
41850
65790
73980
87840
35730
51300
95040
810
75060
42660
1890
27990
75510
82620
91170
26550
34740
59400
7110
7740
85500
71280
9360
1170
54990
72360
91620
41490
52200
9630
5130
23040
44100
85050
69120
97110
26100
46350
89640
44190
45990
72000
23220
64620
19530
45720
84960
36090
74160
7470
66240
12600
10710
68400
83610
63270
45450
45000
65070
40680
90450
56790
11070
47520
60390
76410
1620
40500
9090
86130
90630
52830
54720
11430
64440
47430
23580
69300
62100
45900
7830
16920
64620
56700
17640
37890
61920
52290
97110
95940
66960
89010
33120
41490
45810
94860
2430
53280
52290
86670
98910
23940
72360
91620
39690
97560
59040
74880
57330
77400
50760
99360
14490
19710
29070
60840
50130
69390
14130
5040
40590
84060
59310
95490
81000
27810
47070
17370
67410
15210
75690
88020
18180
16110
62010
50670
77040
16470
42120
50400
43920
70650
48870
14040
21690
37890
83340
81810
50130
57330
10260
18000
36450
30060
82080
83970
12240
86490
64980
61650
73710
64080
71100
62550
10530
61200
95850
71730
42390
73530
55980
87660
9810
10350
48330
44280
15300
72720
30870
17730
13050
24480
34290
14220
66330
21870
51660
66870
79650
53550
57690
8100
6660
97920
24840
18990
90900
40140
89010
38700
99000
74790
32310
77760
98820
40410
61380
9630
65250
85230
60120
51210
79830
8640
61020
21240
37710
63810
17460
99450
5940
42390
15210
82440
38340
75870
1260
90450
96570
1260
31770
71910
95580
23220
2880
52560
39690
4950
27720
27450
36180
60030
78030
43560
44550
76590
5670
6390
4770
31320
53100
59040
76680
3960
61470
2430
93240
1620
78210
36180
75510
74610
32580
58950
52200
73530
64530
51570
51120
86490
66240
22860
23130
69210
98280
6390
8550
4950
41220
21420
98550
74160
48510
94680
61200
39600
1080
90270
76860
56610
74160
98640
21690
75510
39690
24390
26190
51390
7830
86940
21960
88020
48510
45990
51570
7560
83880
20880
41310
72630
40230
59040
95310
59760
33480
81810
13320
25020
69570
35910
92340
6750
48780
39150
50580
52920
450
7560
18810
20700
77940
81090
61110
17010
79290
35370
83790
56790
68760
68940
8100
89190
80640
62190
13410
8910
56970
7920
57510
27270
1530
62550
93510
61380
61470
38970
66870
76950
42210
14850
70290
35460
47070
4410
40860
46890
98910
24480
48510
82350
11700
43650
85860
11250
34200
88650
31590
57510
37710
82890
87030
48240
53100
83160
2430
28530
24840
6210
72360
37890
43200
37440
26100
20700
18900
99180
21420
77670
49500
36630
3240
70740
37260
68220
35640
63900
27450
48870
26460
73620
74430
60390
13140
84600
80370
30420
30420
9990
34290
13950
65970
72810
3870
0
77220
51300
69030
35550
92790
99270
6120
53280
68760
77760
72540
88110
84690
19350
55350
70110
84240
15930
4860
97560
75870
49410
67590
23220
87480
33480
33120
19260
51840
60390
45360
14310
17910
84600
84780
85860
4590
83340
52380
16290
23220
42120
90360
16200
54090
15300
9810
93600
85770
70650
4230
12240
14130
74520
21690
40050
77760
24300
35730
32760
2520
96300
83430
80100
36270
32130
78840
60120
88020
43560
67680
36540
54540
23310
89910
63900
9900
64080
9090
11430
3420
40950
32400
38430
16560
82260
99810
37800
41580
73350
75420
810
69300
41310
77040
25380
91260
75510
31050
61020
20430
86310
7290
36450
58680
97830
54270
75240
64440
18540
59760
27000
45000
96840
16200
91080
76500
1170
98370
56790
14310
56970
82800
50310
88110
64800
7020
19080
47790
5310
73890
4140
73350
86130
81630
60660
53370
70110
56070
25830
34650
62550
55080
67860
2070
66690
73710
25740
83430
99180
83610
57600
3240
53460
91260
52290
9450
75960
85140
64710
52200
33390
1620
50040
12870
46890
59310
23490
72180
80370
3690
12600
17550
61020
23220
33120
71550
59850
77040
56340
58950
2160
87300
71370
45360
36270
98460
6300
26010
72540
69120
9000
59670
30870
27900
21510
27900
12060
68400
64080
81180
45180
7560
40860
36900
76590
80640
82890
95850
6660
99450
75960
42570
86670
43290
37170
33840
6030
45450
62100
77040
78930
75600
74700
99270
99720
20250
23130
37530
96750
70920
98190
16290
97830
32400
68670
80910
2070
21870
33930
32850
17550
46170
29880
35190
48330
7290
78570
50490
84600
27360
80640
56790
82440
2700
92880
61380
5940
42390
27090
64530
33390
30600
40230
29070
91890
43020
28980
54990
83520
12240
29610
13050
46800
22860
12060
10620
80460
9270
82890
18810
97110
68400
14040
54180
76950
52110
40770
94230
99630
63720
55890
71910
44910
42390
33930
24840
98190
93600
47970
80190
70380
76140
13770
6120
85320
90720
13140
65610
24030
94860
86850
54540
8010
30510
63180
8820
27090
42120
70920
36720
56430
85320
49500
98460
85770
5310
40590
35730
0
99900
51840
41490
25830
38070
14940
10440
83430
58950
18810
14580
8280
37620
89190
93690
39240
70020
56250
24300
42840
74250
63900
32670
23130
36990
86850
49230
24210
20070
58860
28710
17550
29250
32940
42930
74430
47790
94410
93240
84150
83610
27360
28980
28710
95850
21420
72360
66690
86490
36360
52290
23220
5220
47700
96030
7200
67230
22950
6480
27450
97920
71640
29430
13050
95040
16470
17280
50850
90
20250
87840
1350
85050
74070
33660
12240
9810
6840
62820
98820
40050
28980
92790
73080
88110
87660
61920
3060
89460
97740
20880
21330
25830
60660
360
35190
9000
48510
59580
81450
29880
21330
77580
40680
64260
23760
17910
19170
28350
21330
13590
29160
56340
56250
14400
810
85590
28260
2970
98370
85050
91890
23220
77940
75510
54990
5580
77580
70740
52830
18360
69570
99450
86490
51660
24570
53820
36540
27090
61290
37800
51660
51210
40050
51570
10260
46890
94770
15390
70380
21510
76050
64530
46980
60660
74340
18180
37710
86760
86220
52740
2160
97470
50310
28530
54720
94950
63540
60750
30420
77670
29520
6300
45540
59130
2610
90000
86130
50940
31770
53280
32940
79920
52200
65520
83880
46260
29430
55710
92070
74340
48870
51390
90
12060
73980
26820
81630
92520
38520
58950
34740
53910
14670
93780
36000
25560
99360
91260
45720
55710
47340
73890
22680
68400
91530
13950
82080
97380
75330
42480
14850
7560
93150
10800
77670
97290
38790
57060
34920
48420
57060
64530
23490
21780
60840
69480
16920
24570
20160
63360
18810
96030
61020
72630
41580
97020
47340
76230
83070
52470
73620
44640
53820
63810
91260
30690
97110
44370
27720
66510
55710
82260
13680
31860
57960
65700
8820
50580
8010
15750
58410
30510
86310
10440
4050
87120
44100
67860
74700
82710
74880
94680
19440
63090
35460
51300
29610
55620
66330
98820
38250
62730
23040
85230
45180
49050
60930
1980
80640
24390
5760
54990
37530
10080
12780
47430
15750
17460
84870
32490
70740
10980
21240
42840
52830
71910
22410
76770
22860
92790
31950
75690
72270
33210
36180
88110
74430
52560
65250
26730
78750
16830
43110
4500
22320
17010
71820
92610
49050
10800
990
83430
48780
15120
9270
85590
74250
59850
62280
19710
51300
79740
38520
78750
22320
9540
70560
17100
78660
60300
7110
32490
74250
26730
26100
78930
37170
61650
34830
68670
95220
69750
9540
93240
58500
11970
2520
60660
6840
48960
97740
53010
82710
22140
72000
74790
42030
25830
37440
19890
57870
87210
98910
2700
24840
3600
89100
43830
86310
6570
20610
98010
68760
62910
72360
65610
14670
32760
28890
47520
29880
1620
67770
19980
24750
85860
49950
6750
41400
31050
75870
82710
10620
61200
43200
91530
17280
88470
31050
24480
6390
95850
91710
45180
43740
88920
27090
46440
70110
58500
49140
1080
46890
72900
11970
41490
61470
11790
70830
59670
44820
450
85590
93960
2070
69120
92880
27180
39330
75420
12870
65880
20160
28350
50400
53550
31140
5940
38880
67770
70830
92340
27810
46620
2160
36900
74340
91800
86760
1080
62820
92970
57690
69390
84600
82170
61920
85770
65880
10980
98460
70470
27720
55170
1350
52020
16560
31320
71190
16110
87300
31950
93060
67140
24570
52380
33120
60750
93870
76050
47700
16380
56340
49410
37800
76500
17550
30060
76590
83880
80010
67950
88470
32850
25020
53820
30510
83790
16380
24300
34650
1890
72090
60750
73530
53910
15660
22590
81720
91980
54810
93600
5310
48870
82530
69750
44280
51660
96840
28530
43020
900
61650
29250
21510
66690
22230
15480
43650
22500
67050
87750
63720
60570
98280
64710
88920
6840
89640
21870
19080
78030
80370
62910
36810
7020
87030
65700
94950
51930
83790
94770
29250
2070
65610
72900
72900
39870
77940
68760
29610
7290
85770
75780
21420
5040
92610
64260
25920
50040
99360
53010
23040
73800
64800
27450
15120
23760
10800
76050
1350
96030
48510
16560
7920
37800
96390
9630
63720
93510
66240
80280
29520
72990
15840
79470
88380
57330
50310
36180
89370
16110
4050
88650
13770
90270
88560
75870
39870
36180
17460
49590
13320
65880
37890
28890
7740
14310
80190
30780
70830
34740
84780
13950
47430
21600
16650
55620
3330
5040
24120
41760
64800
71190
76590
87930
6840
60120
81270
46530
82080
81540
11160
32220
73350
37620
3240
13770
98010
65340
21690
2520
78300
23310
42840
97920
40230
94320
68490
98100
54720
6660
33750
19530
33300
42300
15570
53730
4410
46350
37890
62640
97380
50220
82260
79200
63000
71010
15030
56970
71640
15660
7470
62550
65160
92610
22410
98370
42570
72360
34740
18720
89640
86040
91080
12870
9630
74340
44550
4770
180
64980
69390
5940
98280
91980
96210
17100
63180
8730
13590
30420
13770
67140
14940
20430
63990
97470
22050
3870
81450
49140
58590
64080
1260
40500
54900
5670
76140
63000
33300
21420
57780
63000
90540
39420
26190
79650
40500
87930
17280
78030
2700
70290
5130
42030
50310
64350
88020
7830
23220
38070
5130
43740
16920
40680
84420
27360
15840
23130
21780
73800
26640
87930
70110
77310
75150
3510
42840
55440
31050
58860
82710
24570
58860
39870
10620
80730
25020
30150
88380
48960
48960
78120
55260
45000
19260
83340
52830
67680
36720
8640
11880
98100
49590
56610
43650
20700
86580
9540
18540
6210
28350
2520
88650
33390
810
55710
72360
84600
8460
62640
66690
60030
83250
21060
37890
25380
82980
65160
24120
32850
69570
52290
93330
12420
10260
45270
90090
99270
24030
39870
97020
6120
96030
29250
16830
55260
60030
74070
85410
31860
15030
49410
24390
62910
75420
75330
31410
69390
95310
13680
31590
90720
7200
37890
87300
52920
62910
98910
37980
95850
0
81810
69750
42390
98550
81810
87750
44460
1170
37980
87930
70740
56430
23850
70110
17550
7920
23760
6660
28350
74430
4050
270
55170
50130
94320
8370
78840
58680
24120
34650
69570
73620
1440
22680
76860
21510
33210
90900
32220
88290
76590
72000
38430
62190
21870
77130
56340
1350
22050
63630
16200
94050
39960
54090
1980
65250
42300
21690
270
87750
4410
12870
18900
4410
20070
4410
60030
1890
23130
82980
56700
22770
55080
59580
33750
81000
99000
99540
14760
51120
85140
58230
78750
54000
52470
630
1800
71010
26280
65160
99900
88110
71100
36540
21780
23400
64170
15210
12060
23130
55710
71100
78840
41850
41400
68130
8370
49590
58680
13860
63900
38790
12510
69030
86580
56070
48780
57420
27540
51030
31140
31320
66690
94230
50040
91260
44370
27000
32580
69750
56610
84600
1440
23310
55260
70470
93600
99630
48150
73350
32850
65160
80370
37800
14310
20700
7830
9000
44550
83610
46530
68220
73710
2520
69930
33210
53280
50310
20610
50040
15660
2880
40230
45450
43740
87660
97560
45090
92700
94860
30780
52470
86310
180
55980
84960
54450
12330
84240
5940
78840
85500
53640
91620
180
96480
36990
8460
43560
27810
63360
57060
14670
68580
56520
68130
40320
79740
5400
69300
13590
13050
39060
38700
45720
30060
33210
66960
85770
17550
60750
9450
19710
77670
14310
69570
76770
51210
65250
77130
34200
90630
5580
26190
42030
53550
46080
53910
53550
15480
82890
84240
99900
43830
38250
85410
18990
29160
99270
10620
68040
89910
93510
20070
63630
84870
64890
49500
38250
45180
2700
7380
59310
48420
73170
40410
65340
80010
6120
59130
15300
6300
75600
15570
49590
4320
38430
51840
28800
3960
18630
43110
94770
30330
39780
31680
13860
48780
54180
67680
2970
21510
54810
81180
39690
18630
76140
57870
16290
75330
46800
66330
59400
35550
8460
17280
49680
21240
77670
19260
13320
51570
70020
35100
83070
76050
51300
39870
450
65340
35640
36450
97380
62730
14400
22500
77490
67770
36090
34830
28170
66150
54360
6210
40680
63360
92070
17550
35640
27090
11250
66330
25470
13230
15570
60840
81360
89550
63000
92520
65970
61740
66420
98280
54720
3960
28530
14130
9720
91800
83160
75870
31500
25650
59850
82260
46890
9810
65790
43920
26100
2520
28440
52200
69120
63810
97380
48330
28260
96120
85410
87480
90180
86310
83790
25290
75240
70740
25920
67230
94770
12150
84780
4500
84240
69750
77760
73530
47340
1350
85140
12780
92970
13230
2340
15930
72900
60480
46620
80640
59130
1350
98460
18090
84690
8370
97740
38430
34470
73710
27720
29790
31590
17730
33660
4770
54810
59220
28530
56160
91620
94500
67050
33300
78570
95220
18270
21330
14040
37890
5490
28800
61830
85950
59040
93510
37530
98640
2250
75780
15930
73620
50670
45000
78750
35280
76230
98820
93420
10980
79560
34380
45450
73530
34380
84240
13230
92880
56160
97560
20700
83610
11790
99000
76770
82980
45720
17100
72630
15120
10620
45630
43920
62100
55710
25650
85590
98100
91260
11430
35100
87480
37260
28260
10170
42570
65790
99090
21870
7920
86670
65430
39330
40500
45360
28620
18180
59580
6660
17010
78480
71460
80190
58950
46350
21150
85230
56880
62550
22410
18000
78930
2970
19350
12960
22230
31500
19260
73170
1980
77310
900
14850
16380
79560
3600
16470
50130
71730
8550
7830
82440
39330
9090
81630
44190
53010
87660
94770
51030
31680
8190
57780
32760
18990
8550
39240
33300
99900
18900
34380
33660
90900
12960
69750
18990
2970
54990
48150
88020
67680
44370
40230
90270
15390
45810
56160
63180
94950
10800
95940
23850
99000
90450
83610
56520
65430
51300
86940
10260
86400
26280
76230
28170
16470
1710
7920
76950
50850
22320
9270
65340
43740
45810
31140
39420
37890
8280
99630
54270
86940
54270
94860
81360
25380
12870
4770
73080
83250
71820
68850
34200
59580
17460
21420
82800
53550
25740
5580
19440
43110
41130
19080
30870
32760
50040
93780
67680
84780
95400
25650
25020
37710
79470
73350
47430
78210
43110
1080
54630
22140
42120
6660
37350
70560
26190
87660
59580
27720
13050
69300
52200
13860
21240
37440
63810
83610
69390
69570
3060
69480
43560
85320
32850
29430
91710
65070
94770
29880
68040
94500
25110
78120
52740
82530
76770
73620
16470
79380
36360
40500
84240
13050
73620
15930
9450
81720
24480
2970
2790
54360
42210
82350
56790
94860
61920
45990
18450
6930
270
52200
91620
19530
39960
29880
62280
97560
72900
16470
94320
77760
1170
34110
20970
47430
60660
9990
82260
5940
57330
86220
81180
7020
75600
88290
72990
39330
46350
44010
74970
35100
32310
3150
19260
72540
51030
35370
28260
64080
39240
77220
62550
67680
18180
48600
25110
81270
77310
7560
41130
2790
21600
43380
40860
14310
91530
80820
18180
90
4680
9540
22950
42120
80640
23490
24120
95670
80550
37170
86670
49140
16740
26730
23670
57600
23310
52020
27990
97920
1080
66060
71640
84690
23130
8640
44550
42300
82980
4140
72720
60210
35550
73170
74700
68310
25830
6030
17640
67680
45090
30690
40500
34830
3690
72630
23760
10710
76860
25200
64440
43920
99630
58680
48960
30690
4950
43560
31770
31050
34740
91620
81540
65880
20340
17640
48060
64530
44190
3510
84690
78300
54000
180
80190
38430
76950
67230
60660
3870
65340
43470
57420
17370
74250
58320
39870
19080
24390
38340
69660
88200
83340
180
24030
68040
69840
28260
85500
82170
37260
29430
67320
38970
65430
95130
42390
83520
8370
89010
4320
93330
38250
12870
11250
34830
4140
71370
16650
62550
15480
83340
40410
22050
97830
31950
90270
21870
82890
2790
55800
68040
55350
28620
21780
3060
26190
28440
2430
11250
82890
7110
43380
58140
70560
1080
62910
84330
81090
6570
48600
48420
60840
16200
23490
42210
24210
86310
4500
65610
99720
96300
36990
39600
75420
41220
20880
77940
2160
90270
76320
66960
92970
17100
89820
31950
75330
27090
89010
23040
61650
70290
62730
30960
32310
97380
58410
86310
8820
62010
38520
87930
94410
30690
20520
62640
45360
63360
84240
30060
54540
58320
26370
10710
64530
79830
60570
87570
90450
64800
22140
5490
88920
93870
79290
5760
44730
24930
90540
37530
99000
41310
51030
16470
76770
94230
99090
12780
33480
75510
60750
63990
88380
30600
81180
11520
30240
95580
66510
82440
25740
15210
52470
39240
36540
46260
48690
73800
38700
87570
36270
97380
22770
72360
80640
62280
30960
84240
88830
37800
99180
89910
91800
78930
28980
90900
63270
42120
42210
7020
15300
90810
6840
61290
78300
75060
18720
58050
34830
99450
7740
16560
38160
70920
30060
16650
27990
7920
54810
63450
59670
55170
57510
77220
16020
5490
57150
4590
8550
58230
30960
76230
91440
18540
69390
53550
65520
57330
47160
60480
39600
4050
14760
27000
62910
17820
13410
52740
32760
73530
21690
91800
89460
3060
59040
82440
49410
84780
47880
46980
56700
36990
99450
7560
1710
16920
3150
67230
57960
59040
39330
66780
79200
45000
11340
79200
20160
45540
25110
89460
83970
7200
12150
63540
93690
80910
99270
32130
54900
53640
18990
86670
22320
53460
37350
79380
54720
58590
59850
88200
64080
44280
69210
9270
78660
92970
16290
41850
81720
52650
14580
69120
56520
5400
80550
34020
26190
79290
20160
630
84780
5400
33570
27360
64620
35730
59130
78120
29430
18810
79290
40680
7380
69390
55440
82980
8190
54630
7740
91260
7110
91800
68670
61830
3600
91080
72900
89370
84150
34470
51120
99630
14130
89010
11160
36360
44370
78300
23580
32850
81180
15660
87660
73980
4320
63180
56520
60030
19440
24030
66960
28170
15480
79920
60300
58680
21510
30150
2790
29610
42390
22500
6750
50580
94050
56520
85770
6840
11880
16380
46890
51030
77130
54180
71910
51030
59130
12150
11880
15570
87660
40860
17280
69390
82710
78120
98190
63630
68850
58140
75960
97470
2700
52920
65520
28800
70200
19620
20250
21510
74520
43740
28620
56700
40590
91620
20430
31590
25740
28080
81000
61920
40590
22050
91260
17190
52830
1620
56880
51660
64620
180
5490
55620
84060
55530
96300
7290
29520
39690
26640
77220
29790
57240
53910
40320
44100
52290
39150
39240
11070
6660
46620
77850
15930
76410
45720
56880
66780
61470
49680
58860
82350
61650
45990
23940
14130
79110
7560
70560
30690
73800
95940
13770
85950
540
50580
73890
40590
81090
65430
56430
88380
5490
38790
32310
54360
93420
28620
85320
61380
68670
69120
16650
81900
67950
33750
7920
85050
56070
66870
45900
45720
66510
84690
43380
18540
3060
25110
44190
92070
46710
67320
990
49230
59400
55980
30150
82170
82620
59580
91620
4680
26730
23490
29610
94050
9180
76320
72630
72900
71730
97110
62100
25290
37620
86760
63090
65250
51750
51120
65070
15660
87120
85230
33120
5040
55710
20970
2790
33030
22050
35730
78570
64350
29070
36810
5670
77310
69930
42750
63810
77220
64800
61830
88290
24120
16380
19710
66690
23670
38340
23940
69300
26820
30420
82800
64980
14940
35910
9090
91350
86130
38880
3780
67770
29430
75240
15750
19890
12600
67860
98640
79110
8010
72630
83880
17460
22140
10260
20880
81810
13320
98010
8280
75150
31950
90990
30240
60840
1080
45900
37620
4590
27810
59940
2340
78120
20160
81810
72360
22320
36990
73260
21510
67770
77670
97200
28170
41130
9540
5040
30690
31500
26640
31500
79200
49230
31230
5490
66690
9450
11880
23850
26730
78300
39600
86940
37530
62370
78300
33210
72090
27090
34380
3150
65970
86940
63990
24750
99450
98550
13410
12690
49680
53280
11430
37800
17550
78390
41400
91440
58500
36090
16020
91170
54540
11880
68040
3420
44550
90450
11520
93060
5940
59040
12870
5580
66870
88200
20610
84960
61650
56880
25560
46080
80460
6750
30780
38340
15840
74070
80010
52200
71550
49680
54540
83070
13500
1620
11160
26370
12330
14130
61110
3240
59310
28890
13050
89370
25560
16290
5490
98910
15750
13140
27090
46710
56340
36990
95400
65790
43830
87390
9990
29430
37170
27270
68670
8010
99180
18630
86130
76050
57420
90990
88920
64440
43200
51750
24120
70200
37530
4500
65250
89010
39420
67230
3600
16470
33390
50220
9810
53190
20700
62370
1800
96480
21240
56880
15570
57780
9900
93780
56520
6120
91710
65880
32760
9900
63990
60840
21690
80460
91170
3150
65160
52200
90540
29700
69660
66060
91710
59760
54630
6120
40320
89100
10620
95400
14580
18090
46980
7290
7470
98820
43830
42750
87930
75870
60300
92340
62730
87210
33750
96390
48690
29610
25200
71010
78840
90180
68850
87480
50400
82890
94320
3510
66060
90630
19170
62820
9090
57240
56520
73800
88650
50850
7560
86490
13500
13950
31770
65700
4230
59310
97470
51300
49770
24480
14580
97380
22410
91620
69300
65250
49770
10980
49140
51480
16380
48060
92880
6750
96210
38880
35280
80550
21780
78660
32040
11970
92880
41220
50760
79830
40230
25290
34920
58770
99810
3600
25740
68130
91980
82710
79740
70020
75150
35190
5310
48870
77040
28350
46530
26550
17190
76500
29160
58410
3060
53820
71460
99090
14670
76950
23940
58590
38070
79110
58950
54900
7020
7560
49140
47430
63540
84960
93420
40320
29430
23670
82710
54180
85410
36900
59220
75870
55440
76950
82800
34650
540
96750
22950
35550
28710
19260
12330
9090
62640
31320
31500
95850
50130
63810
20340
20790
25830
33300
64980
34290
48780
89550
25290
50400
53550
56250
48330
78930
360
35100
1350
21960
96300
82260
78210
7560
67860
8190
97830
30960
29070
85590
20970
47430
5580
32400
9450
45990
70830
67410
25920
57420
93060
84330
27000
7560
14850
25920
72450
68760
81450
43200
84870
32310
73170
4590
34200
31050
94140
42660
91530
61560
88740
24300
78930
84510
82080
88290
71370
92880
45180
56250
12510
30240
23940
77040
71100
50760
48960
61290
33210
68670
95490
8370
79200
71460
93420
29790
34290
23310
98190
31680
9270
28170
78300
25020
61830
12330
34560
66780
65880
27810
58050
24750
26910
56880
22590
5130
49590
82350
40410
3690
95400
26730
12600
30240
49140
66240
80910
62550
54720
71280
42030
27540
26280
99630
67770
30060
29970
50130
39870
13230
17280
89820
53550
23760
65430
6660
56520
36540
28170
98910
77850
21150
2430
28710
62550
50490
28800
63090
13860
39330
40410
68040
38610
12960
77130
7020
57150
4500
99630
55350
9630
89100
66780
58590
41310
53190
71280
64440
96120
40770
66690
26100
34650
60930
32490
63270
93960
75960
75600
23400
77490
28890
4320
2250
72540
29160
2430
35370
92070
64980
43740
60750
77850
75600
69210
88470
61020
89550
67590
7740
86670
52560
7920
4500
42570
79650
32670
31500
55620
23490
30960
26730
32040
14220
35100
19350
5400
83340
55260
74520
50670
74430
90
26550
87210
11340
900
4860
98910
27630
42120
65700
25830
62640
54990
57420
75150
19980
63360
40950
3600
28440
58140
83430
64350
75780
93510
86580
31050
41670
11880
74250
37350
6930
21330
95850
49410
68760
76320
26010
11610
73620
38340
47880
56700
87120
11970
32220
72270
56070
73890
24570
38340
13410
65970
23760
36450
36360
63360
68850
74520
3870
28080
68850
56700
26100
70200
85680
46800
54630
17100
46080
65790
15210
60660
25560
85590
39150
20700
96480
39960
51930
47970
12060
38070
91530
23580
45630
30870
90540
23760
29160
37890
78210
990
5580
52470
21240
44460
77670
33750
69660
39420
90810
45990
60930
85320
54450
74430
75330
44460
87750
22860
89370
44100
85590
82170
68310
76410
40770
12690
4770
46080
23850
34380
1350
12870
38160
86940
90720
64080
30330
85860
86760
15840
14670
77850
30960
11070
41850
3420
20970
18630
76770
69030
24210
6390
88650
53820
29700
56250
19080
70200
72450
39240
95670
76860
90180
57060
70110
93060
81360
21510
86670
84420
88830
62730
23040
4860
62640
4320
24390
60390
44280
38160
78300
42030
71640
17460
24480
73170
73800
92430
90810
32310
84240
59850
97200
900
14220
36900
85680
39510
76230
18900
76050
22680
45900
10350
38430
53100
10710
61110
45540
40500
14670
16020
29340
62640
38070
47970
92520
2970
19350
82620
65520
5040
39420
48780
19350
94950
3150
91980
80190
46800
31320
28890
74700
38610
59040
48870
29610
39060
81540
36000
89280
21960
58950
15030
81540
52200
55530
99270
81450
29070
3780
33570
84870
50220
11430
83430
15120
8100
72810
38340
20160
10260
73800
18810
86760
10440
20880
24480
72900
59400
61290
29160
51300
57240
95940
20520
18450
450
20070
58680
65880
69930
73890
50040
37440
97920
97650
49230
3510
30510
32850
89910
65070
63090
3870
86040
13500
65340
23850
9270
85950
55620
91440
57690
720
13230
24570
37710
61020
60660
98460
19890
97920
93330
61920
42750
94860
15210
37350
58500
22770
65070
56790
18630
55980
81270
28080
66330
87210
52020
84600
76140
64800
39510
72360
97560
26640
27000
12150
63000
15030
66690
66780
30870
33660
22950
61740
68850
77580
71910
73350
28440
73620
35100
5940
70470
22680
18360
46620
98820
89910
71010
54450
79200
5670
63180
79470
94770
77490
15480
50940
14040
2520
3150
97560
34470
24210
55800
90090
94140
44820
62280
6210
25380
9900
58320
36810
29970
51390
63810
37980
52830
90
34200
71730
79200
34470
84690
65610
64890
16920
28710
62100
27090
42480
62190
67680
63900
17820
88110
88740
32760
15930
48690
9720
22680
76140
70740
89460
81090
24750
12780
59760
24570
7650
42750
26640
99180
84690
58770
68400
75240
48780
40500
35640
64620
21330
80190
22860
21150
76500
95130
39600
27900
82260
14580
52470
68490
10260
58140
4770
68760
93960
30150
61470
18360
99180
95940
47700
98280
98280
7110
57240
20790
23220
30870
11700
23310
12960
39780
74160
77580
13770
10350
18720
50400
39600
12870
33570
76590
45900
40500
10260
86310
17010
65070
64170
270
78750
92160
37260
97290
30600
57240
89820
85320
72450
95490
40680
30060
18630
70110
5130
22500
94410
89550
42030
12150
59580
41580
51390
23400
89640
43470
18540
32040
9270
15840
5580
74610
4680
58500
68310
9180
47520
63900
92700
15480
41130
95760
87030
5490
71010
63540
94230
80460
47970
80910
43470
42390
51210
99450
52470
48780
46890
94500
95850
75510
85590
61110
30510
37980
72000
68130
85500
61830
30780
88200
15660
51390
7650
1620
74790
2520
53460
61560
45360
26190
79290
1080
21870
58950
30600
83790
73170
9630
45990
89100
40500
81180
25110
99000
58140
35820
80820
5580
5040
50670
14850
540
49140
48780
89190
21780
31320
72810
28260
46350
6390
16920
6030
74880
57870
1620
83700
2340
34740
92520
34830
97740
4140
35280
39150
15840
86670
45270
2520
96750
17100
99090
83070
51660
1260
9270
46620
18000
83160
63270
90090
69210
50670
79560
83880
18540
56790
41580
77400
13680
31230
19260
10710
70290
69480
45450
74160
35820
39690
71820
34650
67050
5400
55260
37440
79380
36630
83160
28440
14130
91440
73440
66060
25110
42570
93420
62550
29700
60030
45360
98100
30960
76410
55800
71910
83790
88110
270
990
18090
57150
90630
97200
26550
53370
37170
6210
63450
56430
37170
22770
60840
44010
5940
9810
5220
12690
16470
80190
68040
25470
10710
49950
58410
52290
52200
1890
46890
87750
50400
45990
66600
98010
12780
56970
71820
87480
48420
24120
43920
11700
82800
15120
9180
5940
8910
19980
74880
86850
50490
77130
60840
93240
17820
8010
80280
6930
74610
97740
55260
52200
67680
78750
15660
30960
15390
11790
83070
48510
70200
41490
51750
91620
98280
15930
58770
20340
6210
14940
40680
95760
80100
74880
43110
20610
76950
66600
18540
21960
84690
44910
98010
94050
99090
58230
76500
14760
49320
63000
15930
18360
23310
8280
31680
21330
54900
52650
81630
66690
85410
45900
14670
21510
83880
21960
39780
89010
83970
30150
56430
25020
15750
89730
52380
11970
61560
66510
79290
32760
34110
32580
77130
82530
46800
54990
42120
64440
27360
84510
2880
59490
27270
33120
90360
21150
74070
62550
77220
26280
27450
97560
62460
16110
1980
79470
6480
92430
81720
46620
7470
61380
51660
41040
23490
96930
55170
65340
12510
77130
79290
41490
78480
14850
84780
49410
93060
84870
60480
67770
78750
44550
76860
49680
3330
15570
39420
69840
62910
20430
40230
67770
16830
12420
48330
59580
2430
77310
95850
57960
9900
68400
25380
42750
67770
27630
95040
97830
39060
96480
53640
72810
10080
72450
13320
64530
26550
8550
57960
52830
86760
85140
21600
20970
78750
82710
58050
20610
46800
47520
76950
29970
80190
34470
22950
92790
26190
2970
18090
72000
18630
37620
11520
58770
31410
32940
32130
86490
57330
85500
79470
54810
6300
4320
78300
53370
16380
82530
78300
56610
29700
21870
6480
32310
630
6480
98910
37350
14310
25830
18270
26010
11970
47250
27360
9450
59760
6300
65160
81630
16920
6840
11610
29700
30690
78750
32040
45630
99540
91080
13590
55080
85410
42930
80190
39870
4320
6300
26730
71640
43830
72000
84870
74160
44370
68940
19260
26010
45450
900
58410
35010
59580
89640
51840
74340
34380
29340
22590
18360
49860
16290
50940
7560
23040
43650
74250
27180
13320
23670
50130
14580
51390
47070
30060
72900
2610
39150
12420
15570
93150
14130
84510
90450
3510
35190
32490
15930
55980
87210
98370
80370
64800
73440
38340
49230
23040
40140
8730
86310
95940
18090
45000
92610
19080
82260
11880
68670
55350
46890
42480
88830
85320
98280
26640
3150
55440
82530
2880
65970
65520
44820
57960
57330
34830
79830
80910
63270
13140
79020
96210
5940
21420
38970
77040
42030
56430
66420
44280
63450
49860
88560
31590
61110
93510
61560
41850
87750
16470
76680
90180
75060
54720
11520
78570
20340
46710
11610
90000
84150
94500
38160
43290
45360
15750
7380
77310
2430
11970
96120
21240
15840
52020
93420
74430
23670
95040
7560
45360
67230
32940
8370
65790
6210
94950
69570
34830
180
30510
15660
80550
27450
25920
31500
36900
71460
95940
57150
23130
51480
67410
57690
29520
450
76590
35190
76770
54450
8640
9180
2430
27180
50310
59040
5850
450
90810
3060
82800
37620
17190
16560
92880
30600
53100
27000
24570
30690
14940
58410
57420
53820
16020
79110
40950
37260
6030
75240
79830
65250
93330
55170
77130
85140
94320
42480
6570
57420
98730
76860
0
53910
5400
98460
39780
10530
55890
30060
83430
37980
36000
47250
87930
22230
720
32040
40320
22680
51210
2160
53460
1530
57600
78390
40410
1800
0
90270
36270
19620
99180
60930
42480
52290
46980
70650
26010
35280
99360
75870
2520
50580
6390
76590
50400
36270
81360
92520
81090
90180
38070
55170
64530
52110
7020
17910
46260
60930
94770
72810
30330
87660
26820
47340
900
75240
64440
18090
17820
2070
55440
12870
40410
86040
76140
79650
24480
18720
73620
17100
1350
67590
18000
39960
38520
93600
64710
47610
22320
40230
55170
18990
15300
33660
38790
44100
19080
13770
95220
98100
15390
43920
41220
80370
93510
81810
63630
23130
80460
64170
73350
25740
81810
12420
40680
40680
71010
6750
58680
10980
45270
52920
89910
21150
83070
2520
57780
99450
44010
74520
78570
98280
28980
95130
4860
47160
33030
98820
39060
85320
86400
30870
39150
95220
83070
11340
79920
11700
77040
0
96750
30330
78750
36900
82620
11970
7470
71190
30510
95760
10530
32220
73530
78930
56160
67140
75060
10890
67230
72450
36630
88290
42480
0
20880
10170
87120
36990
79110
91530
30510
99900
81630
17010
29250
17190
3600
10260
1800
60660
89820
41220
45450
25560
62370
20160
77760
18720
92970
88380
88380
63180
51840
62280
35460
65790
23220
17640
32310
62550
78930
87660
52740
17820
90630
64530
33120
88470
270
25020
4500
58590
61650
48690
1800
83970
4770
5130
32310
73980
22140
55440
63630
42930
90450
78030
14130
39690
91260
35730
56790
65970
43200
39420
75960
17820
87660
5400
64170
24660
50760
90180
85230
98280
86940
48420
77940
14400
81000
51120
90
99360
54900
76230
36990
96660
94410
93060
73980
23580
9720
9720
47250
40950
93870
13050
49950
75510
91890
34830
41580
45000
63090
19890
45000
73710
41490
20340
50940
76860
39330
24120
70560
61380
31680
34560
51840
72270
56700
11700
17640
18090
26910
19350
55710
36000
2520
40410
92160
22590
20520
66870
94590
95760
42840
43200
91080
80370
98010
79830
43110
99540
61470
21150
61560
32850
46170
76230
63540
75690
36180
96120
45360
56970
88560
60840
57510
36450
29610
34380
61830
60030
98280
52560
99540
48510
30510
65610
54270
3780
11880
18990
54990
92880
10350
58320
59850
1530
65070
29340
64800
4500
81540
79470
28350
71190
25200
53640
77940
58680
94770
21060
28080
41400
94320
51570
50940
83880
52650
65970
59940
48150
45180
85320
52830
48150
33480
27180
36270
73170
72090
97020
900
37530
95580
23850
77940
24210
78660
1890
9810
98280
16830
80280
19710
56340
2250
38880
11340
65250
5940
99450
40230
71370
62460
10170