994 2418
30870
48330
33660
18180
75060
74790
22230
54270
19710
44280
72000
8550
79560
59040
38430
67680
85140
76950
42660
82440
6840
50130
34200
31590
77130
73980
95310
9630
25560
20610
39060
92700
43920
52110
45270
24750
4050
41940
78390
40230
73710
21690
14670
63630
66150
27630
69390
69750
71550
30600
92340
77850
9540
81900
48870
40050
2700
62010
74610
22230
74340
25290
45900
60660
27990
54000
20160
56880
95490
22320
27450
19440
97740
51750
82710
25110
94140
60120
14580
6930
33210
63180
94230
13590
0
45180
47070
27540
83970
24660
47610
85230
98280
59040
96030
55350
3150
20430
46260
84420
83970
60570
33840
78120
37350
16740
43740
10260
19530
53460
3690
82890
86670
53640
82350
74700
39510
14400
68400
14580
3420
92880
76950
65160
78570
89010
2430
52560
95940
40590
87660
82710
90720
28890
5850
16830
76680
46530
46710
60930
94500
2160
24210
89730
66240
10800
22140
44820
45810
16110
70560
84510
45900
59940
18630
33930
2340
28710
19800
50580
17460
48150
36810
85770
8820
30690
55440
98370
38250
53280
74430
49320
65880
72540
98820
18360
28890
88650
33660
68040
11970
11970
27090
66330
33570
81090
97650
57870
49950
56880
27990
25920
96660
88020
82890
74970
6660
25020
36990
15210
68490
54450
75420
83070
60300
23040
19620
9090
52830
22590
30960
99000
56790
4320
81630
97560
3780
40230
88290
40770
67500
73890
58230
24660
4950
24300
13860
62100
5670
88560
43110
23850
55170
33390
65160
59400
10350
7290
92610
71910
89730
37800
86310
91980
67410
62730
16110
50940
810
68040
19530
7830
16560
6390
72900
15210
7020
57870
63720
50130
2070
16110
7380
17460
36090
17010
92610
37620
89100
30420
33930
43290
33840
88650
48150
37080
32220
7560
29520
67770
34920
95400
11160
48870
83610
13140
47430
78210
68310
34740
7740
37350
75870
17640
57240
13050
75960
45540
97920
90720
44010
38430
69660
94770
99540
95310
76320
98730
48870
49770
47250
2880
2160
85410
12510
180
51480
75690
96030
26280
20340
88290
95760
45630
89730
35010
87840
69480
98910
86310
39510
66330
95310
62550
20070
46710
70290
8730
67410
68580
12060
16740
55620
83520
57240
53820
90540
68850
74160
74160
14310
54630
82350
57420
18810
40320
78120
34830
11520
18990
97380
78300
43380
65250
80280
47250
16380
62640
37530
270
5850
81630
88920
57870
12150
96030
4950
95580
93060
69930
15030
78570
5040
51750
65610
93600
88110
69210
63000
72540
70830
19620
86940
43380
79110
99270
81720
36540
72450
32670
71100
88020
9990
84780
44280
60300
37710
45720
54900
20160
27270
92970
66960
1620
85140
18360
75150
99000
71460
79290
57420
20880
10980
84600
31590
93420
66600
10710
36180
15120
49230
54360
73170
85230
32220
46530
15930
50400
19980
99720
6210
18900
86040
27540
81630
37620
71640
4410
55710
11790
76320
49230
53010
30600
79020
21960
52830
3240
83250
1620
27090
32760
99270
49680
5220
78300
42210
33210
28710
80100
58410
87750
10620
31680
35100
69660
45180
92430
68220
89010
61830
59940
86670
11700
83700
13770
38160
34920
1350
7290
68490
49500
36810
6480
25920
72540
18810
74340
9540
42300
62280
44640
26100
59760
87300
29160
61470
66420
50940
10890
29610
10800
7110
24120
2610
36990
5670
10350
61380
17550
97740
25200
15210
89190
82620
73800
64710
48150
80910
60120
28170
1440
26910
21690
53640
37260
60570
70020
55260
54720
53550
94680
97470
95130
37710
67500
8550
52020
18270
17100
73530
3060
92880
3510
88830
88560
38070
23220
39780
4770
72450
15210
48240
35820
26280
73710
59040
82620
81270
66240
76140
71010
61020
28260
16470
54360
63540
71550
84240
92340
20250
60300
4050
41850
54900
5490
40590
95490
47340
36720
76950
11790
18900
66780
45900
19800
52470
25830
15030
35280
81360
38070
64890
48780
77400
72360
84510
86490
28620
51480
49590
93510
59220
70740
47520
47880
12780
36360
630
63270
28530
63000
29430
89730
42480
72090
93690
33480
63990
84510
4680
51390
40950
78750
70380
40770
55440
86310
93330
68580
10530
49230
37800
73350
62910
8910
7020
13770
81900
69300
12420
71910
63360
86580
14040
32400
19350
49950
180
66600
63360
8640
27900
77130
34470
80910
95130
48060
27180
35820
88290
93870
38700
20880
69750
9630
2160
56250
33390
16740
57780
73890
90000
95490
1800
22410
83430
28620
18990
24390
37260
48330
29790
20160
21600
32580
89280
15030
74700
46170
84420
65610
7110
7650
44370
35010
5940
21240
15570
87660
82170
55350
94860
88470
87930
35550
42300
98640
40050
82170
46800
86130
1980
16920
89100
30690
96930
74250
810
84510
74340
98820
180
15570
6570
87120
29160
77130
28620
70290
47160
49590
39150
22500
79470
70650
36090
11700
51750
27180
61380
45990
76860
9810
85320
32400
68760
48060
79920
25560
73350
18450
58950
63450
64260
98730
32670
83160
5400
60030
70110
20340
68760
26640
41760
55350
15120
3870
19170
97020
12150
20970
61110
46890
99180
70920
52380
40140
43020
25650
58320
26550
6750
31410
16380
96750
22320
58410
8910
17550
40860
4680
14040
32310
15120
33480
75330
46440
3510
55350
19800
86400
88740
22770
22410
54000
56610
52380
33480
18090
98100
18630
77670
99450
77490
86850
18810
64440
97650
56160
17820
10170
89550
62280
19620
23940
10170
54450
46170
87750
32220
83790
57150
46080
93960
15480
15120
41940
71280
67950
45450
34470
35190
15930
90720
43560
51660
19620
71820
86040
31680
27720
36900
69390
42480
33750
84600
65430
69750
44280
56520
73440
91710
50940
78210
71100
7560
46710
54900
44730
60210
54360
53190
9540
2970
1440
10890
59310
55980
75600
42210
16830
54360
20700
10170
89640
60030
54630
56700
80730
92430
46710
25020
4590
59130
55260
66240
62910
54900
58860
52110
29250
56970
23850
59940
46710
55800
40230
39240
92070
81450
2970
83520
74070
6390
65790
51480
69210
22770
4410
11610
23760
95400
88020
55080
24210
46080
82890
11340
39690
62820
37800
30150
16290
40680
50400
15480
14490
49410
35010
31590
270
61920
25470
40860
46260
86490
63540
38430
43110
4590
91440
5040
73350
52560
91980
79740
62460
37440
9900
66510
74610
23850
9180
18000
43560
51840
98190
21960
89280
42300
50580
61740
62640
57690
49320
89100
33120
56790
180
73170
83970
20610
47250
82530
95040
47970
58680
20340
26100
64620
6750
87300
8010
29700
66330
99360
77760
15300
19710
67320
42570
10710
65340
68760
94950
22410
71550
17280
35100
55260
42030
62550
17730
97740
31500
990
14760
69030
17460
20700
34200
23580
72720
63450
31140
86940
53190
14760
27180
10530
52110
5130
97200
7200
6030
22230
24930
83430
21600
72720
27900
16650
82620
83520
33570
79470
22140
7920
16560
2970
31140
1080
35640
79650
32400
75420
27810
59490
29520
97110
38160
49500
86310
73080
70380
8190
74520
35190
23850
83970
12600
5490
30420
49680
83430
70020
47070
39870
20340
47160
56070
41130
75420
66240
71910
59130
72900
81540
75240
17550
44910
65610
22230
29700
92790
89010
99270
3690
77130
13410
65520
12240
73890
52920
47160
11520
52650
46620
35010
54000
93150
3420
46530
51750
54990
92700
630
58950
30510
21510
54900
21600
26550
94230
62190
73620
99000
31320
88740
3240
87480
45540
75420
55440
69300
63810
67950
28620
52020
26010
42750
21690
71640
54000
33930
46440
10080
36000
99990
44640
70650
13320
51840
59130
8730
57060
91080
81090
46710
9450
54900
73980
3510
44550
12240
27360
45180
49050
17640
46980
38700
49320
20700
81540
35100
78120
86490
5940
69030
13140
71190
68580
3060
83160
58590
41310
55440
13590
96120
22590
91890
3870
75870
82350
23850
87210
70650
96570
16560
96750
36270
64170
8820
71370
21330
52650
24030
75420
24480
3420
61380
3240
9540
19530
8730
83790
19890
39780
74970
39960
73530
50850
45810
27450
85050
45540
18720
35100
94950
34290
1980
26100
12780
20790
65520
24300
87120
28980
95220
8280
95760
15030
54810
7740
11430
48600
79920
83070
77310
42840
77400
36810
70290
74340
77490
62100
360
72360
81270
11340
4950
27360
94050
59760
15390
7290
72720
88200
15480
90450
6300
48690
38430
82620
45720
5940
9990
73800
27540
50400
72000
24030
36180
71370
38520
48330
9270
35730
96210
7740
63540
15570
79830
97020
65700
34380
85590
83610
88830
75600
30150
23310
71730
97200
32310
62100
28440
82350
24120
37620
83340
52650
53100
23940
42210
96660
41310
66690
82620
16650
72180
51390
59850
40860
31500
10260
16110
39060
8370
83520
15840
55170
77940
27000
3150
10080
85950
93330
15660
16020
35640
44280
360
89730
87030
81000
450
66870
79830
45900
27540
91710
3780
70290
23040
7470
63990
77220
22590
92430
11070
77310
8460
74070
56700
69840
86220
23490
12600
8730
72990
6930
18810
16740
17010
25290
16560
98910
80010
33570
46260
18720
86850
38520
30240
8010
26550
44550
22410
59670
94050
67050
85230
86400
56970
38250
3510
59850
51750
7110
98100
18720
67410
18990
85050
92070
16650
11790
37800
27540
7920
99000
93510
64710
97740
89100
73710
96210
54810
85050
77220
78480
71820
630
30330
80550
27450
34830
17550
60390
67140
3960
16110
48420
28710
70200
44190
1620
59310
99180
9990
61470
73980
43830
12960
60300
78030
58410
83070
86760
97470
99090
27360
53820
99450
57240
97470
31140
73440
64620
67230
9180
74880
27360
64620
3960
95490
72990
15210
91800
15750
99180
89640
65520
22500
82530
85860
46080
87390
87300
3510
6120
37170
9810
3690
8460
23580
36990
43290
17730
98730
83250
17730
27900
76050
13500
53460
84150
60480
22050
15930
40320
75690
28800
89010
91800
84600
89550
30150
41490
32760
48420
15480
76680
8820
19620
11070
55980
83250
83070
65790
57060
72270
94860
63990
22230
46170
43560
19890
77310
9540
26010
32400
18540
25650
78390
20520
55350
43380
48600
78390
13770
36900
6840
18810
41130
71640
18180
83250
83970
98460
81270
81180
56250
54990
24750
810
80730
11250
63180
4050
98190
6840
45360
16740
80280
66600
9180
83970
48690
71190
42570
60120
32490
94860
13770
75240
87840
28800
70740
49320
18180
31140
33120
13410
99090
95490
15570
76050
78930
6300
47160
44460
19170
79380
58770
91170
17280
85230
89550
14850
77760
72540
58590
20700
90630
97560
74610
89550
92880
3420
34290
78570
98910
63090
46350
55890
94410
89190
13860
53460
67230
68580
75150
95400
82530
73170
8100
33750
76950
31050
33480
20610
17730
57780
49050
80820
5580
62910
82890
42750
88020
35910
17730
91710
45990
15300
29520
32400
46980
20160
10800
84420
73980
46530
82440
96030
46170
1260
39330
12960
83880
91440
21150
19260
50760
43830
12420
32760
17010
75780
630
19260
450
71910
7920
21780
48150
63090
77850
55080
95220
10800
88290
64800
34470
93060
51390
51120
11070
45900
41310
16470
91170
68760
18000
38250
50670
57060
70740
22140
96750
53100
76050
18360
80460
34470
5490
98370
20880
41130
33390
68310
27090
12150
59940
50580
22950
75510
29430
27450
93420
18630
68400
94410
23850
81810
33750
33750
64980
87480
19260
73800
23670
14040
47070
21690
41310
26910
24030
98910
3960
93960
21330
51840
77130
87840
45450
21600
29880
92250
6120
90090
28980
12150
56700
65340
39960
50130
90810
90360
61110
79830
60030
15480
49230
7290
5400
14940
15300
69840
35730
74790
30510
37980
7470
54450
78480
31050
2340
39420
26100
94770
52020
61650
69120
81810
37530
55890
62460
28440
36900
81090
8010
15390
65520
87570
37800
27270
45360
98100
62190
63180
10170
20430
42030
53370
54900
79380
4320
64800
72450
75240
93330
4770
84690
23130
93150
3780
90990
10260
76140
38880
16470
2520
48240
28710
66870
89820
84690
60030
20070
5580
360
69930
24120
13770
66150
63900
49410
69930
2250
79650
83610
64710
1080
94770
25740
87840
93240
73890
95400
39960
61920
37800
60120
31950
66960
20610
6390
75600
68130
95310
75510
42210
76590
87840
52470
12420
70110
74070
14310
28080
37350
37170
7020
98460
19530
72360
80640
98640
12870
61380
2880
22950
2700
23220
23310
36000
62910
8820
95580
16920
27360
77400
80730
45450
12150
43560
9630
1620
14310
39780
47700
69570
75870
78480
90360
68670
29880
89550
89010
40590
14670
48690
85410
91350
40590
57150
95850
71910
92430
64260
63720
59130
29970
74250
47160
78120
990
21600
11700
96120
45180
22410
81810
57600
35460
55170
59310
65160
15300
73530
43470
35730
63720
46800
67950
98820
9270
42570
44640
70650
98190
22950
48690
7920
40050
2070
91260
99540
7740
45630
15840
65340
45720
78300
39510
48600
63900
83610
56250
34380
86040
49230
88020
23310
18360
33120
20610
36540
11160
52740
27360
95220
10530
18000
67230
15840
85590
52920
20700
95490
29340
22770
9360
81180
40230
45090
81180
71370
56430
50490
47070
65970
9630
90900
19440
46980
72180
77580
33930
19080
30420
29970
76230
27000
51660
47610
14040
99000
11250
6030
28800
10350
6480
31860
1710
75780
45810
65340
17010
40770
47610
12780
8820
86400
82440
9180
22500
72540
79740
7740
87480
27450
28350
97020
12690
85500
36630
91710
810
98910
15120
65250
7830
28170
74250
45090
78570
7470
83700
54900
56160
20700
34650
52830
630
85680
91620
46170
45000
18990
21870
9000
97650
41220
1620
22410
93870
91170
32400
5490
26100
50400
75960
74790
74610
37260
94860
56880
58140
31320
72090
29250
74160
6750
78660
34560
41850
98730
30240
13770
14310
63720
28350
49050
88110
57960
15570
60660
63450
28530
45270
19710
52740
43650
94410
42570
70560
73350
92430
52020
45180
18630
88650
44730
25290
27900
28890
92070
94320
96390
38430
80100
26640
82800
46620
23400
10620
57870
78570
52020
46530
82260
8730
70200
77400
58320
35010
47880
17460
37260
85050
87660
40230
18630
62640
43650
2430
42390
8640
82980
36900
65700
8460
36000
42840
40500
62910
33390
60120
44820
8010
56160
96120
56790
25470
91530
43470
67860
59490
24300
80370
96210
16740
58590
91530
89730
62010
22860
51660
42930
40140
92790
70110
61650
84870
86040
1800
35730
86130
55260
85770
54990
94320
74880
52290
60750
52110
50490
84150
10800
99810
50310
99900
60210
46080
85230
56610
450
67050
78750
22680
69480
35730
77850
59940
26640
13230
45990
91980
83070
65250
44010
87660
6120
84510
76410
36360
93960
87030
1350
59760
4950
40230
8100
64080
40950
31950
43380
22770
17100
37710
56700
66510
95400
59220
35640
16650
49680
17730
96480
1980
98010
85230
21960
26640
87840
21780
22410
30150
47520
9810
86760
97110
90630
93870
65700
89280
88200
13050
71820
17460
23940
45450
97830
31140
26460
90630
6570
78750
36630
47160
32670
54630
31950
27540
25290
67050
5220
89910
2880
89550
23670
2970
72990
37800
72900
54540
81720
92070
66960
67140
93690
65250
58950
75510
82080
90
64080
90990
89190
36990
76050
91530
78930
38700
38790
59400
72270
27270
33030
79470
74250
55800
18270
64980
25740
72900
12240
36180
40770
25200
60030
62730
86130
48240
6480
37260
74250
77040
55080
35010
47070
29610
48150
60480
20880
78120
66600
20880
61110
4590
98100
71910
7920
20610
61290
73980
77220
44550
27990
51840
1080
8910
11790
91620
5490
7740
74880
97920
93420
14850
3780
42570
13590
9540
18090
50130
86310
83700
36540
86580
55620
8370
82980
19170
59490
67680
5220
45180
75780
9090
73350
67320
61560