999 9640
71370
14310
98460
55890
74250
28260
69300
84690
24570
13950
58140
15390
60390
22950
95310
46620
58680
48060
35820
72540
9180
82260
29790
7020
87390
59490
12420
91710
88470
78390
68220
96390
16560
97110
77310
30510
38250
70920
18180
57600
71280
47520
51120
39690
99540
7830
50310
26100
48330
17280
6030
65340
9180
38610
4140
98550
74880
22590
6390
45630
34290
4320
96210
79920
62460
55890
38430
43740
73800
23310
81450
6390
91620
58770
46710
91440
60300
60120
19440
99900
51210
61020
5040
83070
61920
23850
84060
74790
91890
84330
67770
85410
16560
96750
72900
80280
99000
52290
46350
89640
93600
27990
6390
93150
5850
52380
61920
39780
85230
59400
39870
72180
42390
92880
11970
38070
59400
6570
81990
92520
20070
57870
46350
89010
37620
99900
37620
81270
20160
35100
99450
19530
28620
57780
97290
95040
56160
15300
1350
630
50760
41130
13320
50580
25470
91080
60570
67770
67500
2340
61290
32040
60030
87390
51840
26550
51750
27450
92880
81810
64530
46890
59400
31590
93960
16560
16740
29250
24210
49500
63630
38070
78840
75870
81990
91260
20250
12060
11610
9900
94590
5400
75240
92880
47520
6750
33660
98370
86220
91620
58770
56070
91980
68490
68130
49410
46080
45450
9090
80820
3600
27810
8280
89100
31140
34290
99270
16650
90900
0
14490
85950
80910
76950
3060
31950
48870
61740
79380
35370
83520
44190
98640
96030
33480
2520
73350
14310
15660
54090
29430
45990
73890
87480
11070
17460
54360
37890
10260
63810
6480
34290
10530
94770
49680
73890
40950
83610
91710
92610
96390
50580
83160
18900
56700
41940
66150
73530
14130
51480
71100
27180
97920
79830
38970
1350
27810
50760
17190
37890
98910
85500
61110
50670
72000
92160
97470
1440
7920
1260
6930
28620
13590
14490
20430
68760
39420
62100
37260
64980
13680
24840
76050
87030
29970
56700
4680
86670
53460
91350
29070
43200
89010
7020
17010
11520
81090
83520
92340
11520
55530
30240
20790
25650
98370
74700
1440
49410
14040
41130
86310
15210
57420
35010
39060
71370
38880
6390
5760
95490
25110
89910
27720
30150
12960
98190
12780
70920
86490
5760
82260
32400
25740
66510
53100
86940
99450
67230
1800
2430
2340
84510
37710
15660
78750
42480
59130
66420
48330
64800
56790
52380
74880
86220
49860
95490
93690
89730
95760
5760
81360
98910
92880
49410
35100
27900
30240
40500
23310
50310
24300
37620
23310
68580
24570
36450
20790
72900
75690
17910
79830
40410
80640
68670
88740
37170
23130
2880
29700
83880
56340
62280
8460
32940
44100
13050
83700
30690
810
46260
1440
39780
45360
63090
15480
72450
10980
23220
89280
8460
62640
84150
84510
95220
58500
55170
5940
89820
36990
28350
74700
59760
50040
18360
2340
77490
60390
5580
19260
32310
98910
17190
49950
26550
9090
39780
9270
70920
18090
88650
29610
64170
49590
77220
28530
86940
1980
84330
13950
80550
27000
23940
39510
72540
10260
10710
24570
38430
98190
65880
12780
30510
46620
31590
26100
93420
49050
63450
88380
1800
67050
12330
94860
68040
75960
7470
46890
74880
8190
54630
24930
83790
6660
33120
990
93780
26280
46260
21960
28800
26010
86310
57240
33120
2790
7020
75240
72900
68850
900
63990
45630
24210
6390
93420
15390
82890
14130
41310
74610
68670
68130
71190
810
48060
81810
96210
13590
93060
33660
78300
67500
75870
96120
73710
46350
3330
20070
98100
81450
19800
39060
7560
42750
17730
70290
66780
34290
26280
70020
57870
45540
37170
97560
15660
92790
11160
87030
74430
59220
99900
41310
30420
15300
63000
61830
21150
27450
23580
82620
88740
58410
55350
57870
88830
88470
52560
48060
64080
95760
93420
18900
92880
28260
96030
10620
95130
36540
74880
65250
54360
50760
17010
74610
58590
78660
24120
81450
6210
96840
48690
2160
3510
67770
99630
53100
44010
72810
70290
9630
4230
49770
25830
41130
29340
26640
31140
82710
2700
41940
76950
86310
97650
2880
12510
59850
38790
28080
29340
15930
12960
93150
32130
7560
31770
89010
96120
43380
6390
24300
39060
68310
10530
62730
79830
29700
86040
70110
2430
62280
87300
84690
91080
69390
40050
93510
72180
76590
3240
75510
37800
16110
30510
19620
47250
34560
10440
84420
29970
63990
7200
66240
67320
8640
22860
90630
74700
4860
54000
29970
2790
60480
33480
21060
49860
78570
57420
51210
82080
68580
50760
16200
61200
28350
11790
41940
9360
63990
57150
24390
86580
62730
54270
58590
3060
79740
13680
89190
76590
75060
29070
78210
81090
71010
11610
25110
38970
36450
97110
92340
24750
75150
49140
24930
10620
64260
28170
49050
13770
60930
75960
31410
91800
72810
22500
29970
73800
40860
87570
55260
91980
12060
84780
14490
47700
86130
79020
6030
56610
16020
30240
79020
7560
52830
63900
55170
97200
56520
46440
48780
37890
84870
97020
1620
94860
39870
6570
5130
21150
46170
54720
95490
61380
56520
61920
36000
6390
11700
12240
8550
91350
18180
81090
80010
97290
35370
53460
15750
86940
70380
58860
9900
84690
74250
17010
34830
20160
14220
72990
49410
11700
75150
54360
87930
49950
78210
73980
41670
14670
4320
30690
51210
6030
43650
97560
43560
54720
24390
23940
86580
37980
11700
64350
79290
15030
24660
20430
80010
86040
82080
38520
84510
49500
61920
54360
38880
96660
2790
93060
63720
92880
8910
75240
57330
91800
63270
28890
74340
19080
81450
79110
76140
6390
810
36720
79290
71280
91980
95220
78030
38250
91170
21150
98010
12690
68040
27630
64170
98370
85860
2520
40230
1170
12600
18900
41670
7920
7200
96840
7200
94140
13860
33120
51660
32130
33030
51480
79560
81810
45810
39960
58410
70740
23130
74700
36990
30150
63900
11790
87660
66240
52380
56880
90360
6480
63720
70380
34290
52920
56430
1170
54270
20070
32130
18990
51030
32490
88200
74700
88740
42570
57510
44820
66150
25650
450
96750
89910
3330
78930
47160
7740
64350
28080
30150
71370
98370
5580
49860
35100
19620
50310
26280
89730
9180
55800
86760
99360
64890
50310
42300
82350
47700
30240
58140
90180
79470
90990
3960
27720
87930
75240
1530
22500
1440
58320
37170
43110
52740
11610
74700
57960
71370
69210
30150
10800
50580
92790
29520
53910
67770
73080
37350
76500
81540
87030
32670
38790
78750
15840
45270
65880
32670
64260
26100
28710
45630
270
32130
81810
81360
53640
8550
49050
20790
55800
86040
36810
18270
40500
41040
72180
2610
90810
46710
79380
71280
30960
30060
13950
58230
41220
39780
41850
33030
27090
67050
34290
98190
74790
9990
13230
61110
83070
64350
19170
23760
48780
5940
21330
47160
55440
59040
46710
98550
19710
29700
5850
68940
22230
98460
20880
35730
8730
23400
17190
94590
45990
94320
40860
47340
99810
27900
66330
80010
84060
16290
76950
36540
78840
21240
28620
61560
95220
26460
93330
38790
37800
34470
12690
55440
67680
75600
30420
27630
8460
53730
22680
22230
96750
48870
43470
93960
79560
2610
5040
67950
37260
55260
30780
46980
7920
95850
88380
16830
22770
45090
24930
98640
33300
33030
69300
54000
34290
66960
87840
8640
72720
10620
65610
79740
8730
97110
98910
25200
58680
56790
15930
56520
75600
7920
9990
17280
53100
97380
91170
16650
57510
51930
98370
50130
21060
73080
57960
41580
45270
21600
57780
33750
93690
37080
69840
360
24480
33030
67860
12510
42480
42750
3870
8820
89100
32130
19350
36990
65880
93960
74970
27810
82800
23040
83430
19350
15930
92430
4140
68220
79200
78480
30870
69030
7290
14940
23850
11340
32220
99630
10440
48870
78120
53370
7560
73800
12510
37350
29700
32670
83340
89550
41490
20070
87480
52650
40140
97020
86220
62370
86940
66240
63090
47250
13860
96390
50670
85680
28620
44730
68580
7740
91260
46440
11340
45180
86400
51750
36000
10890
53820
83520
82350
81270
17190
59310
13770
78210
66330
84420
26190
18900
89910
79020
39150
94230
86580
23940
62820
2970
51120
83070
22590
37800
270
21690
79830
79020
52470
91440
84240
55980
33570
66690
63900
96840
97380
22950
98370
21420
20520
42750
93780
53820
87570
58950
81090
80010
21690
8280
85140
67860
52470
18450
43200
34380
58680
25380
10710
16830
44100
71910
60480
95310
70650
43200
28890
56700
7830
99720
78750
36630
17280
73170
32850
65070
58770
56250
12870
48150
79290
86670
24120
73530
86220
62550
180
28980
40410
56070
94230
78480
35910
36090
86490
98550
37260
17370
32310
42930
22320
14400
71190
66330
76320
61560
59760
990
35460
10800
65070
54540
67050
42120
10440
8100
450
93690
24840
28800
73620
2160
66150
98370
51210
18990
82170
70560
5850
43290
15030
41490
11070
46800
77310
89910
74430
13770
17730
13770
78210
94410
49770
57870
51930
16290
50400
98190
14400
8640
34200
64440
25380
64350
9900
68400
66420
7290
61560
85500
69570
25650
30330
44010
78480
57870
50040
82170
57240
9090
41850
92970
73350
46980
1890
98550
69570
47340
69120
7470
76140
34200
97020
89640
47880
54990
48060
63540
39240
39510
36360
61110
270
54540
13680
84420
46620
23490
67500
35460
2880
30150
72630
64710
50490
93240
85140
5220
61020
63450
81720
46440
64530
25200
52650
10260
58860
55350
32220
45540
72810
74070
37350
81900
67680
94050
2700
85860
48510
1080
34830
33750
91260
34380
20520
89370
12510
16920
38430
11070
35280
31680
60210
67680
93420
45000
47610
86040
79020
97110
17280
54270
80820
73620
66510
30060
7110
86670
38610
68220
62640
45270
72630
13770
56430
27000
12510
11250
72270
87570
58320
50490
48060
15660
33750
25200
79560
69840
17100
35010
90180
93060
89280
61020
89460
8820
20250
18540
52380
79920
97740
48960
31950
84870
18270
14310
73800
82080
53010
55890
90360
56160
12780
32580
95130
10620
43380
67230
8190
43020
9450
68670
45270
23400
29790
53730
76050
64440
15030
53730
87930
27000
900
72180
16020
79830
2520
57870
83430
21510
35640
86940
99450
36000
450
81270
89910
41940
22230
28980
23670
62010
54270
56610
88110
67860
62820
38430
36900
19260
93330
76230
40320
47610
7650
10080
4770
20790
3600
36810
85140
40590
99000
85320
15030
93960
48150
63810
89460
9270
39420
55440
32850
48780
82620
11970
51570
99180
78840
69930
51750
6660
33120
20700
92340
61920
70380
38070
3420
39510
89370
18720
97200
1170
45900
82620
66240
55530
78300
45990
18720
87480
95220
77490
25020
33210
24030
17370
94590
4590
12780
25560
17010
58410
38970
80820
55620
75240
90000
42480
28170
7020
59220
35370
51660
5580
56880
13320
4410
58230
6750
91350
78300
41040
81180
37530
77760
47430
10440
88020
91260
25470
23760
54090
63000
11790
31770
34380
7650
84240
82980
80010
65520
40140
10890
61740
17100
97110
59940
70200
67320
4500
37710
21600
77490
86760
88200
45630
37620
51030
51930
31680
57870
34110
91080
25290
43110
56880
58500
19440
67500
61740
29970
53640
63990
74700
33930
60840
63270
3600
52560
57330
32220
10620
42750
39600
79650
6390
41670
59670
35100
49140
18630
78030
20610
9900
41490
13860
63090
42660
24660
25290
53460
20610
45720
69030
96840
69480
73530
95400
43470
56700
45360
15570
98640
8370
55890
47250
77400
3510
37620
47250
48240
56070
35460
48510
16290
3240
44280
2880
30150
75060
1710
24210
26280
22050
84060
16560
98910
25020
46260
92700
36630
54180
46710
35010
37620
74610
6390
24300
32130
27630
42840
64980
67590
20070
50670
88830
46170
3420
82440
23310
84060
270
58410
59040
86760
86850
74250
62190
1170
99360
57420
68310
52200
47700
57060
54540
7470
99990
18180
40950
59040
31680
71730
63630
75690
9360
73080
42750
91530
65250
90990
67320
57690
85410
54630
47520
60480
13320
74160
46170
92250
51030
54630
9720
23310
25290
19170
48600
51210
37620
24390
78480
29340
58230
20880
20970
23040
25020
18810
9540
62730
44190
79830
1710
70560
2340
94230
86670
45810
70560
96390
48330
40230
90270
9810
12780
8640
16470
41670
38610
22500
56790
22770
19170
9450
67590
68670
67320
21600
1620
77040
39420
28080
60210
68400
60390
56430
97740
4140
44730
61020
26010
18090
51120
3870
16470
75510
43740
66600
93150
36450
54180
88110
26910
42930
91710
27630
18990
98820
44550
64080
62100
75780
14310
54360
81990
19350
58320
30060
87390
79380
79110
19710
91530
11790
79650
2070
94500
81270
10530
29610
79020
18180
12330
12870
29520
44640
60300
57150
30150
47610
74880
53550
27990
59850
61650
53190
2070
87300
20250
28170
14400
5400
52110
19710
56070
50040
12780
68400
88290
84060
30150
12870
13950
19350
67140
55260
25920
8550
84060
28080
40410
11520
84330
48150
82440
11700
49770
47160
82800
84780
81000
97740
48150
10980
65790
58950
0
75690
99720
65430
8550
32580
8550
59220
80190
49500
29610
94770
13680
27900
29070
63540
26910
36990
93600
61200
95310
30420
27090
70830
39870
34920
38700
23670
70290
80100
50040
15660
63000
3510
49860
2070
5940
43380
39330
7380
39510
43380
77310
19890
10260
56070
67860
85770
51570
66600
74340
75150
49590
83700
11340
90900
28980
7650
23490
20070
23400
50760
63450
3060
34200
94050
67860
29610
57870
73080
75420
15570
25290
56250
63900
80010
15390
99630
79740
82620
48420
39060
66330
28530
90810
52110
9000
32940
51750
30510
62010
5400
8730
92610
82260
14760
88380
33300
72360
67680
32130
87840
54990
47160
12960
65160
1890
98010
64440
50310
37800
31680
51390
99000
46260
79110
30420
14940
94680
15570
77400
24660
81270
54720
49230
53460
95130
68580
66960
92430
75060
66240
62550
25830
68670
35640
93510
87390
46800
45900
67320
3240
30780
89100
49950
3780
78840
92790
95760
45360
20790
33480
42480
38700
28350
1620
86760
55710
72000
99990
90540
1800
9450
13500
86490
50040
18540
26550
67950
52560
94950
7380
87750
59400
59040
28800
81000
20070
12240
77580
94590
1260
1710
72180
86310
30240
68220
1800
9270
34920
46620
71280
22320
97290
30960
64800
70470
14850
4500
42660
84330
77940
12240
44100
540
20520
23220
80820
8730
21420
73530
91170
15210
93060
63900
99090
57960
67410
63900
95580
95220
64620
87120
10440
14130
9180
99360
58410
20070
83340
89100
1170
96750
96570
77310
29430
82620
34290
11610
64890
73530
81810
56520
91800
42660
3600
42840
77310
450
7020
5130
1080
11520
41310
69750
70560
41940
17910
64620
47070
58410
24300
10890
69840
63540
50220
55800
38340
22050
14490
83880
74970
23310
2070
72450
96660
64710
78300
37530
29250
79290
1260
86580
57870
44190
23130
68490
87930
97740
4050
8100
93060
45900
13320
43110
55890
48870
32760
59220
26100
21420
58500
37080
7470
37530
97650
37080
24750
60840
8730
91710
52110
55620
76320
33210
72270
89010
10170
23670
45810
36810
85320
87210
48690
2160
8190
87570
32940
88290
5850
49950
61110
80370
2700
7920
10440
80730
59310
61920
23490
17460
95310
94140
79920
33480
57060
2790
97020
61560
88110
45360
53550
50040
77490
37170
90090
64890
83700
80190
63990
36270
69840
80820
97920
89370
17460
32940
58500
34110
63540
86310
39240
13410
8100
65700
65790
70200
67230
50220
86310
81630
25200
88200
80100
10800
66330
40140
1980
18990
49410
91440
3420
81270
85860
66690
48240
32400
48150
96480
53010
38070
62820
48330
49410
23130
13770
1710
44190
87750
49140
54000
73980
70740
54990
13140
32670
60930
6750
97020
51480
47880
22770
49680
42300
29340
86850
53820
43020
10350
36900
13680
90450
59130
97830
81450
84600
78840
68940
39330
82710
5220
28530
20160
5400
360
21420
38970
68400
78570
54180
28710
78840
42480
70830
36990
57420
35460
15930
64440
11880
82710
7290
48240
54180
61920
92970
43560
42570
14670
85050
37620
22050
94680
15750
22680
22140
22140
79830
13410
15390
72180
23130
38790
35730
57420
71460
9900
55080
91890
29880
31500
86040
57330
19710
78930
16920
91170
8730
36090
32130
57870
97470
16650
90450
96480
37170
51390
14400
88380
25740
39330
6300
98550
14400
18180
79470
79830
97560
55530
17280
16380
10800
72900
92970
2250
66420
12780
14310
9000
78930
59490
62730
34290
60300
25830
31950
60300
78660
82170
89910
73260
26460
87120
43110
63000
56430
90990
17820
630
94950
30330
8280
87660
27360
3780
37620
37530
82080
96030
21240
67320
72900
88470
42570
63990
65070
32580
26820
76410
44100
54720
5400
59130
30510
89820
17910
58050
79110
54360
37710
89910
16560
66960
990
72000
57510
10350
25020
97470
15480
61470
19440
40950
10620
66510
70110
45540
95940
23670
76590
68040
40140
88470
59850
76500
50670
81720
49410
74430
10260
95310
43110
64260
99180
51840
17190
46530
56880
78480
78120
47430
25650
6480
85860
27270
66060
53640
66960
6930
71820
24390
73980
96570
90450
88200
64170
23760
51750
64890
87750
33210
65520
93960
89280
10800
25020
7740
24570
99720
44730
49140
29520
74430
66060
51750
4140
78930
76590
76320
80550
6570
62370
84690
20790
56250
31950
41850
54810
80640
68310
95940
80640
58410
3150
22860
51930
59130
5490
50850
450
76860
3510
3150
180
23310
68400
25920
30510
11790
63720
95400
96840
22140
43830
49950
33120
30330
35550
46350
18990
33480
62010
70290
39780
77400
73170
19980
19170
46170
74790
61740
25380
21240
67950
900
73620
57600
15300
55710
5670
58500
2520
12690
46800
63630
82080
32400
2430
63630
33660
60120
96300
77580
97020
57150
75330
53820
62640
45000
6300
73800
37800
18900
72900
78660
72990
81540
15210
33840
5310
89640
41130
95400
46170
52290
54720
78570
94050
80370
92070
53730
67140
72180
450
88650
42480
35730
78480
58320
42300
4230
83430
40320
27810
91530
98820
61470
31680
40320
41310
1350
95760
88650
66600
96030
33210
95040
18900
64440
89100
74880
83520
52290
44100
98820
69390
38520
49770
77040
62460
78390
48330
53730
43650
75150
8730
30150
67590
88020
27360
53550
94860
80910
94500
4680
34200
36810
71730
19800
42660
54180
21240
27900
71100
69210
36630
24840
24840
82530
61830
83160
90270
49320
7200
94590
49230
77310
53910
6480
14670
96210
22410
59670
14760
2790
98190
15570
59670
54900
96120
77400
55350
71640
33570
12690
56160
50310
4950
12330
21240
50400
26910
21600
81900
72540
18180
54540
17460
78210
59580
84330
61560
54270
4500
43020
74700
60570
64890
35100
52560
38700
56970
55980
24660
42210
97200
52560
60210
94950
37530
88380
56610
25740
51660
51750
42750
70290
10080
16110
67320
40680
8280
1620
76410
51480
34110
31590
48060
56790
73350
25740
89550
2970
15750
44190
60480
1530
35910
97920
89370
46350
93150
69300
44010
1980
10440
49320
88110
17370
95580
81270
54180
65070
18720
50670
28710
83610
53190
89370
52740
25110
95490
87030
29430
35280
50040
70470
3420
12420
66960
1530
76320
98280
60390
77490
86310
5580
97650
65520
55080
92160
78660
31590
60750
44370
61380
74160
9810
81360
75870
97020
25290
12780
62730
44820
87930
11790
1710
49770
29610
65430
59850
24930
25650
91800
79290
91620
1080
99990
32580
48870
28620
88470
17640
51210
86580
68220
50670
94860
85680
55440
94230
69390
75330
720
58770
95490
83340
44280
87030
78390
36540
900
50310
40680
45180
59760
95940
31410
44910
65610
98910
38700
93600
450
98370
99540
3780
71100
6570
43560
56520
85140
69390
72900
89010
45630
62910
52830
24930
38520
85860
52200
2520
67500
82800
91530
61830
80820
59220
72540
45000
65160
1530
25920
50940
21240
69030
44010
10350
44640
1800
81630
52380
25920
72450
48240
92340
49050
20790
36990
13050
23400
8640
7920
49500
32670
37260
16200
16830
72900
41310
30330
93870
34560
52650
65610
92160
43200
88200
9630
80460
67500
91530
60480
58950
96840
90630
91620
10710
78120
52920
45000
34920
78660
1260
1260
50310
16020
72810
66600
69750
56520
56880
38340
87300
2970
69840
47070
82080
11340
97110
20970
87030
92070
42750
6930
40590
77490
99630
81180
59040
94230
38970
27810
69390
43560
39870
44460
20970
11070
81450
72540
91080
93060
4140
83160
22860
38880
65610
25020
93870
99630
67140
25560
97470
75150
97650
55890
59130
32580
9540
91080
32670
11520
20250
48870
68670
92430
90360
75060
2610
5670
28890
74700
62460
92430
15120
87030
94680
69030
65070
63720
57870
35910
1800
87930
79830
16740
70650
63090
8100
69570
41490
72180
86850
13590
28440
36990
4680
27990
35640
52650
14850
73980
88650
36450
67860
91620
18090
37080
65430
74430
63270
48150
50670
24660
20700
1530
45810
49140
16920
46980
86850
84060
74520
34110
87210
12330
70740
70380
63450
38340
40410
85680
31590
68580
26820
73530
76770
42570
63000
80550
84060
54360
92070
98010
13140
58950
11970
3780
17280
62640
81990
15660
2700
56070
90990
22950
93960
58770
36000
86130
55350
81540
7560
56610
24300
8730
95580
76320
2250
49590
50220
83790
68310
6480
74700
90360
1080
28350
95130
64170
58140
34110
6840
58680
3330
70830
3330
90360
59580
58680
86400
22590
48330
50940
67050
99540
89550
93870
17730
73800
59040
9720
59760
92430
71910
30600
61380
86940
72090
99630
17280
30060
99180
44190
10890
7920
17100
87660
47070
90630
41400
61830
59400
17820
34110
71280
7920
86310
57510
85590
21060
53010
58410
68670
32940
86220
93060
9360
810
63180
25830
8550
5490
49050
78570
17730
8010
76140
80190
40590
72090
54900
360
6300
12150
63000
89910
68490
63900
8100
58050
51840
58680
64170
90720
97110
1350
36810
62820
70830
56520
98460
77670
38250
42030
54180
56970
76050
90000
89280
35820
80640
41040
20430
70110
28980
33390
41040
21330
77670
3690
35640
34650
30060
33120
99090
36630
60840
62010
34740
4590
92880
4860
99630
14130
24570
79200
30600
30060
16830
6840
87570
96660
19710
66420
22410
31140
60660
92160
93150
25110
56880
6660
21780
53100
180
42030
46170
94770
25920
53100
28260
1350
73620
67770
43830
99990
53190
75510
70200
82890
83790
36900
41040
23760
75240
77580
76590
4230
93690
96030
64260
68310
62550
26100
35820
81360
45990
33570
96570
65700
630
78210
51930
57780
67230
8190
77940
69030
17640
91890
36810
28890
59940
15660
23940
1350
7290
23490
43110
24390
67680
57870
4590
77310
180
62100
75870
87030
36990
12150
36900
85320
72000
47880
36360
37980
65160
63000
12420
67140
2160
93150
46170
44280
19800
630
42390
48510
47790
24210
6390
68490
92790
2430
29250
66960
62370
73620
39240
42930
28440
49590
95580
68670
94590
13590
24210
47700
49680
30240
51750
37980
59940
30510
22680
65970
72900
91170
53910
2340
35910
40230
91350
29700
81090
37800
55890
96750
53370
25200
41670
22860
61200
55710
94320
52920
4140
41940
63900
25470
79020
24030
8100
89910
72450
33840
84510
65970
88020
32310
94590
70200
11520
73620
37170
85680
59400
89640
46620
17370
76680
86400
36540
15930
40230
6840
88110
71550
59760
94590
70830
29880
34380
1620
2250
70740
10080
67680
32760
45540
96570
44910
74880
3870
73890
27720
92340
61650
8280
11430
35820
32580
4230
11430
51930
68490
63450
810
25470
85590
69480
66780
2880
47790
85860
98100
8820
13680
59130
67950
97470
16560
12150
53280
71640
62190
53100
50220
33210
71280
33750
82440
10260
61920
53640
72810
180
24930
14850
75150
80640
17460
62370
58320
83340
12690
5670
49140
25560
71550
45630
89820
27180
70020
37800
67410
77310
63000
37710
63180
0
81810
78480
95040
16560
22230
41670
9000
35280
27090
44460
66060
5580
70380
81720
14040
900
96930
90720
80640
52020
86490
91080
44820
68850
34020
61650
78930
76050
13590
49680
63720
18450
28530
1530
74970
28350
92520
54720
56430
27180
73440
87390
45630
67230
5490
8730
49410
50670
88110
68940
17730
56070
27990
60570
14220
53460
55620
13950
74610
82260
3690
10530
87570
93330
65880
44010
38070
99990
26820
6660
36630
15120
71010
96570
27630
900
18900
94500
72180
65790
66060
84330
54990
22410
58050
29160
86850
93240
13950
78210
48330
58590
40860
65340
65250
10800
92700
62460
76140
73710
34020
26640
69390
45360
18090
43200
39960
58230
70290
70110
92070
19080
78660
62820
18900
43020
99540
78570
79560
94590
51030
89460
69030
79830
46350
66150
43200
76590
87660
7920
71910
20880
31320
72090
6480
35100
42210
65340
13950
53730
8460
68850
69030
270
55080
10350
90630
17640
89730
77220
26550
21420
33120
15030
51840
74430
64530
72000
96480
22590
24480
24480
270
53640
85050
38340
40140
68850
71370
32940
98370
53370
16110
84240
5040
6300
50400
75060
24210
79920
16380
60390
93780
78120
54720
68940
77040
22680
31590
79020
92250
1530
86850
33570
88560
58680
65610
63270
83520
74160
63990
47520
32670
46890
27450
84960
21600
75240
27900
47340
25290
87480
71100
99900
8190
98910
29970
85500
11070
96480
23310
19350
96390
79740
74700
45540
62100
96120
51660
52200
81180
58410
27450
19890
96750
6390
84510
73530
28620
14130
89010
97740
23850
79920
49950
73620
3240
40770
65610
30870
63450
14580
73710
23310
32670
48870
52200
86220
7740
27990
28800
37620
5130
90900
44190
27450
61650
38610
47250
69480
1080
82800
30510
60570
64530
57690
52920
54990
25470
38250
31770
88380
11250
540
7290
97380
58860
66420
96750
21600
71370
59040
24300
35640
77040
40320
70200
75690
33930
1260
6660
63360
61380
84240
44640
50400
97740
11700
78840
89010
7740
87570
25020
36450
91800
24660
22770
1890
61290
96030
36360
34470
48240
58680
20340
39330
24390
91260
99900
67320
62910
98460
94770
58860
93510
65610
93510
86580
20520
81000
84600
49770
360
31230
59850
75420
8010
44640
95670
54090
9270
88110
42840
88560
83700
59130
34020
19530
78840
87660
36270
23580
79830
61650
69300
57780
40860
43740
35820
90540
63990
64980
54900
31410
3420
98460
65520
19080
56520
9450
14220
4950
94230
98460
27450
92610
94140
38250
10080
41760
44910
9720
88560
23490
12960
1350
2970
67500
31140
58230
77310
40860
98910
98370
7380
75330
84150
74610
95940
79380
55260
21690
29790
80010
47520
88920
84060
27630
47790
31230
69660
39960
17910
42930
86940
22410
71370
86670
5130
93960
81090
87300
53190
3150
82080
94050
44280
57060
8460
8640
20520
20970
9900
44640
71010
4140
66150
34290
28350
97560
64260
15840
95940
71370
78030
92430
81180
76950
14400
48870
41940
39960
33480
54360
84600
3870
11970
98370
79020
47970
70920
14400
63720
42480
4950
32850
67230
95040
30150
67320
50580
60750
74430
17280
24030
62550
51660
96030
75060
28080
13770
83970
67140
66060
4410
75060
33030
89370
60750
93780
85140
65160
84600
45180
2340
20700
49410
42480
45270
23670
58140
60390
49680
10440
26550
56250
53280
22770
52920
38430
90450
10530
39780
38070
83430
92610
96930
99630
76860
12420
49950
66690
50130
91080
42570
80010
41940
5670
88470
51930
26730
49410
69480
63270
55530
66240
19710
85230
13680
74160
78570
4320
78660
78660
25740
25470
66330
24570
99630
71280
13680
78030
38970
94770
63180
36180
29340
94770
34470
60390
71640
95850
95850
50760
10080
15570
53190
86490
63900
66960
83700
34200
630
31500
95850
54990
24480
66510
94590
14940
60840
60120
28980
95940
45630
83700
41760
91440
82620
73080
2520
6750
67860
13410
15750
54990
31590
86940
51390
72000
21150
68040
12870
46710
58590
28170
83430
36810
38700
87480
46800
48510
41400
27450
64440
94500
16560
99720
57960
44550
80550
67680
26640
33210
21870
96840
85140
19530
90630
93150
28530
53820
6030
68130
6660
11520
53820
27990
7920
85140
36090
34560
36270
69570
21780
76680
4320
86220
5040
76680
36000
720
35370
81360
21420
74520
72360
25830
25020
64710
90180
94860
93420
98190
90360
47880
21870
96840
54630
93510
79560
79110
16830
64440
86670
97200
66960
19260
89820
43830
46980
13680
10800
70020
70020
1890
27540
64080
9540
37710
41670
31860
2790
95490
38880
81900
19350
67680
7650
81180
71100
69750
43830
88020
59130
12690
53550
20700
15480
56700
28260
66510
97380
45000
62820
3330
33300
46350
27450
13500
14220
23850
32490
450
61110
18810
22770
5400
83610
85950
71820
94770
66510
63810
84150
68310
24930
22500
8730
21870
89370
94500
2610
21060
8370
2700
97830
70830
14580
23310
32400
73350
65700
60750
97020
9000
82170
9090
69930
72180
88290
21150
66780
74880
66960
45450
61740
76320
5220
19080
26100
68220
72180
65520
93060
63630
71010
69300
64620
90
90540
71370
16470
7650
95220
76230
48420
26100
58320
58230
72720
82170
17640
93780
98100
62730
27450
37980
98190
36180
36540
73350
45540
18810
81900
28620
45450
27270
44910
86400
76500
69480
21060
88650
82260
3240
21150
31500
63270
44640
99090
10710
98550
15480
63360
79830
24930
75150
73800
80190
0
70200
49590
88470
24660
35910
4590
70470
65340
85140
11700
35820
92160
9630
22050
11700
25650
78840
35460
55980
18180
94050
45810
90090
28710
13230
5130
38430
18000
34740
60480
40230
59400
51480
84600
39960
42300
23490
90450
86850
46620
45360
7020
82980
27000
97470
1620
73170
45180
75780
89190
2430
89010
94590
83880
39780
27450
91800
17550
81900
37530
14670
16110
14490
65880
84870
8370
37170
54810
5490
17640
50670
95850
80640
76860
35640
52650
66150
94050
88560
90630
1080
75330
75690
8460
28350
98820
29880
72090
10440
62100
5040
40860
54900
27090
5760
19440
55890
42660
86760
22590
900
63000
76590
12150
21780
35640
11250
42840
76320
99360
5850
88560
62550
10980
42210
40770
47970
13590
16560
59760
87210
14580
38250
53190
85680
71820
98640
2610
12510
30510
96750
33390
59130
42750
53910
32670
21870
89010
89460
82980
23850
47160
92880
64170
11430
48330
94230
39150
98190
13500
35460
25020
62910
37890
39510
25380
64980
92610
9720
13590
11340
15480
76950
80280
29970
51210
76410
70290
54630
79290
41940
66870
97470
15750
74430
75510
63450
90540
21870
50220
52020
13860
53010
30060
83880
55530
17370
32670
27900
62820
18090
13680
76680
79380
72810
27900
68760
26640
29430
38790
23580
72810
31050
33750
58230
89640
25560
27810
58140
50310
5400
94500
75960
46980
92430
95490
9450
42570
49140
83070
48870
74970
55260
12960
13950
30330
51030
80100
32940
17730
84870
4320
12330
6750
44640
28530
18450
97830
2160
46260
35010
89100
26910
33660
62730
21060
96390
45180
20700
94770
81540
85230
92790
39870
61650
45630
89640
59490
90630
99450
90180
83790
27900
41490
40590
69480
92340
22860
97650
12060
59850
97380
26100
35550
9450
36270
68130
50670
82080
83340
21780
57330
90450
51750
59940
81270
85590
21870
82710
5220
98370
76320
57960
40680
55800
57690
70200
11790
60840
74250
43740
69570
53550
56970
52200
24390
43200
88470
96210
5940
77940
31680
87210
98820
89280
45900
40140
30600
90270
49410
98460
44640
16200
61830
84510
82530
13500
25560
66600
73260
60030
8100
79650
61200
91890
31590
97380
47700
73080
44370
89910
56250
33120
16740
61110
61650
10440
96030
14580
22230
50220
41490
360
71190
76320
94140
74070
29520
6390
61200
42300
68940
10170
55980
39510
29340
79110
55170
72990
28350
54000
81720
38160
91620
65610
5130
0
85050
39870
7560
79920
72180
90
83250
82890
69300
71010
41040
7110
2700
33840
73620
74340
8640
57690
1530
32760
30060
89460
15390
92250
34290
84690
81540
30150
87570
36900
79560
23760
25560
35100
99270
69930
12780
34020
36450
52830
14850
70380
28350
20160
34650
56340
42570
58410
85140
62010
73710
74700
7560
12330
28260
70020
70920
720
26280
88740
82170
60210
64260
19980
48150
720
47340
10440
86850
24570
51480
81450
13770
90720
6300
180
30330
69030
60660
4050
24570
9090
81990
16380
9090
56160
10080
90270
21780
36540
99900
49680
36270
68490
33750
85230
70470
47520
1980
5760
99270
44730
70920
2520
72450
56160
36270
11880
96030
47700
52920
78660
60570
24660
63540
95040
75330
66870
91620
21330
35280
45180
22410
10980
83070
3150
43110
3240
35910
71550
56520
97470
27900
67590
90360
50760
6570
38070
45360
72810
32940
2160
72720
54990
95310
39420
50040
24300
46170
83880
95310
61650
49050
41400
43650
97200
48060
39060
75150
88470
54720
62010
80100
47160
3870
5760
85770
45810
53910
47880
31410
36990
32310
89370
10170
99900
48510
20970
70290
16200
10260
79920
14400
4680
97200
30150
7200
73260
29160
30960
90000
40410
39510
57150
96390
39060
27360
99720
91530
91350
74970
99630
32130
58320
24750
57420
57150
81990
22590
39870
77490
96210
79290
27360
2700
6930
83790
94230
28080
78210
69390
44460
44640
96840
88920
31230
42030
82170
74790
74070
12780
8730
53280
21870
72720
10530
82980
66240
51300
5310
28350
85680
88380
81810
85140
17640
72000
41400
61560
15390
39150
72810
89280
89820
56430
60750
73620
61110
49410
34200
82440
39060
72000
30060
82800
62370
18270
1170
24570
53550
73710
76590
40950
96480
43560
90000
17820
23040
46710
81540
73080
47250
14490
55260
15930
44820
78840
52650
19080
18180
39330
66330
49590
87660
63900
36180
68130
7380
26640
64350
25650
42300
46440
65880
43020
6660
65340
60300
1170
12150
65700
66060
21870
91170
76050
8460
7290
90990
12510
64800
51120
83070
28980
0
59220
56520
75240
89640
88650
20160
76950
40680
94320
540
13950
9090
50760
37890
12960
54450
73260
47970
93870
97830
54990
45720
94500
54810
29250
44100
9090
45270
93240
75060
83070
4680
77400
84600
61560
16560
95760
70920
13230
900
3150
85950
60570
65250
40590
4770
96660
8280
97740
8730
59220
65070
73440
47070
61470
51030
33660
81540
96750
68760
55350
20970
88740
47880
33930
93780
87840
13590
85140
63360
79740
74070
88020
2880
12330
94770
54180
54000
58860
75420
2970
72990
62640
75780
59220
54630
6120
46440
17370
70380
9810
43200
78300
52110
51750
33120
13770
92700
16650
87930
81270
55170
86760
48150
28620
24300
58410
23040
48240
25020
86850
2790
31410
7380
21600
28890
38880
4140
51210
72900
27990
3420
47610
37710
40680
43560
58140
58410
71190
16650
79830
26820
85860
54450
21510
79020
89820
44730
54810
22140
94140
81990
9270
49590
11520
14400
40050
19260
93420
31770
82170
79830
13590
3330
42300
1170
85410
80280
71460
20970
96750
82080
12240
65070
82440
81090
80730
40230
98910
61290
81990
91800
92610
76770
61470
28980
61290
92070
16920
23760
8010
22950
58860
4860
20070
60930
65790
77490
4590
90990
46980
28800
24570
86400
78840
94500
74160
53640
94230
43470
59310
35550
19440
66420
13590
37350
48690
24750
19800
86940
53640
4860
52020
93420
4140
20160
71550
66420
50940
90090
22320
18270
62730
49950
46170
50580
50670
4140
36450
29880
67230
94590
42030
48060
13050
60210
70020
30690
17100
54990
810
69930
42120
88650
90720
68490
19440
40860
73710
91800
82170
10260
47880
56070
74880
44100
64890
56340
12150
4680
8280
37530
63360
20520
96030
78570
68220
51930
60840
45090
48330
34380
98190
39960
47790
30600
51840
13770
56430
57510
68130
74250
30150
92340
64620
70920
31050
51390
77400
38430
36990
9900
51480
27630
53550
56790
24480
10620
11250
88020
62640
65700
92970
49500
18270
88740
62370
66240
16110
49860
72000
50940
89370
66960
53730
3420
22950
26460
96120
33300
57780
3600
26190
27990
12690
36360
52020
15030
32310
99990
48780
39330
65160
90450
40590
47160
71460
49860
57510
40500
79740
46980
22050
75780
26550
6390
32490
54990
62820
58860
900
64980
83070
8100
30780
64620
68040
27630
54090
47790
6120
32220
55170
35550
19980
9630
27720
51390
8280
11700
18180
67320
14670
28620
35100
49680
36180
38070
20520
22770
58050
39510
53820
37530
79200
57060
28980
16470
95760
24480
7920
62550
75240
64620
9540
14940
34200
26370
32130
41490
34830
54810
49140
21690
58770
43020
20340
32940
27270
3150
23940
5220
86040
24300
74970
92790
31500
71370
50940
45450
78300
95760
37170
44730
79020
87930
20790
74430
11970
35640
36270
4320
50490
15030
51210
19530
85950
5490
4590
72540
70200
12420
80280
31230
10710
80460
86220
64800
41040
93510
56700
45450
88200
25470
91620
42840
73260
27630
86040
1620
80370
64170
27270
54540
63180
9180
3420
57600
13950
68670
3330
81540
37530
54990
40500
91620
45540
23850
8640
16650
51930
10890
48600
70650
35730
88470
93150
33210
44910
99360
7470
66420
11070
2610
83250
96030
33390
65430
83070
19440
8550
89280
25290
92790
93690
20340
24390
88110
30150
6930
60750
36990
71010
17010
84690
19980
31950
80550
87390
3150
93600
61380
12150
85860
32850
60300
92610
24210
58500
42930
32130
46260
8100
17820
1350
7470
7740
30330
48150
65160
33570
37080
56520
46440
7650
97020
59400
42930
78210
34920
11070
65520
21060
91440
11700
97470
67770
1440
60300
35010
56070
84060
23490
52740
67590
18630
76410
99630
9270
66870
42030
5760
62460
24210
99720
74790
80190
97200
66060
98550
45720
36090
96300
58770
1440
10260
22320
49140
34110
50580
4320
17820
11070
63360
450
55800
28890
80640
77220
87300
70740
14670
94590
9450
69030
16470
13410
34200
6390
49680
73800
13770
87210
12240
59130
16470
29070
36720
85950
86670
60210
42750
39330
55350
77760
37620
53910
5940
27450
99990
20520
65970
67140
67050
17820
83790
43560
80190
64980
360
90900
80730
77490
72270
46710
90090
61920
30240
81000
40230
42120
73530
98280
54360
63990
71640
23850
60660
73710
78930
98910
84510
24120
78750
60210
50220
84240
9360
51030
63810
76680
79200
8820
48510
12420
40050
75240
26010
28530
75690
80460
8460
43380
11160
19260
65700
18720
46080
19440
68220
91080
41940
17730
80460
11430
42300
81990
2970
62820
33480
76410
46530
59670
15750
26280
9360
60660
53910
82800
75870
91260
10440
77130
66600
99360
22050
88020
40050
11880
83610
36000
62370
74520
43560
41940
1620
11610
4140
68310
40590
41310
67050
62190
22320
93870
78120
57150
65610
40590
12240
2340
82710
40230
39330
68490
19170
60660
60750
810
87750
31770
66690
86220
75870
73620
66330
23400
43740
33210
12780
88200
8730
78930
6750
61920
4230
540
10170
57420
28350
56610
69570
21330
81360
5220
25380
93600
46980
66060
71640
34650
7380
52380
80100
89100
14850
3150
74880
60210
66690
88830
21600
55530
45450
94050
76410
37620
54180
50580
32580
28710
76140
19260
1620
63180
36270
94410
76050
11250
55800
73800
78210
24390
23670
86670
59130
59130
11160
48690
52920
52560
2430
3330
90180
42480
2430
16470
3060
34560
5850
61740
74610
8190
3510
62370
12960
37530
40680
88920
82350
2430
56610
57330
8820
19440
71460
78930
11070
54900
84690
48240
72450
67050
89010
83430
16020
79380
72540
540
35100
6750
630
53280
30960
72270
83340
89010
270
14130
86130
29790
79470
6030
47880
69750
33750
2700
14220
19440
20700
7020
97920
14130
81630
94590
53100
53370
99630
10530
12510
95040
96840
20880
72450
9090
10620
86220
46080
62730
75690
39870
43200
50850
94770
99450
52650
39510
93240
45900
3780
30150
90900
15750
32040
72540
19260
47970
92880
71460
72810
98460
28800
40680
56700
53190
71190
88200
29880
24480
67950
17640
13860
37350
5220
5400
43920
79740
68940
71910
28800
35280
50850
76590
86760
21870
29520
29880
89640
99810
69930
78030
24480
61920
61200
12060
53010
58680
12780
9900
1440
49590
15660
96480
92520
34110
34830
64440
54900
96840
36900
60840
78030
18540
18630
7830
75600
46710
35460
34380
30600
1260
19800
37800
54450
92790
50400
12060
92520
90090
31590
7920
36630
18000
52200
94680
6390
69030
39510
10080
79830
35730
10350
80280
10440
11790
50490
30240
11700
8640
30870
71550
80460
70740
9990
56790
9540
25200
72810
43650
24300
5130
450
6660
33570
11430
63450
43470
5670
2250
68850
1980
18720
52200
41220
55710
91890
76500
22950
33390
93510
14220
77220
79740
540
15120
31770
67230
7290
41130
62100
53730
8280
47340
60300
79110
69660
6120
15660
47430
5670
46170
77310
30780
900
71190
10800
19170
42930
37350
80640
25920
96030
54990
98100
98010
27540
33390
45000
26550
6390
38610
90090
8640
7020
65790
87570
66780
47970
14310
86490
90270
9630
48960
20700
27000
10710
83790
37440
26280
25110
37710
42210
14760
49950
48330
99900
27720
2790
87390
22320
62550
25560
51120
18090
87120
86760
36630
8640
90720
15840
1170
12060
7740
12960
39420
99180
58950
33750
57870
18540
97380
31590
70380
59130
89730
56610
58140
37710
11340
14580
74520
71100
92070
21960
78120
2970
15570
35460
990
44730
91170
22680
2880
2970
71280
32670
65880
3240
95400
73440
20610
84510
18810
92250
14760
2340
54270
65790
13680
85680
88920
12780
27270
55800
93060
12600
33570
29610
51030
46890
42210
95940
12420
52650
15480
5040
93870
91980
98820
76500
59490
89280
21600
63000
53280
62640
95670
68760
21510
3870
1890
59760
89010
15120
8550
56880
42840
44730
53100
10260
63090
18180
40860
92880
30330
64080
37620
66960
12420
76590
97920
91080
14670
96480
59310
1980
46260
28260
21600
30870
32940
89370
36270
74340
73260
8370
47340
98910
82350
33930
18630
97740
97380
74340
83340
49320
13500
16470
73440
80010
42840
92790
62730
78390
16290
31770
31230
61290
3870
9720
42480
26460
72900
51210
80730
34470
19530
50940
55620
6300
99630
33840
75240
10530
92070
40230
74070
23760
48060
73260
9810
45810
90630
69480
28530
51480
67770
35370
34470
52920
87660
8640
11880
73620
90630
3870
40500
85590
24570
75690
66420
4230
24570
22410
83970
13050
37080
48330
2970
29250
78480
27540
91080
13860
88470
70830
82440
75330
18900
26730
18450
96930
24300
99900
28170
11070
96480
36900
87030
89010
98820
22320
55260
40410
4140
75960
49410
42300
14490
3240
77580
48150
93870
31860
64980
68490
30780
75870
10890
99180
39690
98640
9900
48060
83070
33480
360
71010
9810
67320
11700
4320
43920
7560
35460
61740
24120
34740
48870
18540
23490
99900
62640
45270
27360
7110
48690
19980
10800
5310
270
76320
81810
73080
82890
10530
63630
13050
33840
39870
96840
54810
97470
35550
41580
72270
78750
97560
70020
51300
84060
5760
15210
13050
56250
19440
93960
43830
63180
6390
27090
66060
17820
89280
70740
61020
4770
24480
98910
5310
29430
39780
61830
87840
35280
44460
68220
72540
41760
20790
60750
22500
21510
60840
12150
99090
59580
31860
63990
87750
91530
54450
24660
47250
89730
55260
14850
11970
70650
13050
8010
55440
83520
66780
65610
67410
24300
89550
77670
40950
68040
90810
42570
70920
21330
65610
84960
15120
34740
46980
50130
83610
81180
33660
90810
180
34020
43290
19800
86310
3870
1620
17190
65970
97920
54720
99450
67230
35460
51390
72540
15840
9090
91530
64170
40950
80280
55530
36180
52650
81360
18090
75870
85770
30240
38340
97470
57510
50670
65250
55350
93060
9090
55440
35100
30150
93690
70200
34290
34740
52380
90990
98190
90900
35910
19980
88020
26460
62460
14580
94410
76230
24480
97740
55260
44190
32220
2430
38970
75960
69930
90000
14850
44010
87930
92160
20160
78480
12240
74700
10440
27990
54000
26640
82170
70470
46890
78570
87480
26190
49680
12600
31500
11520
54630
4050
37440
79380
57150
87930
53730
11160
99810
88020
79920
27810
15480
31140
9360
11520
59040
78120
55440
55620
74880
91620
64530
70920
17190
87030
4770
83970
50310
14130
52290
98280
49590
70920
28710
4500
1800
24030
59490
93240
23040
19710
35280
31770
36090
14580
23670
90180
35280
58950
46170
56790
21330
61200
57870
57690
73170
31860
49140
48870
46170
61020
45720
90090
95580
93150
54360
24840
32040
6750
90
61740
67950
74700
88020
35280
67050
55530
28080
69030
18720
63000
15480
64260
80280
43200
23670
96660
13680
9900
68490
93330
18270
99090
3330
56610
6030
89910
91980
92070
11430
35550
72990
91260
23940
60570
48060
65520
89370
1890
2430
32130
73620
99450
20610
28710
17100
1890
90540
4770
88740
80370
90270
21870
83880
99090
44910
34470
61830
97650
65880
60030
30060
72090
62910
59040
50760
62190
86310
48870
42480
50400
52380
19350
60030
16650
88290
38790
13680
62730
50130
17820
14940
94410
95850
56970
34560
10350
17460
17010
38970
4770
82080
35460
66420
81450
62280
41850
360
96930
79380
98820
4140
64890
31320
44280
49050
88380
25470
89010
31590
79200
66060
15390
20160
52470
39330
80820
63720
27540
88920
75330
90450
37350
89010
54720
92250
84960
94860
12780
26550
24660
45810
54900
51030
7470
40410
25470
59940
27000
71370
56520
55350
1800
39510
95670
84420
92520
39780
13320
73890
75510
74880
5670
16650
25560
23040
16110
34560
51210
87210
9000
26190
54720
12330
5490
10260
98280
72900
93240
48960
9450
71010
57690
61020
89910
30150
8370
77670
56070
96750
22230
69030
73710
360
44640
54720
81900
58140
78480
18000
39510
73170
30870
47520
78390
35730
57870
22590
25830
78210
86130
16650
84060
77220
20790
98730
12690
46800
7830
33300
28440
60390
82980
68580
62460
82980
10710
12330
35370
72090
83790
16110
74610
56070
52290
48780
25110
32040
54450
2610
81990
15840
55530
95940
70830
72720
21330
93600
48060
89010
47070
81000
95940
23670
82800
69750
85680
7290
33210
78210
16290
22950
63810
87210
31050
4860
78480
27090
32490
85410
84780
48780
2160
14670
98010
61740
27630
10170
57870
92610
55710
90720
22500
38610
70920
8280
68850
4590
91440
93600
36270
47340
9180
89820
90810
60030
89550
990
31320
2160
85860
54180
74160
35190
93600
75510
61110
30330
63540
78030
47880
71640
2070
32850
60570
77310
10170
12690
8640
57600
60390
35550
92520
71820
44550
66780
59670
12240
86130
64350
55800
54540
97560
3150
47700
3330
82080
45180
57330
61380
50670
29520
80100
38520
39510
11700
64890
62370
32220
47250
40590
93150
42750
98640
23580
49230
48870
93510
24750
78120
39600
24480
3960
62370
76770
9900
27990
27540
28530
96930
14940
41130
13950
74970
82710
74250
32490
2340
67050
26550
68040
22680
66240
32400
29160
55800
15480
45720
30690
2340
89370
61470
33660
46260
59670
56790
26280
11790
1350
29700
29970
51210
80820
35640
44010
19260
2970
69030
77940
21510
29430
24300
75150
72630
95850
97110
84960
7020
78750
86490
14400
29250
57600
40680
41670
80190
94680
69930
87210
40860
13500
36810
54360
79830
63000
89910
6390
49500
29790
90360
56610
32760
82080
98640
72000
92430
85770
94050
4230
12330
43920
47340
6660
67230
3510
63360
73620
42750
37800
54990
74430
96120
73170
19080
79290
45720
45180
49590
26730
20520
96390
60660
55170
5400
41670
71460
55800
51210
3870
20520
82530
94320
97560
32220
38340
26910
17910
7560
47970
27540
83880
22230
66600
72000
89820
71280
51210
1620
1800
79380
8010
54990
52920
64980
38250
72360
5130
51750
75330
96480
4140
81540
78030
91530
83340
66780
36090
78840
98640
35910
11340
61290
88560
12960
48690
15210
47970
40050
9720
11790
990
5670
57420
16650
16830
81000
94680
14940
93150
53370
36090
27450
66150
44820
78660
60750
41580
97470
95130
51030
30330
10890
44010
82260
55530
47160
87480
69840
65160
62730
8910
55350
98910
46440
27720
20700
35640
26010
22320
73980
85320
23130
77850
28890
75780
17010
12150
66510
90630
84600
67320
36900
32850
79650
31590
92250
23040
41940
88830
79650
23040
76500
88470
15210
20070
12510
18270
78210
1080
58230
68670
84060
59490
14220
53460
94410
98010
37440
9630
39600
41760
3510
43650
21510
60750
28080
48600
60030
91890
53640
77760
34920
46800
49410
79020
86850
73080
98370
48060
44550
26190
19980
42120
21510
14310
69030
96480
58680
89910
57780
17190
53460
4680
48960
24570
54000
67860
17460
27270
92340
54270
75510
99720
79650
23310
96300
8910
81990
51210
33660
98550
22320
99270
21870
59670
87840
96750
22500
71640
73350
99000
90
5130
47880
88290
38700
54270
76320
96210
62370
97380
60750
83250
99450
69480
89190
8730
98100
70650
27000
14310
98190
32760
31050
66690
94140
99180
66060
99270
18990
59580
41310
79830
94860
83340
10980
76680
88200
1890
27090
47790
28890
7110
64620
28170
2970
92250
18720
77310
97380
71730
2970
57060
79290
70020
43560
64440
72360
25200
39960
60840
32040
39060
60660
25020
5400
7020
85230
74070
89730
31860
52020
70110
18090
56880
41220
8640
58860
52560
86670
5850
66960
68760
31410
33030
95760
32850
91980
66330
92250
70020
58770
12240
17820
3960
33660
61830
62370
11520
47970
32040
82710
46350
73170
45270
22590
67950
20430
27720
0
0
53190
9810
31770
87390
75600
42480
58320
2160
59940
16290
46260
360
92430
56250
270
77490
540
2520
41310
95400
72720
37530
86850
90000
71730
95580
89460
93510
73170
39510
25020
17550
85410
24840
80820
88290
29520
13950
57060
81630
29430
39960
36990
65700
21240
10440
38790
89010
66870
76680
16290
72090
84330
46800
97740
8910
63900
24300
46800
95760
47880
26100
82800
73350
87840
40140
7380
25290
31230
46800
58860
32940
94500
59580
50130
92160
63900
17370
23670
97830
16110
32130
12240
98460
26100
71010
92430
55350
6480
43110
19710
61470
94950
57150
37440
51480
1800
88920
24930
35010
4320
19260
13410
47430
51660
58410
19980
35730
86220
10710
50580
13050
29970
59940
62370
67860
75330
2970
13410
78390
49590
62640
25110
50670
91620
63630
18990
31230
57780
89280
99810
47070
61920
24210
9990
37980
56790
43920
5310
72540
34110
43650
18180
74520
91710
44550
69120
56520
67590
54720
48780
43290
81630
53910
39780
56790
77760
57600
79290
1710
72270
50760
52290
92250
76770
50400
45000
10890
64440
14490
89730
57330
81360
61560
22590
6120
81900
18900
86670
65970
70650
55350
21420
38790
54090
65070
89100
59130
98010
9000
33660
53460
95670
6480
99720
58950
14310
51390
25830
57510
10170
77040
49140
8730
16560
31230
38250
72810
59310
71640
10440
83250
35100
84240
95130
79560
97020
59490
92250
29430
47880
13500
30150
47970
9630
37170
450
79920
92340
69300
7920
74070
97740
77040
74970
76230
67680
90
46080
91890
77310
90450
99360
0
64440
97470
34560
180
3870
15210
76050
36720
51480
85590
69480
70380
58680
69120
24570
47700
35100
39600
18990
54270
73800
17910
81450
25110
42120
21780
20970
88110
22410
72360
97650
91440
63180
73260
43470
57060
32670
7020
88650
12420
95670
62010
15390
77130
51030
52830
29070
69660
75960
97740
15120
99090
1170
46980
3510
87030
37080
39510
82800
87930
22950
45450
16920
10530
89820
99990
92790
18270
16740
48330
85590
41310
87030
52020
900
41310
58500
29520
51030
70110
57510
50040
82350
28170
85140
6750
64260
78840
16920
48420
11520
61470
61200
27090
15930
25740
12600
94050
99990
6660
85050
16650
77310
63360
71010
23310
28890
77670
27270
22590
31320
10170
86670
4140
20880
18720
60210
66690
73710
47070
32130
10620
44010
36990
18270
64080
26730
49410
95310
43380
81630
67860
49590
37980
18810
28980
63360
37710
89820
27000
20610
99450
99810
17820
60930
35280
89550
82800
58050
43470
83430
57600
22590
60840
17280
40770
84510
28890
34920
99360
39060
93780
55080
24570
22320
70110
13320
94140
6570
19260
6660
24750
66420
59940
53730
69660
79740
73170
70650
41130
39060
48330
62370
25650
74340
97920
42390
11700
10170
86760
91710
24210
49320
60210
81180
14220
1170
70740
79020
20340
12870
21510
48150
46440
97650
71460
65880
46440
77040
88470
68850
51210
18630
88740
26460
19170
3060
1170
85680
97200
73170
85410
20070
21870
36270
88290
80190
7470
94860
67410
32130
18000
86490
43650
72000
99360
31770
30240
19800
70650
53910
20160
26460
35190
74160
27720
79200
67860
69570
30960
98460
77220
30960
52470
85590
2070
28440
31950
74610
49050
68580
96660
15660
86580
64890
23220
88740
65610
91080
59940
38070
31590
35910
99360
43920
26460
67050
91350
54990
57150
95760
12600
9450
70200
23310
44640
23220
62640
88020
76140
72360
3690
66510
34020
34110
85680
44910
10440
25920
57600
93780
3420
88110
1080
26820
26730
36990
32580
13680
96210
80190
18900
44910
44910
43110
10800
9000
94410
70470
18360
94680
94050
63630
93870
810
70560
59310
92430
12150
17370
36810
90810
32670
54180
2070
5670
51120
35460
14220
14670
26190
41400
88110
73710
3690
180
6480
81810
33210
94590
3150
270
64710
1350
49860
22050
68850
76770
33840
33930
80280
2610
39960
84150
53190
60210
55710
71640
49500
75240
53820
33660
39780
69930
68220
36990
61380
32130
68850
2070
84060
26190
44640
59940
99990
28080
9630
72810
44100
34020
87660
34110
38160
16650
90270
61200
69390
89010
7110
44100
21600
77400
65880
1440
88470
9270
20880
62550
27090
26550
86310
45630
22770
27090
81360
22230
86130
46980
58500
64620
66330
32670
83970
47700
15300
22320
53730
13320
72180
15390
26550
19890
71100
41580
53730
16200
60390
37980
86220
41580
99900
2700
4950
72360
75510
2430
56070
67860
99900
90540
41400
57150
66780
97560
24750
69390
19530
32040
21960
88920
89460
21780
2160
11520
39420
49410
83970
14220
55620
60660
93240
28620
52470
18360
38250
9630
86760
80820
98820
15030
72990
46350
8280
78660
64080
37170
45090
17820
3510
630
80190
40770
76680
76860
6120
55350
61740
43110
60120
63000
74430
47430
73800
14040
87390
31770
43650
17730
21150
72180
32490
72360
39510
70200
73800
33840
84600
50130
12240
50580
70020
96570
61200
30960
74880
59220
31770
1800
61380
95040
56610
96570
72720
96660
14040
11610
64530
65070
80280
900
1890
62100
64800
36090
91080
93510
96660
89190
14490
70200
66690
82710
11070
65610
34110
1800
4320
32670
91980
990
54720
86490
72360
27810
42570
93330
26010
85950
6570
17100
18630
65160
83160
360
24930
94590
9540
35280
69480
12690
44910
69390
58050
78930
38160
50220
73890
81720
44820
990
74880
52920
70560
21960
26910
72270
55440
8370
76860
37710
12330
48150
1890
89820
48600
32130
270
84600
48510
50040
36360
32670
59760
34920
45630
61650
82710
14670
38790
42480
55710
9090
90630
75330
90990
57150
54630
80910
23940
2520
36450
96660
75600
2430
97920
85320
46440
70470
84240
87480
44010
66960
9360
55530
23850
76320
37530
16650
77400
70560
8460
60480
86490
73440
37530
86130
78300
24030
21420
64710
64890
71460
73260
42570
42840
54180
24570
10620
92880
22230
35460
11070
11070
41310
60210
52290
55800
31500
46710
29250
7110
13950
51570
47700
12600
22860
11790
22050
51840
31770
86940
41850
30690
43830
29970
33660
26100
14400
9270
81540
40680
88830
58680
16920
54270
41310
55170
55620
8730
31320
13050
14040
99450
17820
56340
67680
26280
10530
16740
76050
57780
86940
33300
94140
54270
18270
31500
52290
36540
60210
34830
62640
14940
71910
91170
56970
81360
83970
96030
8100
43380
69840
36810
96570
70380
9720
74700
68490
72900
7020
25470
9450
48240
53190
58950
81270
7650
6120
58860
93600
60660
97560
42660
71370
53730
80280
9720
14580
1260
79200
7740
70470
42210
39330
62640
54180
11880
93330
13770
86670
47700
3960
10350
7020
14580
3690
75060
79740
87030
18090
15570
28080
86040
32220
44370
41130
32220
42210
22860
65070
34290
13950
81090
62100
36720
26730
53190
13050
43560
43740
82890
8010
39780
1710
40680
86760
81720
61920
73350
69660
12600
990
21690
82980
7650
32580
19980
82080
25740
31410
44910
72720
72000
62190
12510
27540
12420
49860
1890
91800
61470
38970
22950
89730
21960
11610
65520
51480
61650
13590
32130
43020
4230
55530
41490
21240
71730
77310
31680
54360
68130
71280
70470
65880
11160
72900
7200
79560
65520
32400
69570
58320
70380
68130
63090
25470
54090
69750
22590
11250
73980
3510
71280
10800
81270
91530
5670
69120
92250
54810
6390
64620
90
37710
75240
86130
55980
83790
19170
72360
99450
18450
29700
90000
98550
37620
96210
69480
62730
2880
70650
93240
52650
60570
9360
50400
16470
81000
26280
70200
23130
96840
29610
37710
97920
49410
80640
4050
69390
59400
46620
62370
47250
16470
83070
68670
97470
17280
34740
30690
52290
18540
73980
83520
4500
42840
42840
19170
31770
49590
49410
73260
35370
62010
76410
52650
36540
20070
83070
24660
89910
88830
43290
91080
48150
3420
61200
21060
79470
42840
83610
91350
92520
41940
95400
59220
34560
81630
54180
8550
10080
57600
43740
4050
90180
72000
47610
44190
84150
27270
93420
97740
57780
72450
11160
90360
75690
24840
79920
76770
49860
66240
25830
62370
29880
78840
24660
96930
43110
72090
77580
38610
59850
42660
51300
36180
33570
80820
25560
32850
14760
72630
95310
61380
18090
8910
21240
32670
66600
85230
77040
14760
25470
81270
83970
67950
99630
69120
40410
84420
92700
87390
2610
82800
93960
33930
72630
46170
99810
6660
43380
62100
46440
64890
49860
84960
34560
80280
56880
70290
33210
21960
82440
63450
52470
33300
90720
55620
35550
16560
8010
14130
14490
20250
87660
72270
49050
38340
90000
38340
18720
26280
50760
23220
6930
79200
23760
11700
42660
54360
18900
64620
71820
11340
13140
54000
26370
9360
44100
270
33750
36990
49140
76500
62640
33840
96480
10260
50490
39510
28800
26370
37890
38700
38880
49410
94500
58590
40140
19890
36540
85050
55260
99720
72990
44820
6480
30150
67950
25290
18360
57600
31050
9180
75870
81180
6480
55800
85680
23130
41220
86850
89370
30690
15660
87570
24930
17640
73350
51030
63810
5130
91620
82440
27450
44640
29610
810
56610
56790
30690
25110
47790
38070
92070
43740
12510
63630
90990
32850
41310
55350
90630
49590
17550
630
15750
31500
82800
47070
47520
16020
53010
30690
74790
48420
52020
36810
84690
41490
3600
96030
11610
62460
50670
43380
36900
78300
16830
99900
79110
28980
11970
72540
48150
49680
9540
0
59310
78120
36270
1620
90630
8820
61470
29880
1260
1440
56430
82530
33300
19620
76680
69570
59400
46080
62100
27270
90
58320
68940
52560
15120
22410
13230
52290
20250
48330
71280
71100
45450
77220
51210
38880
32220
8820
87840
28080
62370
88110
62370
8370
93780
9720
37350
70110
92340
84960
18270
7290
72000
54270
96480
88380
28890
13770
22950
68040
78930
71820
73350
28260
14760
92430
38430
22860
82530
9720
72540
63090
67140
90
12420
53730
98820
97020
99630
33660
95490
78840
17370
50400
810
4050
75690
86850
27270
96930
5040
89370
18630
38070
77760
45990
4680
7920
55350
37800
96300
48420
73890
18180
89460
32040
99630
43380
50760
69210
33120
59760
45630
35640
10350
72180
48960
57780
90360
90630
30600
86220
14670
43740
82620
83340
10530
35640
92520
61830
92160
78750
75060
5400
23130
79380
28980
11970
96300
7110
56700
7650
70380
33300
56160
30420
46530
54090
73710
62640
78300
96750
51570
78930
19620
2610
29070
9630
7560
55170
38250
8640
65430
59130
72720
25380
18360
49500
20430
18000
5490
21690
16740
28800
33390
81540
8280
9720
51480
57150
53640
23400
77580
33030
47340
83970
46530
75960
92250
80370
87480
7020
99450
3060
5580
70470
90720
48870
22320
54090
79290
91620
2790
17460
17640
1350
68130
16290
98370
15660
50220
7020
60570
34740
82980
72450
67320
31410
74970
39510
36900
75600
51480
62370
77400
69570
84150
90
68400
53640
62910
37350
25200
36630
41580
20340
5760
61110
92970
17460
80460
38070
43110
96570
99270
56880
67410
9630
92070
39240
66060
70740
24750
64260
74610
51300
70560
72270
49680
42570
76140
84420
52740
16740
8100
60930
20610
84780
56880
1440
900
40950
72360
27720
99630
10710
91440
91800
83340
94230
5850
84420
76590
39960
32760
90180
8010
37710
70740
12960
25200
6480
67770
29520
81540
45360
32580
58230
38070
78570
40500
42570
43560
79650
28800
63900
23040
17100
21150
20070
77580
76500
90000
34200
72810
58860
10710
3330
83520
41850
77040
78030
84240
10170
13590
55800
36000
18540
53370
8370
78210
59220
88380
43290
37980
16110
43830
30600
2970
41490
91620
40140
57870
24840
73350
7290
67050
31770
180
83970
41040
67950
99000
64530
2340
37710
20970
72810
67860
45900
55440
95310
56160
26730
42930
10440
19620
29970
39600
7200
62550
77220
39870
36720
67050
23580
24750
93330
86940
270
51480
26550
81990
84600
71460
88470
48150
75780
75060
78030
61020
40860
96390
64800
84780
29340
30780
58680
20250
91980
33930
33750
65250
55530
57960
16650
71640
67950
11250
34290
88920
43290
70380
52920
83790
69660
19260
720
25740
64170
3780
97020
18900
37440
54450
89280
2970
68310
81810
87570
23130
44010
21690
31680
50310
1620
38070
5850
18090
70470
54090
85230
19980
81000
540
31590
98550
31680
39240
35910
78480
70740
5310
92790
48510
24300
55260
77040
21690
27720
57060
16110
69570
21600
88110
57330
5760
1620
67680
2160
54540
92790
93600
1260
97020
32940
29250
14220
2430
61830
93150
52740
46620
71370
88380
76230
89460
53190
29700
56340
55080
3510
99450
46170
54990
64260
68580
51660
82890
9270
76590
95670
96750
68490
19440
76140
95760
28620
9720
1620
94950
47520
40590
3780
69300
3420
89820
20610
23220
8640
17280
98460
17100
85590
84330
18270
22680
15660
71820
87570
49680
88380
23310
20340
10800
74610
10170
76680
35100
60300
66780
15660
95130
80190
33210
11430
94050
37620
85410
69030
31950
2430
16110
94680
66870
41130
1980
80010
84150
11700
70830
45450
96210
63990
77040
62100
61470
52380
13680