210 299
59670
21240
24030
13230
7020
86310
29970
19800
81360
89010
7650
2970
35460
50670
13140
63450
15750
59940
6210
6930
70200
14850
8640
89550
61650
95400
17370
9090
65160
92610
49860
57240
28440
21060
83070
10080
81900
11250
93870
85140
0
90990
64080
76590
720
37260
10620
15120
10620
51030
36720
79470
23940
18360
34560
44100
24930
17100
38700
83430
42120
48060
63990
49320
78750
71010
27000
11070
84420
92880
74070
64890
82620
67950
18180
50220
6480
77850
61020
46530
70200
13230
11160
81090
9540
66060
59760
64260
81270
56970
81450
79740
8910
26010
73170
36360
90450
9810
45180
900
7020
31860
24120
78930
73170
53190
4050
65700
42480
71460
54000
61470
95400
30510
20880
5580
11610
64890
64620
30060
10800
16020
98370
66330
24840
60300
60660
11520
81720
98100
83070
53280
48870
10350
76050
16110
91530
95760
90090
61470
21420
85500
54720
72180
78480
67950
19440
90090
74700
4860
47520
41580
58320
60930
26010
58050
8460
81540
29790
92880
91710
83070
47070
81360
26910
76500
76320
94680
77220
58230
2070
15480
88020
42840
79830
67230
32400
81450
66870
53280
29610
15930
93060
45090
28170
96030
16830
5850
74520
57420
47700
61020
65340
68040
96660
67410
31320
27090
7650
35730
79200
93060
36540
54810
58500
67590
18270
16290
7650
66870
15300
40140
82710
73890
30060
22230
38340
6300
65070
19530
81720
67050
76680
630
37440
21150
18990
40320
64620
73350
360
78030
28260
93510
63900
92700
59220
88110
32490
99630
98910
4140
12330
29520
73620
19710
15660
60570
43470
4230
83250
87750
36000
62370
7560
52920
55710
41400
27360
32580
13140
2790
70020
21240
48600
71100
18270
5220
10080
35640
20160
40320
13410
41850
32400
60030
95130
71730
53190
84510
24750
24480
43740
20880
66960
8910
54810
95940
60930
45540
86310
47880
38070
44370
74880
8190
15660
15300
5760