998 9618
11520
84510
60930
74160
53100
52560
82710
12600
62280
10800
36810
42930
16200
45810
39600
84060
25290
90270
59850
64080
82260
77850
30060
19440
1710
68400
95580
71190
96480
75780
54360
79290
18360
67230
65340
11970
64350
71280
37980
37440
53010
23040
13860
77580
64440
44280
57510
71910
93690
97200
49140
85320
53730
30510
84510
94410
92160
94140
16740
45900
21240
78300
27090
43560
92340
54270
1350
65880
1890
53910
85950
3870
84960
24660
86400
64170
78840
17550
57780
85590
16470
43200
61020
95130
34920
61290
72900
62820
65970
86040
83070
91800
5490
55170
96030
81990
36090
45720
89730
97020
54810
540
79290
9270
98460
89460
33390
86580
44820
40500
4230
32400
60840
23310
44280
23850
94410
95670
6480
62010
59220
5670
9180
70470
28080
26550
59220
13590
13590
64800
23220
46620
86670
24210
4230
94770
32580
47520
70020
45000
8550
77940
94590
48780
81090
12060
87300
80640
82890
18810
93060
43920
51750
50760
24210
50040
13320
62550
48330
92610
18270
810
58860
98370
24840
19800
60570
35550
74520
98640
5760
48330
77940
16740
83430
95850
72000
97740
40410
30420
43290
66600
97020
15480
35280
42840
80370
54450
9270
22050
33660
94590
89190
46440
54270
46800
33390
7560
3870
28890
50490
82890
55620
60030
9540
30240
91620
13860
12690
37170
38070
38070
87930
95850
54630
88200
65520
20250
8910
8730
98010
45810
22140
12150
24390
80730
3690
14310
60210
23130
73350
70740
85230
77850
42120
68850
54360
11790
48420
66690
11520
51750
19440
4950
70470
90900
46170
89190
69210
11610
33210
42480
76500
60570
62190
37980
5670
25200
97290
77490
30420
96750
31320
53730
49680
77670
98910
13590
55440
31140
88200
21150
27990
73170
79740
84960
95400
49860
48510
66960
54720
43020
35460
22500
91800
29790
7740
99540
92340
81990
20430
31320
28800
93690
52740
70200
23670
86220
32400
11070
81090
23040
39330
47520
71820
91800
71820
60120
2520
25380
39870
44280
23040
16380
26370
58950
64170
52380
76140
74610
21330
14490
35910
79740
82260
16380
76500
21870
4410
1890
12060
75510
60660
41490
61740
40140
38700
81180
65250
3420
2160
68670
37980
25380
29520
30960
78120
48420
65070
82800
45630
43560
71550
31500
23760
70470
45090
53820
73800
13140
81360
76140
29970
41130
13140
75960
77220
16020
21780
66420
85230
9810
47520
77220
95850
2250
81990
28710
21600
70560
20880
81270
74970
72090
63900
82530
15210
88920
47700
34380
21240
47250
61650
67320
30600
10980
63000
13680
99180
83880
76320
39420
18270
83070
6750
2070
63090
97470
28800
10530
75780
71640
24030
95670
56250
83610
73890
39780
38430
78210
59940
47160
26370
32580
43200
23850
36090
16830
97470
14040
78480
53280
93510
630
50130
7110
9180
85230
37620
60300
24300
39600
54360
72720
13230
3150
79290
53820
95040
53280
63810
7470
75780
98550
38340
3150
57510
67230
82260
40860
69390
35550
65610
25650
27810
29340
24930
27450
89100
24750
59040
30330
67410
74430
45180
22320
83700
51030
78030
61560
32490
26100
97110
91080
67230
7650
84960
49500
47610
2880
50580
53370
2340
36810
53190
17730
8550
24300
51750
56970
90270
6570
4410
20160
5400
83970
49230
72450
93960
76230
37080
32310
7200
71910
13590
21240
39150
29520
29430
31590
99090
19350
25470
27000
81180
6210
35730
42030
51300
84780
66060
35100
51930
92610
37620
66870
42480
56520
900
17010
1350
48960
10350
94590
99900
68040
97290
86850
17730
97380
26910
43200
21600
78660
93600
59760
97290
65430
6570
6120
33930
35640
88290
46080
67050
33840
68400
3870
17010
40050
7290
84510
99450
45630
21600
80100
98010
37710
20250
55800
5040
40320
49140
74070
72990
79200
59220
65250
9720
98640
85950
98280
80100
44730
75960
98100
39240
84600
33840
3510
37890
42390
10890
95850
14760
80910
85590
29970
43020
22590
61650
17820
87570
38700
76950
24480
68760
49770
14040
40680
88470
79470
46080
56340
43740
63630
81810
12960
52650
42300
82530
41220
22230
23400
48150
33480
3060
60660
39150
50040
45630
81900
73620
23760
39600
36090
23220
46080
47880
74160
43470
66420
34290
10530
72090
9900
48600
66060
27630
68130
22500
66780
41580
46260
9810
94590
57690
62820
94680
2340
86310
1710
93510
5310
27900
76950
49140
58950
30420
41580
35550
81720
27180
81990
92250
44460
12510
98190
98280
56430
89820
93870
7200
30420
82890
84600
180
50850
19080
98280
5490
33120
84600
41850
11430
85860
36540
48420
31590
99180
12690
61110
83160
30960
8190
71550
57150
16110
31230
20970
45360
16290
71550
31950
45000
62460
60210
6210
11610
20430
37080
65070
8190
23580
21420
16740
34020
26100
61740
26190
94050
74700
30420
12420
97920
45630
3870
59040
1980
84240
30330
86670
2880
71730
9270
84690
76500
13860
85050
13410
35460
26280
83340
25650
25020
13410
61110
86400
46440
58230
90
94140
41940
49770
12600
71280
9180
6120
9900
4500
990
93060
79470
540
67050
38880
31680
46800
45630
28440
19710
85320
99900
45630
630
20160
12870
83430
93780
180
9720
85320
56700
46890
19620
73080
77940
56340
33120
2970
18990
87300
75870
43830
62640
71550
14310
6570
72360
94230
72540
78390
21150
95130
75510
37350
6210
57060
56610
1890
41940
48510
27990
19890
45990
36450
17910
36360
96660
53730
5220
76770
69030
88920
28980
2250
24210
58770
73080
1620
99540
4590
810
38070
30420
67860
22680
51840
81990
93420
82170
95670
45990
81630
69750
41310
91440
7920
40680
180
14310
54180
72720
61110
13230
86220
1170
35640
20970
84780
57510
45180
44730
75600
35100
83070
99810
48510
55890
56430
72270
24390
66240
92520
2250
46710
2160
64530
76230
93060
7200
34740
92700
35640
10260
75870
21240
13230
71550
55710
32670
37170
39510
44910
60750
46620
57330
17910
90990
35190
48420
83250
46260
1260
69570
65070
89550
98280
68940
26820
13860
66870
75420
9990
91800
77400
64530
720
49320
61290
42480
27540
12420
40770
39330
98460
51930
86400
87300
93510
5040
30240
1350
39870
43020
56160
24930
12060
91440
25740
8280
85500
96570
17820
76680
94680
53640
87930
58410
70200
9990
42300
68220
62190
77580
94680
90270
44460
59400
99180
68310
83790
8460
48780
67590
91620
67950
19890
30510
48690
51390
60120
15030
55710
10710
87300
63270
74250
31410
32490
6300
4320
27810
35460
90450
75960
62190
96750
34560
77130
96390
28530
33570
36270
95850
73530
93870
22500
17190
90630
49590
1620
97740
78120
1620
62820
84150
47610
12870
90
27990
7290
22590
45810
94230
59220
92430
41670
67500
70290
69030
69480
65520
61740
57330
40860
3600
36090
87120
1260
7020
96570
75600
14040
71190
21960
60750
31320
35730
89010
45720
11250
7740
16020
47790
5220
26550
80640
30870
82080
43380
34740
40410
99720
20250
27810
4140
48420
82170
78300
57690
16020
18720
87120
95490
76500
26640
49410
72720
60030
30150
6300
23850
21510
81540
16740
83250
4770
98280
54090
90270
94950
80550
29160
78210
47880
8730
25110
60840
32040
28080
61290
90990
73620
38970
99180
44640
1980
57330
90720
5580
73440
90720
16830
8370
94320
24030
23760
39780
93600
19440
34020
76950
24660
77850
61830
68850
92520
81090
63720
17550
97920
75150
80190
99450
48240
61830
58680
80190
81000
99270
38430
80640
65880
62550
61020
11790
54720
44010
20250
87210
53100
41040
57960
14940
23310
6030
99900
27000
31500
85950
20250
99090
26190
22680
81630
25380
87750
75150
63990
9450
91170
14670
56520
59670
57150
45000
73710
27810
11430
58140
35010
36270
48690
46440
11340
27270
73530
70650
54450
26460
12870
48600
5850
36630
10440
61290
6840
24390
36000
63990
44370
46890
33030
22680
14940
34740
87480
66960
57420
35460
99540
30060
26640
30600
22950
44460
50580
540
44550
97020
58500
59670
83880
79470
39780
32580
80100
39780
28620
67770
14040
52560
73620
30510
6030
53190
70020
38340
60030
74070
3330
32040
93240
61020
97560
1620
51030
48150
14310
50220
16290
95850
11430
5040
45270
86220
53550
36720
81990
2970
84330
90810
30240
67860
86760
1350
50580
64800
57330
13770
13320
63540
92790
30240
630
25200
19980
69930
17370
91350
97380
47880
61470
90360
48510
56250
54630
20880
69840
40500
12780
33750
35910
74970
28440
15930
88650
43650
16110
3330
41130
18900
70110
70020
39060
52380
83340
40950
85860
4050
69750
22050
31410
34290
84960
84240
87210
26640
24930
4860
94050
66330
1890
51120
13680
47070
16470
79110
180
78840
50130
42210
87480
35910
28530
23310
27270
95130
47610
37980
9720
16650
68310
81720
88290
29520
92070
42390
96390
87390
86400
80190
89730
21240
48960
36900
23040
92160
37440
63900
18450
89010
33300
5580
52290
9630
78930
36270
60300
53730
6480
24480
67770
81900
5220
79740
25650
27000
98910
7650
80820
49770
24930
97560
40770
71010
17820
53910
70920
79380
86580
83700
34650
78120
29610
82800
22050
29160
91530
73440
35820
66510
49140
96300
22500
90900
69750
73980
81000
75060
55620
40680
25830
99450
22950
87840
26190
50400
61920
31410
8910
50670
31320
56160
27540
59850
47340
81360
6480
30420
78120
90810
28170
60120
93600
5490
91620
21060
57510
41850
98100
86580
26100
45720
37710
74070
78210
21960
97380
82890
66060
24210
9180
97650
78120
71730
53820
5220
74160
61290
98730
33480
18000
75420
10710
2520
54720
6300
20520
8100
58590
99540
87120
38250
64530
68400
53370
66510
21960
42210
30060
75600
36720
84780
82890
30780
82620
14310
57330
34290
900
40320
43200
8550
64980
57240
5220
32670
71460
97830
57330
39690
9720
71460
56430
47070
15390
85050
45450
84420
72630
76500
34470
82260
29700
97020
3780
28080
54180
90810
21780
92250
97110
98550
4680
11970
51570
67680
270
40050
77130
11610
15480
27090
91620
48150
37350
810
48960
24930
89910
36540
25110
270
59400
89820
81720
33300
11340
55440
53550
50040
82080
49770
64170
26370
57690
35910
67770
14490
96660
92610
5400
28980
92070
13680
29790
7110
58860
79650
19530
52920
61200
8100
63630
57600
26910
66240
45360
88650
76770
98460
81270
89820
12870
14130
43200
22140
95310
33120
45450
60570
8370
68670
62370
41040
82170
2430
64890
76140
14580
44640
35640
72000
47790
70650
56160
97020
18180
87030
77490
45360
56970
24390
99540
45360
99180
99810
93960
19350
11340
81360
42480
12870
21150
43110
89100
180
53640
14670
10350
35370
25200
11070
89010
73260
25830
79020
84960
99720
23130
70920
72180
10800
15300
89460
7200
52920
57690
41490
34470
93960
93600
59670
4050
630
88920
96120
33210
66960
98640
17640
25110
30780
3510
99720
86940
49860
60480
76950
48060
98550
39330
20970
96030
29250
3150
54990
37800
9540
70110
90540
20970
43470
53370
90990
36000
16380
71370
30960
630
41850
63990
96660
12600
82800
77490
45630
53730
11700
59310
39150
11880
74250
61200
45180
48960
33030
37890
12420
1080
39330
85950
85140
89190
44280
75420
74520
80010
54900
13320
86850
27450
74790
93690
36630
99630
78210
95220
2250
49950
27090
63000
97650
1800
7110
37170
36540
900
37260
54630
63810
42210
60750
77940
77760
76950
90900
14760
20430
15030
34650
53640
22860
56160
56880
31230
88200
20430
25020
61920
3420
46440
56700
61560
17910
540
84510
48420
58500
34380
50130
12240
4140
47970
10080
43650
28080
67770
19800
66150
63000
13230
2970
22500
8910
13320
79380
53640
99000
5220
37260
25560
41040
44550
74700
20160
71550
88650
39150
57240
7920
60750
94320
52470
78660
64350
25020
29070
11970
32490
37800
79920
91170
78210
78930
63000
61380
44910
57240
1170
13050
12240
79650
75690
87210
44100
28710
71190
72630
95850
54270
25560
96840
11070
19800
38970
36720
24930
41760
23310
83430
52110
61110
38160
77400
28080
44460
53280
810
63810
21330
20160
47610
46260
70830
10530
26730
35370
12420
66780
34290
46980
76590
18720
12690
2880
66240
52470
42840
38340
69390
55260
69480
94320
24210
55890
85590
10170
34920
22320
57690
76230
1710
5490
360
64800
7920
16830
28620
51570
55980
28170
82080
64980
52920
38700
80010
41130
93870
6570
89100
37980
63810
52830
76680
45360
24660
59040
38070
96750
82440
9360
81810
5760
8190
86760
89910
69570
65790
84690
47970
59940
68670
78840
37800
36000
28260
89820
30510
12690
83160
57510
94140
72090
89730
71910
35100
71100
5220
78930
49500
49140
96390
36720
34290
78570
71010
8730
93150
41940
76140
99990
91620
58050
23400
76230
76680
37350
82260
55170
27900
90720
36720
90900
29340
45270
16470
4860
96660
74880
5760
52470
1440
22680
94590
80010
48600
32400
79200
81000
83610
99900
95130
87210
4680
32850
83790
65340
97290
25290
81630
92880
45540
44010
48150
51660
15210
10440
87210
70020
22860
60660
88110
52470
37800
65250
11700
99000
25470
79560
74610
64440
8730
88380
93870
21510
37620
42480
6210
97020
49500
65790
27900
59760
64980
31050
18180
810
37710
98550
52650
21780
96390
73260
51840
80190
72900
60030
180
14850
15840
16470
96750
35010
95490
70290
59220
360
13050
15210
15210
95310
39150
99270
13410
36090
38070
32850
90630
61830
18720
50940
23490
56790
540
90720
46530
66060
50850
78660
95670
27090
97830
18180
60480
83700
54720
4860
55170
13050
27540
29790
85050
56610
68310
44460
24030
92610
36630
99990
59760
60120
15840
81090
48690
81540
19350
6120
24120
20610
32130
34920
27720
21060
67410
21330
89460
32940
97830
27450
71550
73260
26640
70740
12420
28620
42840
630
21870
30780
90
34020
84960
44370
75420
19890
51120
36900
57240
74790
65070
31860
44820
97830
56250
96030
20430
84780
18180
58860
30600
10890
72720
19350
46620
49410
180
8910
25020
92970
24120
86850
10530
68940
41400
31950
61920
29430
91710
60120
28080
26280
43200
30780
78390
28980
45090
89820
44100
91800
19440
51660
21960
49500
98730
88110
9000
61650
13500
14490
36450
11070
25920
14760
2070
96480
52920
49050
80910
63000
61650
39510
46620
79110
54990
68940
14850
71010
4410
11610
60570
93600
5850
32220
57240
97740
38250
51480
92250
51210
68940
11790
13950
64260
81090
33300
87390
98460
49860
97740
50670
94770
84060
2610
25290
36360
90
6210
32040
15390
67950
93060
17100
33480
38250
33210
37530
48060
61110
69750
50040
34920
69390
24750
85140
85410
72270
88290
95400
86850
42120
17370
2250
22140
16560
43650
12510
4590
64080
62640
79650
9180
75960
57600
28800
65790
97920
51930
0
6930
88830
87570
21150
32940
46710
95220
27360
90990
26730
95670
61740
24030
27000
20970
36720
50310
73800
53460
87030
4500
84420
4050
24930
76320
90000
46800
34470
68040
7560
59670
67590
52920
95400
95670
88380
40410
64980
80640
71100
99810
27180
62550
29340
25020
92340
87300
69840
5580
61470
19890
26820
92880
45990
45180
60750
78300
59580
26190
51840
98910
25740
60030
9990
42030
84330
93510
17820
36630
75060
58590
27450
17820
18450
59850
43110
55800
80550
58230
94410
34920
68310
19350
34200
54720
27450
79830
720
36900
42660
47880
74160
89010
9810
82800
5310
87030
39330
94770
44550
27990
44730
4770
67950
15840
82170
12330
21420
69030
24750
1530
36720
80190
15660
24840
33480
90990
52560
26730
77400
95310
14490
35190
65070
79380
10980
9360
10260
66780
81540
26910
38520
80640
65790
88560
72630
2250
56610
66690
44100
71820
31950
43110
74070
18270
86220
76500
62820
15930
98280
39600
11610
88020
77040
89640
1800
49140
76230
34920
63090
34020
92970
78030
540
91260
45810
90630
98460
37800
24030
75330
44640
44550
28170
69480
35640
74700
64170
15120
75870
66690
60390
14220
13230
67320
34290
66510
68130
2160
58680
30420
86400
12330
31050
58770
44550
61380
8730
79110
23040
71190
36990
94140
57780
48240
44640
54450
1980
46980
90720
68760
13410
16740
51210
28980
54900
56610
98280
40050
3690
11070
58680
84960
70560
47790
31140
38340
83700
21780
49230
57510
4320
47070
65520
50580
31950
50760
54180
32310
53910
11160
33390
31410
52200
6570
51480
13860
88830
25380
2430
14580
47610
88470
79110
11340
97830
93240
59850
84060
50310
46170
43470
19170
48600
25200
99090
82080
21420
42030
57060
29430
19800
88290
64800
86940
59940
81810
11520
4230
85500
68400
38520
83520
33930
26190
85500
7020
45630
60030
34830
3330
73890
53730
44460
22320
70380
67500
85860
1890
37350
84600
35550
21600
72900
76320
54630
23670
89100
7200
72540
43020
8010
59130
12780
97110
28170
68310
37980
39960
54450
5400
15030
63810
45180
9270
82620
31770
95760
60660
21510
40050
39420
93510
23040
96300
38070
48510
69300
96300
69660
7200
44190
19350
88740
90
8550
87480
8550
86040
80910
1980
63990
720
23310
32580
81360
80280
1890
53190
50940
95940
70830
10800
9900
82080
13500
68850
5760
81270
1260
78120
64260
44010
85230
75510
67860
91080
11610
13950
87660
82260
37800
31140
93240
27180
27270
82620
98370
23580
37710
21060
32940
79920
52380
30510
20880
37620
51840
1890
21780
59490
79200
52470
31410
1800
25470
38520
88470
34560
97920
11610
38160
52200
17460
88560
6570
97290
58500
73170
62460
53010
6480
99990
29250
34560
6660
36540
75420
1080
76770
720
95130
20790
540
76230
32400
79290
94050
34200
6390
5670
27630
19530
52830
58410
47610
92520
86940
36990
3330
24750
95130
13320
77850
88380
57600
48240
7200
34020
12510
32310
32850
71370
1170
38970
62550
33120
88920
50760
28440
3240
4860
78210
72360
70830
50130
77850
81270
25380
11610
30690
17280
81810
10170
13680
36810
69750
89730
94050
7200
39600
23940
37620
88110
5580
74790
12780
77850
10170
22770
75690
60930
86670
16740
99720
3060
9810
63270
17190
30510
48420
38340
93780
36180
50940
43200
21600
45810
5130
88830
64980
39690
40320
51840
22050
18180
4770
91080
46620
87750
57060
360
72990
91980
97110
38790
50310
13770
37350
30330
75510
27540
42750
54720
61920
83340
83430
23220
10080
31590
50490
78750
81540
3420
37980
87930
13500
94770
72720
47070
9810
93420
76050
87120
70380
37980
87840
94590
84600
38700
32760
2070
10080
34380
69300
79110
8460
73260
51030
19980
43740
71730
28260
79920
69840
98010
56970
92700
50310
24570
5040
22410
91350
86760
27810
48060
69120
2160
4860
50580
32400
80190
1980
34560
10890
21780
21420
86580
92610
40320
68760
95760
36540
33120
99360
70470
6390
81810
51210
66510
80550
1800
72990
50220
59760
8550
11250
34740
54630
29430
88830
93690
25470
47250
39510
60120
25470
97470
42120
58950
67050
79380
92340
84870
17820
82890
89820
14400
68580
36090
72090
270
39150
63180
82440
2610
62280
30420
83160
18720
8460
95040
2520
18450
990
6930
80640
43200
9630
56880
33480
39690
41130
33750
99180
89460
98190
8370
21870
15480
36990
89550
19170
5400
17820
58860
61830
31680
94320
1530
15930
23400
84690
53550
74070
79110
38430
78570
26010
69480
78390
66510
32400
28530
37890
53190
95220
78750
43920
1170
49500
93690
5850
36720
30870
27990
12780
96570
1890
91800
13410
39870
29970
95670
23220
26280
64710
97920
37800
98550
74520
64530
17370
38610
80910
19890
1620
77400
59490
43020
29970
62910
16020
23850
1800
55890
82440
81450
71820
3510
77040
6660
97740
14040
30870
8280
27450
90900
88470
35370
41400
39330
47790
99540
72900
96300
15030
44550
41760
45450
23400
12240
17100
90810
93420
28890
57510
15120
30870
45360
12330
11610
69840
41760
96030
66600
5130
79380
71100
63450
86850
47790
74250
61920
96750
41760
94140
92250
17190
45720
71100
46800
58860
36720
36990
62730
50490
72180
83250
68400
21960
3600
95760
68400
63990
70200
57600
32580
44370
54090
59940
18090
30780
42210
87030
89730
33390
30690
31140
37080
75870
97650
25920
87660
13050
11160
57780
75600
13320
92430
53100
17730
54180
36900
26640
63000
58590
81180
23490
18900
28080
50130
56610
1260
45000
62010
84510
66780
3690
24120
19530
8550
2070
98640
56250
92610
5310
13680
33570
90
45810
61650
87570
52830
68940
56250
23130
48690
48870
36990
65700
87840
20610
26730
97920
8910
92160
94230
11610
85500
93870
82080
41310
27090
23670
66780
2610
92790
61020
14850
91710
4860
64620
76590
62640
79560
21960
67950
55260
48330
46980
97380
58500
80280
52740
70380
74520
37260
61830
29880
57510
9270
32490
58230
57960
47070
4680
95400
14940
50850
54720
25560
86580
9540
16830
66780
43650
19080
20520
67410
70110
8640
25200
16740
8370
31680
9270
52110
98820
76140
98280
5490
88380
66960
76050
65790
11790
47340
90810
72450
43830
35370
82710
55350
9000
95580
29610
88470
34110
29250
25740
7110
76590
89730
51570
21420
28080
39330
46890
97290
69840
45900
37890
1260
68220
50670
41490
47250
630
42210
94590
74970
83070
94770
87030
44010
86220
8640
52110
72540
65520
52380
12060
86850
71100
45000
78390
86400
48960
63180
89190
92430
15480
2430
75870
69030
19260
96210
69120
53190
96570
80100
7110
82800
90630
72540
8640
8640
50760
54090
35370
73890
23130
35280
77130
26910
56160
68220
29070
37080
9000
75510
52380
69480
34290
67410
75960
59670
7830
95400
53820
85320
68400
58410
76050
96210
42480
57330
24750
10080
19170
11790
31860
94950
39870
18360
33390
1980
25470
30780
58770
57870
64980
22140
47430
72810
30060
12150
62280
73710
89100
8640
87480
59220
83160
61740
78660
27810
53100
54900
990
81900
39420
7020
88020
57780
1710
94770
11160
61020
19080
96120
64170
87480
47700
79830
22500
98460
52650
61020
68130
80820
74430
93330
81810
91800
92070
2160
85860
93780
52470
40680
17550
52650
54540
23580
89460
14940
54990
81180
31590
24480
56700
42300
49320
25560
22590
32130
99720
8730
99180
62100
83070
85950
77130
44550
80730
90360
63720
57690
14130
70470
91170
94050
26910
80910
99270
38790
45900
14670
63540
41760
66060
60390
5400
30060
4230
79560
27720
92880
7380
94680
63270
88020
34740
60840
56430
53640
270
66510
7470
69840
75060
47160
5040
51210
51480
99270
17460
76950
76320
45360
59580
49680
89640
95850
82170
97470
66870
96660
62190
12240
98910
63900
57870
11610
48960
67860
66240
46890
81000
18360
14670
50760
10620
13320
98190
39960
82620
66960
72270
58590
18090
38880
7110
27360
8460
61920
79110
56430
30870
90270
66330
89820
79560
25830
61740
14760
56250
78120
83520
98100
45540
32490
17910
71640
990
35010
90900
73260
65970
37170
37260
25650
61920
69210
16290
90450
14040
61020
13140
86490
95940
27450
61110
81180
32040
59040
28620
50130
10080
84420
70470
77220
86580
19170
990
23220
67590
35370
17100
79380
56970
71730
75780
36990
15930
83160
49950
28260
6930
96930
12330
80550
65970
75240
48510
49680
49680
88470
35910
77220
14850
88920
70110
18630
1260
40410
16920
98100
16560
23490
92610
65790
70830
93330
16020
84600
32130
39150
69120
44910
45180
14130
2430
69300
33930
17640
78390
50850
41400
12330
74340
36180
42750
6390
68490
31950
90540
46620
77760
90000
46170
67860
43920
25650
450
81450
85770
75780
43020
1260
71190
9810
36000
80100
78120
72450
60480
88920
54180
81000
61740
49680
13680
69660
68220
53370
48330
58050
73440
38340
37530
81090
49590
19530
72450
62280
98820
1170
83250
0
99630
96750
97290
3420
60930
42660
24930
91710
95940
25470
95490
41670
66150
59220
40860
65430
9360
83970
10440
97650
96120
45450
92700
22590
85050
43200
1440
80460
48510
15840
56340
86220
71100
10980
31140
63000
64260
33030
42210
66510
63180
46530
24120
55170
76320
86850
47970
24570
34200
52560
13230
91170
63270
41760
45810
31500
3420
73620
51210
80370
180
49950
1620
54000
59400
8100
71100
1350
23310
85140
76950
14040
24210
36900
66780
86940
14400
50040
52740
38700
20970
89460
50760
83970
50310
73620
52830
77400
81450
64260
77850
95400
60390
32760
93150
34920
65520
34290
8910
57150
7290
20610
79380
59400
42390
37800
23580
8550
75330
88380
56430
42300
66150
76860
14310
4950
62190
98730
54360
32670
93420
29610
0
87480
8280
73080
64980
30240
45810
68310
35010
48600
49500
8370
24210
80910
30510
77670
8100
76950
90180
3870
56790
56070
13050
32940
49860
28890
48600
33840
42750
96930
39690
94590
44820
32490
75420
90090
44730
1890
90
30870
25020
84150
48780
71460
62370
77490
27810
1350
32850
37260
11250
63900
76950
21240
47070
10620
60480
97380
55170
7200
69030
63720
51930
66600
14400
13500
37620
2430
20430
19350
3060
59400
22500
4500
24480
37080
17910
87840
82620
4590
60210
88020
70740
28710
53100
630
37800
11700
49230
44730
33120
39510
64080
35550
92700
51210
64080
91350
62280
82980
73260
71550
58410
62370
88740
94500
64620
29790
26190
3330
11430
45360
92160
28260
3060
2520
35550
65610
56340
49680
46980
54000
52290
90810
45810
84060
72720
17100
67140
29160
99360
17730
97020
42390
45720
62550
7560
48060
88290
36270
20700
48420
96390
74700
92520
87480
39060
2160
2970
60390
65430
52560
79290
31950
95670
5940
55530
29790
65430
92250
22320
5310
50130
60480
62730
50580
34740
44820
58320
33570
15390
76500
7920
53730
58770
63630
36270
75330
21240
81270
6930
19620
47700
46170
72450
47430
24840
24930
18720
60480
5130
16020
43650
89370
22950
9450
44010
88020
74520
23580
21420
15480
61290
78120
33210
59850
10890
76860
81720
3420
7110
84600
62550
69390
77760
75600
1260
32940
25020
24570
97740
87300
67320
86400
30240
14670
57240
360
25380
3240
5580
36630
18990
29340
39060
27450
92250
63450
20520
96750
5850
65970
36720
69120
83700
30780
99000
84690
20070
51750
72000
91800
98640
11880
97290
85500
8640
58770
7290
60750
47070
12060
67050
5760
11520
31950
2700
450
18180
8820
83970
41940
17460
85860
33120
23130
39780
5670
66780
26910
42840
51390
59310
53730
19440
99090
37350
49770
39240
88380
51030
96750
81990
25740
8640
92520
20430
72900
75870
42660
87660
80190
88740
22770
94590
78480
80190
12330
88020
68670
14490
63990
97020
5310
42390
38880
16020
94410
15030
17370
55260
24210
18720
11340
29790
85500
73080
86130
96120
73170
63180
40680
21060
23130
13140
51210
3600
67410
35010
36540
18450
94950
2610
56610
66330
83700
49050
96480
83430
81450
6030
33570
33750
4680
40950
75510
31320
10980
56160
70470
45450
77940
75330
10800
69210
84150
71730
63540
48330
79920
46890
6120
50130
52470
38070
30420
91080
98280
64710
83340
84870
63450
64350
56520
15300
69300
11520
26100
31320
84510
33480
7560
72630
27540
75060
93780
45180
18810
73980
33120
81900
49770
96120
53640
62820
50850
4770
43200
10710
1260
76680
68400
31140
28800
89640
77040
82530
82260
19800
36540
87930
97830
24660
47610
81000
88020
92970
73530
17010
84870
37710
52110
64890
9090
47520
63360
10710
38340
69210
41130
28170
66690
65880
67950
83340
77310
61110
97920
6480
42480
56790
49140
95490
90360
34020
96210
82260
67230
7650
15570
56250
7110
94950
24210
50040
24930
34470
13140
50490
11340
53100
24660
92880
39510
24300
9270
65250
49680
58320
40320
24300
30060
18360
28710
4860
39060
52830
16290
65790
86310
32940
720
16830
90540
16470
79740
4590
64440
22860
42030
57690
71640
40590
62820
16290
92250
36900
71280
60210
3690
96300
44910
99180
35010
6930
60570
23130
10620
27540
55890
81000
44640
97650
37800
0
40860
47250
51930
47520
75150
12870
16020
36630
37800
48420
21870
80370
16290
68220
18180
2070
45990
13320
67230
63720
22140
41490
63270
7380
67140
86580
30870
35280
25290
86580
54540
33120
46800
69570
15210
64530
34470
56160
77580
92700
54720
58950
38610
41130
82530
52200
91980
87840
39960
46080
89100
43560
23850
59400
2970
7470
38520
3510
32940
29430
70200
75690
85500
76770
65430
8910
36900
30510
64980
20430
68670
1170
16830
64710
49770
70650
76410
78030
76770
84780
29880
67500
49950
68580
24840
81450
50130
270
69480
88020
84870
44730
11790
82080
47160
82890
63450
87210
99360
27450
93690
8910
56610
360
67230
93420
4950
73170
95400
82170
81900
14130
37530
70200
96930
69840
17910
37260
96840
56880
47880
37170
33570
61920
46260
69570
27720
36990
91440
37890
17280
34920
69030
76950
9900
10980
81540
66690
67680
90720
70740
79740
50670
20700
46620
56340
30510
59940
68580
54090
95670
33750
36450
14850
50490
26460
24660
66960
26370
54360
62820
31590
62640
84780
88110
38970
4410
21780
76860
8730
49230
12060
6480
27180
20790
83070
77940
66150
54000
94140
82530
95040
65790
43290
63720
51480
7020
5670
71280
87030
74610
32130
34290
49410
11070
60210
2790
59580
65790
30330
26730
71640
86130
77850
26460
99000
65430
48510
16560
53280
17640
67950
95130
8280
270
10800
5580
42570
37620
31590
2610
85860
45000
52020
16110
60120
97470
20340
48780
76140
18360
25650
5130
68760
99180
63360
25380
53820
70110
73710
47340
92070
93150
89910
70200
70110
26640
73260
1440
72090
44550
66510
44640
32310
22050
51390
36360
43560
66600
6210
85500
75060
80910
7740
60840
16110
43110
81360
64710
84240
39870
23130
12600
12960
81540
8460
60390
20250
74250
31500
33390
2520
97650
76950
41580
27000
14220
29340
810
28080
19800
55530
58590
48510
91350
74880
22050
95760
81990
11970
91980
79470
15660
3780
46170
98010
73890
50760
7200
16740
66780
4950
14040
26820
24750
5310
52290
79290
89910
19080
93510
40500
32580
9720
80550
79830
11880
35010
54090
90810
45810
19530
52020
55350
19350
16110
16830
21240
56790
65790
96300
96210
67680
74880
72450
98370
68850
61110
59580
58410
97380
79200
6480
37710
80640
78660
52380
29520
30600
55170
97110
91890
45180
63180
720
11250
43380
17010
12510
17010
72540
79650
17100
26910
85410
7380
53640
83430
58950
12510
83790
82890
35730
58680
23130
49860
11790
10170
41670
10440
17730
48510
59400
87030
64260
9360
36810
69120
44100
13050
31500
70470
69030
46170
81180
51210
39240
88200
92610
3690
2610
85680
78030
38430
40230
13140
2520
66510
31590
27360
98280
41760
27990
42480
24930
80550
50940
71190
39600
12600
98550
76590
24660
52470
32220
74250
8730
35010
80640
99720
55350
52200
99810
78030
58770
2790
79740
24210
46620
71460
40860
43560
15120
49140
64620
18540
29250
24210
5940
6930
58770
92070
34110
28080
2520
99270
50490
90540
29700
66510
5850
60840
90180
57330
11610
23850
89280
30960
90000
43920
32130
46890
72900
53820
12510
87660
78300
45810
810
65250
32040
99720
99270
8100
64350
41040
78930
57960
20970
77850
23760
31500
25740
32490
65250
18360
86130
14040
30420
17550
18090
23760
11970
25110
83520
70920
86220
53550
18000
80190
54000
43470
10080
35730
90180
21150
540
88920
73170
4410
47610
32220
60210
14670
81900
60210
79200
92430
64440
40680
59850
97110
32670
41670
12420
95670
7290
45360
6300
7830
34470
72090
86670
19710
90450
73710
92160
59940
55350
12870
72810
9090
12330
67230
27450
43020
45450
25560
80820
39510
16560
30960
61740
33750
33480
52020
48060
22950
31770
99630
24930
6030
78210
35370
32760
28260
61650
43470
9810
35100
58140
82620
43650
50220
19260
34380
83520
89280
7380
49050
85320
96930
67680
71190
41040
88200
10170
58680
81360
41580
10350
63270
24930
42300
93690
29970
64710
76770
61020
83160
62550
81900
5940
27360
16380
80730
95220
44370
93420
42300
37080
73800
54720
97200
16290
71190
95040
48690
25740
86490
34200
21150
47790
71280
91890
34380
5580
15390
85230
70020
40680
92430
51750
77850
51570
90000
14760
35550
46890
3600
64530
85680
27450
34020
40770
73890
34740
45720
97110
14850
63000
77670
43560
31590
900
10890
24930
98550
38970
32130
81360
98640
29700
18630
34110
29970
99360
97200
5130
89280
98100
66330
46080
65430
24300
35460
5220
69660
37260
52110
20070
25200
34110
35190
19530
18000
43290
68760
25830
18810
6930
86940
5670
35460
67860
72630
56970
84420
55170
86310
51480
95580
93870
87570
89460
40320
17640
22950
87030
47160
80640
45000
2250
47880
87840
17640
34110
37980
95310
36720
46890
42570
79290
23490
38520
62910
98730
7830
70290
87210
92880
28080
63000
49770
85050
11250
15120
66420
9000
57240
97920
14310
22590
7830
61830
50400
37260
52920
58410
75420
15570
74160
96840
17730
59580
30060
92880
28890
32580
78480
99810
24120
33390
54720
49860
21780
69480
66510
63900
77310
76140
95490
35730
79200
15030
35190
36720
64710
74160
6120
3870
9720
89370
68670
73980
91710
4230
40230
85680
18000
33570
6750
64350
6930
49950
90450
52740
42660
51390
41580
53550
54090
72450
81360
42750
49230
86940
39780
43200
34380
82710
90000
15660
27000
57060
70650
70740
46170
54000
60930
36450
91350
10710
65250
57240
65520
24030
95310
78030
99540
54000
65160
42210
70470
26280
21870
14850
18990
36720
28440
7110
64530
10980
61380
83610
87210
49680
27990
15840
23310
8730
26100
90270
57330
33300
93780
19260
93870
8640
15480
93330
15750
50940
23940
86310
79920
10080
50850
5310
97650
52740
9450
79830
32850
41940
99630
23670
49410
56430
46260
1260
45720
14940
98460
85410
33930
15390
68040
51480
37080
53910
78750
92250
5220
2250
11070
47070
74700
91350
32310
27450
48870
65880
8280
20610
39960
76140
17280
68760
32400
51210
38700
79020
77130
23940
43740
17010
69120
15840
99180
18000
10620
55530
48690
56430
81180
65520
7020
55080
62910
71820
88560
92790
83520
47790
35190
1080
16380
11250
54000
92070
75690
4500
27810
62820
81540
93420
74700
56070
45810
60120
50040
24750
16200
95310
96840
64170
9180
33120
91620
73710
10980
77400
76680
29880
48960
71640
94950
9990
42030
16740
20610
38160
65520
65970
81720
69570
84060
84510
27540
56610
4050
71010
44820
26460
97290
69030
71730
35820
49140
18900
54450
82890
28800
60210
16560
27720
65700
75870
50670
37800
95490
93600
63000
89190
88380
78030
84780
68310
35280
84600
75690
6300
42390
92700
89100
82890
22500
64080
57510
27540
13770
50670
9990
55620
44100
37260
68040
62640
41040
57870
32400
42120
97650
67320
66870
89550
25200
82980
66780
52290
20340
3960
43830
37350
84510
80460
720
89460
59400
71460
93870
83610
28710
68040
83070
27180
13680
13680
79470
47340
16110
87030
3420
48960
25470
63720
75870
77760
91620
38970
29970
55890
1980
47610
68580
69660
97560
49050
25290
86580
37530
6570
75870
32220
38610
24210
36090
25560
79020
68670
75960
21960
6930
74430
29160
38610
84690
97830
2340
7110
75150
72990
64710
27270
62820
14400
20700
48060
77130
59940
33570
69300
99360
89910
18090
32940
56250
16920
12420
8370
57600
23220
68760
35010
13410
71370
52110
3690
59760
39150
14400
36630
91710
33480
62370
87570
74880
75420
77760
23760
45090
31590
6030
61470
32850
4140
2880
36180
56340
53190
30780
36630
44550
990
51300
79830
88740
96030
11070
11610
70470
93510
17190
3960
27720
95220
71730
92880
16380
91080
69480
36810
21780
64440
54360
95850
99810
85950
27180
7740
97560
81720
71820
41310
76320
25920
34110
16200
39960
68940
85860
31410
10260
29790
41670
21240
79020
99630
52110
73170
15210
6570
16200
97650
31860
6840
34380
34110
40950
85140
38520
75420
51750
7290
93330
45360
3060
28800
54180
54630
50670
0
39240
58140
900
30150
98100
58680
89820
68310
72990
55350
41490
57780
4500
30510
85230
11160
80280
22950
51840
46800
21510
88920
95130
68580
13860
73080
64350
36720
40590
48870
2430
96660
54720
35730
28980
81990
94230
24660
76050
33300
2430
62190
15750
6390
58140
20970
58590
30240
77400
91890
24030
68760
52470
9990
55350
40410
33750
94140
88560
46170
18810
82170
59040
98100
13500
30240
72900
24030
25740
72360
59850
51120
4770
85950
10710
68850
19080
23130
54720
65430
53910
67590
49230
94590
14850
33840
32400
40860
3870
54900
6930
46350
3420
95580
56340
43380
53280
79830
58680
36270
24660
86760
75330
5940
77400
6930
54540
74070
83880
99360
21060
51660
42660
37800
12060
63990
69210
98100
89010
79560
15390
83970
44370
29160
99090
74160
55890
51300
52290
31950
77940
25200
88650
14490
10800
42930
63630
17910
33390
54180
21690
92520
180
29700
630
54810
51750
27180
35010
19530
25830
85770
82800
12780
27360
64980
76860
80460
9090
90
70560
65610
85590
32130
41490
77490
98550
17100
56700
60750
39510
10710
68400
28530
19890
1980
18180
78840
81180
41400
69480
16560
8100
10530
66330
14400
51120
63540
16830
85500
5130
87930
39780
18990
7200
95940
58500
30060
8280
61020
69210
11160
10890
54090
7830
45270
94590
44370
48510
28890
2790
29970
62550
8100
24570
10260
38430
72180
29790
11520
14310
97830
13050
82620
6660
51570
80280
12780
45630
25380
60120
53100
33300
88740
21510
96660
56160
97830
87570
48420
45990
71460
82890
62370
61290
12240
70650
96570
12240
18180
29970
51570
68220
34650
75330
88650
54540
56970
72270
89550
46260
10440
4320
70650
5040
42570
66240
78210
86400
22590
49140
14130
42660
73350
79290
12600
39060
99000
47610
1260
16560
71370
55710
98550
5040
59310
68130
19080
94230
52740
66240
82170
11520
11790
15390
26640
29340
12060
92700
97020
80820
97200
57510
79110
56340
58950
55260
99540
94050
84690
65880
27450
32310
15840
3600
55710
97200
60390
46350
11160
59130
74430
72090
62730
1170
53730
83070
40590
62730
52650
99720
68760
5490
6840
32220
73890
98550
92430
77940
4320
72090
27630
73620
54450
10710
45450
87570
27450
86760
47880
6120
31770
77580
54900
10080
74790
77130
5760
78120
16020
3240
74430
40320
36360
19530
72540
59670
93420
65610
11070
50040
37980
25560
9090
23040
37710
24840
63720
42660
26910
29880
61290
7830
91710
19800
77490
17640
14130
8100
52470
64080
67230
22680
25110
94950
7290
14760
23940
40050
29340
40950
42120
59490
84060
42300
61200
90360
32040
810
91710
67590
41760
93870
80820
63540
23400
57420
180
50940
59670
38340
5310
86850
12150
61470
12780
70110
80190
95490
34110
22770
89910
72810
34200
19890
52650
44100
450
33840
32310
66870
17910
98280
76050
66960
14490
13950
49050
46080
74160
2250
50940
36450
54270
33300
76410
92700
85500
31770
24750
63450
41940
72990
81090
20970
41670
38430
51210
11700
87210
12870
44010
68400
39510
71100
55620
40410
69930
630
10710
34740
1170
57420
31050
53280
88200
22770
720
98010
12960
23940
57870
46620
96300
63360
1260
99540
88020
83880
64440
49950
33750
19710
7650
3960
31950
57600
79200
23310
56790
43200
41760
7920
99090
88380
18810
46980
50940
54090
71820
11520
1080
81270
80640
47250
85770
62640
79200
57330
25920
53820
95580
61200
45270
15750
18630
79110
71640
14580
97830
61920
34740
32310
12690
69570
16110
61200
5130
35820
35190
15570
93780
25740
9540
46890
89280
23220
91620
5580
1350
52380
62370
91980
24300
45540
25290
46890
39960
38970
76410
98460
71640
5940
42930
78750
59220
38160
81540
60750
49410
54990
37170
53640
83790
31050
68400
89100
31410
19260
43650
20250
47430
73440
8910
15660
66240
77940
43110
3150
35820
42210
59490
15390
40410
50760
67050
17460
66510
40140
28080
93690
94500
29160
41850
14400
12960
91350
99990
92520
9720
17640
65160
3780
93690
38430
56790
76140
79200
50940
50670
49860
34650
65970
78840
15660
8820
70740
68310
56610
55980
83430
23850
79380
10890
2430
18810
44730
9360
29610
32400
4230
78390
80730
97920
67860
65070
47160
23850
22140
22140
29970
44910
53730
93600
25380
45720
25290
30060
75240
59670
25920
9180
1170
53730
45810
6840
22410
18720
85770
14940
64260
51390
13770
58770
79020
89280
56970
99990
12150
63900
58140
67050
28350
19530
92970
27270
37080
91440
3060
60120
90990
46260
16560
54630
42030
21330
35100
50580
50940
25560
2790
94500
22050
97920
68760
48870
68580
4140
50850
54090
2250
55170
71010
50580
9720
89370
22140
34650
53370
16200
61920
9090
43290
24210
54180
38520
90990
34200
7380
49950
17820
47790
77670
58140
63540
6390
14220
41760
62640
450
9360
69480
77580
46080
79200
17550
27810
51030
57420
82890
92700
67590
34110
1170
56880
91980
74520
40410
81450
44460
90540
74970
88380
45270
79380
96660
96480
10980
96300
2880
28980
20070
88290
14940
13950
93420
78570
49500
6210
78930
0
17730
30600
81270
23490
49230
46440
20160
27000
80460
6390
78750
83070
29250
89370
53820
8640
56970
77490
45270
80460
99810
94590
49320
16920
50310
90990
24930
89190
61110
70740
18000
45090
84240
0
72990
4770
71460
21330
57600
47610
2520
4770
72360
69660
74970
80370
18900
46890
270
39780
92520
59670
34920
61020
76950
14130
56880
76770
50940
79200
90090
3780
19710
75240
50130
38520
33300
41760
63000
36540
41580
31860
58320
45000
23130
810
39240
39600
92340
51390
61200
82620
88020
24840
14760
720
19260
27900
46080
4860
70920
7110
14310
9000
16110
61920
53280
67770
68220
30510
10800
92250
68670
1080
96120
17550
92520
80100
2790
85230
34470
81270
33300
82890
84420
98280
13680
31050
86040
22950
97830
49140
65970
70560
17640
42480
22500
14220
95400
53190
79200
91800
58680
10800
95580
22680
46260
91260
47970
2700
70650
69840
45630
17100
12330
58410
53010
86400
90180
83250
28530
37620
4950
62100
61740
29610
15750
48150
62010
51750
87660
15930
9990
48690
81090
84240
46620
66420
72180
39510
84870
13500
65070
39960
88650
21060
60750
31680
86130
83340
83700
54270
15570
15930
96750
13320
90180
75510
52200
63540
13410
69930
39330
97290
61110
41310
96390
23490
2790
16020
37350
13680
64170
12690
37800
60390
76500
96570
20250
17640
12330
5670
56340
69930
62280
11430
93060
26370
44910
1440
45540
8370
16380
38430
24750
88560
81810
93330
20250
18540
8550
50220
6480
13320
74880
33930
6660
58320
10350
21240
35550
36360
35370
81000
28260
3690
49140
97470
30600
82350
95040
30150
52020
57510
56340
49050
34470
40230
19710
180
25830
32490
7290
36090
53190
70830
52830
94140
13410
24930
68220
58320
10170
76230
21420
96570
44730
74160
22140
450
76320
27630
46620
11790
17100
13230
5310
38070
69840
72090
84960
57420
4050
91440
85680
66870
33930
43560
69300
98820
12240
23310
25830
22680
17640
41850
13230
19620
81090
13770
5400
25740
73530
28620
69210
41220
97290
20430
94140
33930
54180
50310
6750
92070
66330
92520
55530
42930
66240
40950
25650
99630
16380
96300
12960
81990
68490
65880
12060
1440
29970
38520
57150
39510
52650
8550
58950
99720
97020
40230
69120
42840
66060
90630
72810
96930
13770
72900
92970
51480
96660
50580
50310
85320
52110
41130
71190
57150
82710
25290
53370
4860
79650
38880
90360
61380
11340
86490
39960
55530
31590
24570
91800
63090
96930
50220
85680
13410
15300
21510
27000
19080
73530
55980
86580
75780
32670
66240
16650
71100
56160
54540
31950
55980
6750
32580
21240
96660
62640
11340
44550
66960
43830
88200
55800
73800
59580
93870
27900
46620
14040
27810
35820
47880
15210
88560
47790
74520
43830
33930
57690
6300
88650
63720
3330
93690
80100
77130
43110
89820
82710
70650
67680
10350
74160
32760
36090
56520
84060
22500
48600
54810
4770
17370
72000
69840
23940
80640
78120
15030
54180
69030
17910
69390
48060
42210
810
29880
4680
14580
24390
47160
96120
30150
64710
63090
41940
5400
61920
1440
69570
91170
91260
30780
43560
44640
21060
39150
27450
23850
68670
91170
76230
70920
84780
13050
5400
73980
37710
84330
25920
900
17640
89190
71730
67410
30780
88110
40140
55890
2520
75330
29160
19620
89190
95670
49320
2070
83070
8550
70830
56340
5850
2790
17730
58770
2790
87210
30060
90000
22320
60030
81810
90810
15030
73890
60750
68850
82800
75510
49230
78930
55620
81270
23490
65520
80910
55350
54270
51210
6120
52920
32670
90
24390
31770
87750
37890
12780
88290
97560
96390
94680
25560
41850
90630
17910
37260
76050
39960
5940
89820
16470
93780
12780
91440
52110
18180
95040
14580
91710
85950
58590
43560
46800
97470
7740
84150
86400
39420
72720
25290
21690
44730
38880
40590
70650
89550
75690
25380
74610
25020
85140
69930
5040
48060
17550
10440
12150
48240
91260
85410
80460
45900
75150
96660
65520
25110
23850
96570
53280
51300
86220
89730
66330
77580
20250
82710
91800
42480
48240
66420
58590
81180
43470
81000
13680
1170
54090
10080
18090
86310
53550
5130
53730
900
99360
18180
82530
7110
20700
70920
91080
18630
62910
80280
56250
51210
51210
74700
9000
54990
66690
810
71640
29970
83610
12420
28710
62280
18270
60390
74250
68310
42570
6210
54450
92520
40860
64260
36360
79290
73440
55440
67590
37980
97560
84960
95220
96930
97380
7740
60930
66960
33930
43200
74070
62100
17820
58590
81450
14400
66150
73170
16380
37890
4320
32490
19800
1800
57780
59940
37530
33480
2250
24570
18270
85770
4680
73170
88830
37980
57690
46260
73080
12690
51300
61020
91350
61740
72990
53460
78750
94500
16020
49680
92340
74070
73530
74520
69210
99900
55260
48600
810
40050
2070
11250
28980
5310
57600
35730
43740
63000
61290
54360
98280
7650
58770
94680
51660
900
79830
63630
32220
93510
94950
51120
35730
77040
83340
54810
66870
23400
32040
36720
45180
40140
80550
76950
84060
20790
93870
25830
74880
91170
16650
66690
58140
76770
31860
14310
54540
51930
41940
23040
97020
37260
46080
93510
42930
59850
13500
15930
37800
45090
19260
31860
13590
34920
92430
77220
86400
68670
9810
22140
96390
97470
52200
20250
24390
43650
47880
46260
78030
6750
56700
96660
21510
83070
95400
26730
45900
91170
46800
66690
48960
16470
13680
78480
24930
17640
88740
39510
69030
41490
65070
21420
85950
54360
7650
35820
18990
6660
37530
3960
7020
25470
81900
72360
42930
84510
51840
77490
39150
81000
68760
94770
36180
24030
74430
8190
38250
21960
14850
97740
96660
91170
46170
63180
70110
99270
58140
58770
1080
39330
67410
33300
14310
67770
27450
67590
74430
37080
35280
45360
71640
69300
6570
34740
43380
14400
57330
36360
75240
78840
57960
94680
99900
8100
33570
90000
77940
80190
23490
74070
20700
28350
86580
69210
24480
9630
65520
98190
39960
90000
36450
84600
270
64890
360
68400
77220
46170
27630
83160
24840
62010
84240
88290
11430
6210
90270
65700
37260
96570
71730
8370
1350
16200
53910
65160
88290
24030
45540
75420
43110
28260
96210
40950
25560
47700
23580
1710
28890
69210
20790
57060
27000
93060
70560
30690
75330
3150
74970
54810
22230
52110
90360
78660
30060
66600
45990
98640
20340
69210
44550
54990
76050
62910
85770
97110
64980
12510
24210
31950
92250
36270
62730
71730
98460
79830
65250
24570
69030
25380
32940
97380
93240
97110
95850
11520
42300
97380
84150
81720
19260
60840
68580
28170
82440
73170
11520
3150
17730
74790
70470
94230
450
52470
47880
66510
81270
56880
15120
86940
74970
29610
70470
990
36090
42660
86940
23400
76680
44730
17280
53370
75780
59040
83070
70200
80190
1800
4770
10260
29790
64080
19080
86940
29700
23130
19530
43110
70380
98820
71730
17640
79380
71640
24750
2970
10800
15660
14490
65790
53640
60750
3240
65880
85410
45000
61380
19710
52380
20700
19260
34830
34290
70470
20250
10080
21870
57420
29160
83520
75150
5760
50130
6750
4500
11430
12420
4140
39960
28620
46980
23220
31050
91800
78750
37440
33570
62460
10800
49050
56520
71280
24480
95310
51300
19080
70470
58950
77580
74520
23220
31950
57240
73080
22410
63090
33480
90090
70200
41490
87840
28620
24300
94320
89550
32670
39330
99720
76230
97290
25920
75690
23490
15570
47070
81270
45810
97830
47610
40050
2790
10980
23580
55080
94230
63720
22860
79110
99360
5760
64710
36810
51390
88470
33570
69120
45540
56880
39420
93960
65070
30600
55620
79920
10800
39240
6300
94500
10800
25740
81630
56880
99540
87390
18270
68130
0
24930
51570
58860
64890
37440
63360
99180
10080
71280
52740
5850
99540
44820
55710
74970
8460
9540
6840
28800
90540
45270
78660
87660
89190
84150
38340
57600
96030
78120
84690
62280
49860
34290
50490
5580
45090
76950
68760
37800
86040
10170
4590
61650
90540
24750
20070
98280
31770
91080
66780
46260
44730
9630
81000
80910
69030
51480
61830
80730
16020
2610
53550
65520
25920
34920
87390
89730
86670
85140
36000
14580
52470
25110
90900
78570
50940
45450
7020
78120
6300
79830
36270
27810
55080
86400
30510
99990
9270
80370
72360
14850
45450
55620
62550
28890
94140
87840
46170
76320
65880
75330
85050
94950
70020
57060
66060
10260
63810
59580
56610
93510
84780
96390
86760
65520
44280
85320
50490
52830
58500
14130
44640
76050
44640
70020
1260
28080
64170
45000
61560
84510
11160
35190
77310
96210
94680
17190
21780
38880
73170
80820
93510
30780
45360
7920
82530
83790
72000
65340
79560
94860
54270
21690
16650
59580
22410
7830
42030
83160
44550
73800
31140
36090
88920
16290
65250
85950
40500
3060
24570
48960
93780
21690
10890
26280
10080
5310
86670
1530
9360
75510
38250
62280
99450
53370
95490
82440
83430
25740
49320
79740
9090
69840
15750
990
3690
95130
33840
39960
73980
3960
79470
41850
91530
36270
26370
66870
17730
53820
77400
90990
58320
82260
96480
16020
99450
30330
90900
15750
10710
35910
64710
5850
5760
75780
41130
99720
86400
70020
22680
31410
1080
34110
90090
82980
68490
19800
23130
27360
37080
38610
65070
59940
25740
27720
74700
270
81090
80190
44280
720
86400
20070
7020
53280
50940
20610
97650
96300
18810
50580
41130
5220
62370
94500
60210
30510
36540
48870
24210
56430
49410
90180
90990
70290
13950
61020
52020
2970
73530
55530
2970
53370
63270
78750
59040
18990
93060
50310
20070
75870
7740
5400
37440
28350
52380
44730
87750
69300
74520
10980
94770
94860
74790
11790
93060
39150
9990
34650
86310
28980
36180
61380
81360
76230
52290
25920
60210
40140
48150
91260
77850
5580
92610
92340
56340
5130
82530
76050
60030
53280
86040
990
54720
90180
9000
6480
91710
30600
96480
90630
63180
3960
77490
68580
81450
26820
61650
17550
34110
71100
83430
38970
99360
39420
13680
54900
17100
49230
53820
57780
96570
47970
44010
12690
25290
81540
77670
3060
26280
23760
33120
24930
63360
89730
94770
49950
61830
35280
98280
91890
9090
49230
12780
50130
72720
48870
95400
68130
25020
22860
6210
59040
16830
52920
88920
54900
37620
51390
57870
62100
95940
69480
93150
87930
31230
40500
59130
60660
81360
24300
58410
50490
92790
85680
3150
5670
61650
68850
46710
24750
98100
12510
70380
10080
60300
57150
88470
71100
35640
56250
97380
8910
27090
24120
4230
63540
60390
94860
37260
70380
31410
40410
5850
15210
19080
15210
94500
65610
45900
3510
64260
39060
37800
68490
26730
95310
66420
42120
61020
24840
26100
89010
13320
21420
6930
62100
90450
36630
77760
93330
58680
77940
10800
52020
16290
81720
87300
65250
30240
91800
19800
88560
22140
41850
54180
86850
5580
10800
10170
1260
20250
70380
84240
9540
83070
88380
11790
77760
14040
68400
18090
42120
58410
95400
9000
48780
98010
78840
9090
47880
73170
41310
15300
12510
3690
40590
29520
61830
54000
60030
59850
91350
10530
80550
76140
33120
30780
58590
17370
66870
22050
7380
61470
58500
4680
48780
86040
22320
52650
91260
81090
2610
88380
40230
18630
90540
67770
15030
89010
33300
49410
43830
29160
2430
540
20520
87210
98010
24210
11160
28890
54360
61380
55890
20700
56520
15390
90450
99180
36450
72900
92700
61650
41670
12510
75690
53460
98820
82980
43110
79110
59760
91980
13140
69300
97740
73710
91980
88470
1260
66330
62550
75600
95940
36090
89820
57780
78030
27450
42750
27630
71460
11520
7470
25740
59760
36810
63180
91170
38160
38160
49860
65340
39870
9810
90
47160
74340
6570
37080
63450
69210
46620
15300
80910
10980
69750
5130
78570
53010
24660
14580
55350
36270
57240
84780
68130
13500
46980
20610
21330
21330
68490
24660
46710
56790
51390
84600
95580
55620
10710
24660
83160
20340
4230
58770
6930
53730
57780
13950
56610
4590
16920
48330
69570
68220
19530
7200
10980
95310
44910
27900
91080
69750
39690
13860
30150
93600
96660
72540
5130
74790
45900
41040
25110
27180
47880
27990
33390
83340
30240
20610
22680
38520
38970
94050
65070
98550
11970
36990
17460
720
34560
13050
20340
61650
82980
29340
32940
81180
82800
19440
40680
69300
48870
71190
15840
68040
73260
64620
74250
88380
95580
4860
89370
2790
34650
1800
4410
42120
74070
78480
54990
95130
32310
44640
95850
9810
64800
94410
14130
88650
71910
46080
74610
48600
66690
66420
10080
91260
77220
50760
38340
74790
53190
19260
85770
73710
44910
53640
78750
13410
8100
53010
78390
61020
26550
45450
14130
31230
73800
49770
43650
56070
89100
89370
75510
17640
39690
37800
15930
79740
43020
50670
48870
20700
59580
78840
92790
86310
79740
4410
65790
40320
20790
10620
87030
97560
76950
31950
95490
66960
7380
51660
60390
98820
23850
24300
58500
76140
55980
66150
14040
3960
8640
270
80820
13050
89280
42210
2790
98280
38610
86760
84420
56070
14670
65160
99360
42120
76770
14940
30690
77400
33120
72090
10350
21870
18090
44730
58680
22590
44640
96840
91350
9090
38520
31140
90
18000
37080
58320
25470
57960
31050
26730
720
13050
34650
67230
99360
23220
74700
3960
61650
4050
68490
95940
47250
39510
63000
56250
73350
180
46890
1080
36720
22410
86220
98550
84870
35820
20430
9360
49230
65700
86940
81810
84150
15030
84870
89190
63540
50940
91620
73800
5040
47790
29970
46440
68490
94410
44460
15840
10710
71280
96210
54630
28710
24750
21780
77310
35820
45990
82530
25830
36720
98640
1350
72270
57600
30690
94230
71370
89010
64170
87570
83070
63540
85320
59400
72810
20610
39600
89190
6750
93060
16470
88290
98820
38880
24030
46800
93330
73980
10440
94860
95400
55890
2610
21150
69300
20250
26280
30870
20520
50940
91350
54540
28980
13050
26550
50400
50670
9540
58140
13050
2880
79470
6120
64170
99540
38970
60390
23850
83070
73890
36360
92070
75780
80190
61290
34110
85770
36630
92790
51030
51660
65160
76860
79020
79110
18810
61740
74610
69300
3600
35280
3780
7110
24840
63450
79110
82800
50220
44100
79830
7740
99090
8820
21510
10530
82260
46260
72720
83250
93600
23040
80550
70920
74160
63090
64710
72630
23850
21870
42120
34110
6570
62190
57960
43830
69390
48240
86310
25380
31320
92970
50400
77040
17280
31860
26910
49770
27540
78570
99900
15030
56430
58860
32760
26370
83790
9090
55440
52200
83430
69030
56340
56160
8640
52290
59670
30780
5310
47610
31770
84510
8280
89640
17730
20700
98820
64260
6210
23940
37440
62370
76770
90000
63180
49860
51570
42660
59490
93780
5850
810
55980
67050
18720
63720
96120
29700
65070
27810
23670
17010
17280
60660
30330
92880
57420
80370
4140
31500
14490
25740
48510
26010
69930
47520
5220
44640
45540
82440
84780
49680
19350
54270
24750
19080
29160
64350
41670
55800
61380
24930
97380
22140
28440
76050
77490
720
70470
14040
14670
3780
9000
67230
86040
27180
95940
64530
78930
17100
51570
27270
19890
2610
96120
90000
47430
7200
26820
8910
55080
50940
55800
16110
71280
20700
55890
59400
17910
180
92070
68580
50850
44370
50490
11250
90990
92970
50760
57510
10170
27270
96030
540
88380
34560
51390
81270
47880
37170
76500
84150
15120
91080
77220
59130
47160
61200
20520
60660
71010
90900
34650
83610
38880
83250
65520
46260
35460
13410
47430
68310
83520
8460
89820
6030
14400
69120
68400
52290
7290
91800
90090
45540
36990
78660
95220
37890
42750
40950
84420
92340
38430
24840
21510
4770
72090
97380
96390
87930
83160
79110
54090
65430
43740
12690
69480
44190
15930
270
11880
63450
40410
65070
48600
16920
53550
92340
19350
15750
90990
58410
17280
68220
3150
90450
90000
67140
57150
55890
81720
2520
32580
75960
3060
39330
36990
44910
53910
22770
54720
80100
50490
91530
52920
71280
29340
99180
93240
16380
16380
73890
28620
17550
34110
26550
68850
26280
69390
3240
58770
38520
74340
1530
24120
34830
59940
50490
60030
53280
84420
40320
74700
14400
53010
85320
9900
86580
62190
5130
36810
95670
22950
36630
14130
99990
27000
54360
58680
80550
50490
78570
89100
66600
69570
9900
18720
12780
24210
43740
87390
78300
61200
26730
87750
33030
38700
92070
24750
48150
27360
20880
6480
88020
65970
62550
17190
41220
92160
95040
98910
92430
9540
95940
62820
31680
25110
51030
12690
5760
4500
62100
82350
25920
41310
31230
72990
9090
18090
14220
2700
15030
93240
31320
4320
86040
25740
64980
61920
76140
3150
12600
5040
76680
25560
52740
33390
85230
11340
65340
73890
42840
26730
78570
80010
22950
14670
75060
29970
43110
68490
76500
73980
15750
81900
33480
8730
72270
91350
38340
21780
7830
19440
4590
32220
23040
43110
77220
48870
78930
67500
64890
67500
74790
82080
70380
45270
34380
43200
81000
64710
24120
37890
54540
11790
40320
27090
52830
16740
96750
29610
48690
87660
10530
66060
43290
34290
92700
75150
94410
93240
7470
73440
79380
41490
65520
58950
91080
77040
88200
10170
16740
71280
73440
19980
19170
91800
52380
20880
45630
39240
96570
87390
58230
81540
96210
18000
68040
50490
40410
40680
12510
15660
46710
81540
95220
2340
89100
44460
27720
62460
30240
68130
19440
64980
39330
30060
96660
22860
57690
7650
1260
12690
92070
23220
25470
87390
45180
51840
34110
29790
39150
4140
29970
89910
3060
33750
53910
7470
91620
61110
28440
95490
91260
97560
60120
83790
13140
50310
1620
68940
73980
9090
4320
98190
22950
180
17370
11250
48510
17190
72450
36270
55440
49680
23310
34830
28080
24300
8730
46800
90990
56610
39150
99720
89820
17010
74160
33480
95850
71460
82080
3690
31860
46260
12960
50580
77760
40320
93870
62370
540
67140
92250
9090
90720
40770
31050
75870
48240
91890
58410
38160
24660
92880
43290
89460
60840
1800
47610
91170
47610
49140
82890
5580
36900
6030
77220
74700
24570
81630
79920
67320
78930
4680
46710
74880
89550
11700
38970
18990
95310
68670
20970
40860
16110
40050
69480
70920
20700
11250
97110
56790
63630
86760
22500
14490
25830
57330
6120
87480
5400
18540
900
29610
16200
49590
58500
36450
8640
98370
6390
38430
53910
95850
82620
53460
35460
91800
52110
89910
53190
4860
85410
90810
81270
90180
6570
16110
22860
19620
44460
58320
14220
95040
43830
97380
94500
99000
29880
56520
9810
66150
3960
78480
56610
30960
96930
67500
70650
90720
92340
5310
40500
18990
8820
65340
22500
93330
85140
1440
60300
80100
4950
65880
73800
9180
57780
49860
39060
76950
86220
26820
98190
47970
98910
50130
80370
25200
49230
18450
28620
2790
47700
12150
45540
77850
92700
43110
1980
56700
1890
72450
19350
71640
49050
82710
6030
35640
22230
27720
2700
17730
46350
45360
74430
52740
76500
28170
49770
88200
90630
80100
71280
67230
12960
58680
6750
99810
37620
27900
33390
27360
55890
85320
10890
87300
95850
53820
10170
67500
37620
6480
540
13500
20250
59580
83520
80730
68580
47880
71910
41310
51210
4590
57240
28530
31500
84600
42030
7110
95220
85590
93690
52740
52470
69120
74340
82800
42030
10530
94410
4140
70830
10260
53550
71820
99720
24300
21780
10710
33300
1890
58860
66420
77670
23130
87750
36810
33570
62640
74610
88560
10890
10350
94950
90900
22320
60660
25290
76230
72270
71550
78570
48060
6030
40860
96750
76050
52380
65610
88560
78750
48870
41310
92160
35730
32040
57870
16920
60570
88020
8730
44730
47250
85140
4950
15120
96210
5850
84060
34290
12510
34650
60570
5850
62280
24390
53370
94770
36630
7560
2880
57420
2970
46800
69840
5850
35010
10890
74700
7830
56700
37170
46980
64170
80460
64620
58050
70380
93240
99720
48060
7290
41670
46800
96840
3870
9360
65610
24840
70380
87930
11250
86850
58410
40770
91980
58410
93690
73170
45450
97920
98640
80820
84150
36990
38880
21690
87930
56340
60300
47970
4410
46800
40590
27810
81900
14220
32940
21600
46530
67860
95940
25920
14400
31500
720
41670
63090
13050
85500
44910
60480
3870
22770
36990
96660
16200
63000
12870
19530
84690
68040
92520
15120
74160
9270
48690
39330
29250
6750
85320
76860
39600
22410
29070
91080
97020
21960
77580
53370
66240
34380
9810
49770
14760
27720
41580
15030
99720
28980
28440
6930
87930
56250
21510
54360
81090
1710
53550
86220
98460
41130
69930
22860
32850
43830
19260
14580
8730
58410
60930
99180
32490
8910
30420
59310
76140
97560
16830
89910
29790
27360
9270
64620
73080
13140
48060
72630
18270
43740
25200
54000
86220
12420
98460
31050
88830
51930
27270
52560
89820
56070
39060
30150
65250
48240
39510
80820
63090
50940
26460
82530
630
8730
47160
22590
93780
77310
41850
5760
64710
68310
46710
87660
47250
36810
43650
2970
34470
34020
67410
54180
58410
43380
17190
74880
72000
28170
91170
95850
14670
91440
65610
95040
59670
63180
59220
20160
20970
85860
25380
72450