891 9736
52200
3780
52470
37440
99180
37800
26550
58770
84780
22140
85770
63360
35010
21690
50580
6930
52290
66690
36990
90000
40680
99630
24300
67050
34920
93330
11430
55170
98100
69120
75780
48330
18450
17190
4500
37530
26370
78300
29700
23670
13320
77310
95850
7650
85770
26640
42840
12510
92880
38340
74970
82080
9090
26100
63180
8640
84150
3690
30600
38340
31230
70290
63540
84960
72180
81270
32580
2790
33030
63810
96480
93600
72000
51210
39240
17010
40860
63450
64080
69210
68400
97740
46440
79740
14760
41310
65790
76680
99900
36990
28170
96300
52290
53820
79020
35280
81720
76050
50760
98280
25110
38160
54720
97920
46620
8100
86580
40050
20700
17460
68040
48240
62370
8010
69750
2610
64890
56250
23310
41850
62730
23310
85950
6300
79470
1350
13680
78120
59760
66690
8190
27810
77580
40770
35820
32580
27900
89910
49140
40860
31500
64710
67590
70470
77580
9360
51120
35010
8730
70560
84600
45900
33390
60660
2160
20970
3600
53550
12150
40140
76320
31320
86130
37350
85590
4500
68310
11790
57150
1530
34200
36000
92250
69840
33390
72630
63900
25830
48960
83430
82260
50130
11700
46890
16020
17280
68130
15210
42030
46890
31050
29880
77310
57420
59850
96210
47430
93690
85590
73440
54000
80460
82620
19530
4320
49950
22320
77850
72720
74970
31410
5670
30060
71010
22230
4410
4680
19350
60030
50040
9810
11340
76950
52740
53190
26370
30780
60930
60570
47700
57600
69390
81630
42480
27450
19980
540
88830
66060
72900
59940
72360
64620
62550
80730
8190
86670
41400
900
11610
67140
14310
54270
13050
23760
88740
93960
18540
55800
28800
20520
46620
67680
81450
84420
32400
99630
78210
93960
54090
93780
85590
50940
93330
79380
34650
69660
54180
1440
86220
18360
9090
60120
6840
31860
99360
49590
63810
21960
78030
97020
34200
71910
49680
990
39600
11970
83160
52290
38610
25110
92610
52020
39150
26010
60120
26640
31050
50760
26280
54270
88740
12960
52020
47790
60210
70740
60750
67230
85860
74070
50580
13320
72720
31230
91080
99630
90000
63720
90540
85590
70830
30150
97740
31050
68310
57600
52110
82350
77040
95310
78030
49770
34200
65700
12330
55260
56340
22320
21960
26820
34380
40860
1170
26370
3510
9990
20160
34650
78480
10170
64440
22770
9270
16110
21240
22410
52920
74070
60300
56250
1440
68580
31410
91620
27990
83250
79830
40680
61200
27450
49680
9270
41130
26550
53910
97920
11430
18180
51660
58950
14130
57510
39780
78930
31590
52830
28710
37710
33570
48150
96120
18990
55080
75960
88110
81720
36090
21420
42930
91260
75240
72630
40770
16470
53730
22500
18000
4050
33660
58860
41850
2250
57420
450
15210
33660
29250
57150
90990
18000
76860
44820
6390
34920
99450
60120
63180
73890
98640
57420
94500
69660
13770
54540
72000
900
97560
85680
10080
91080
40680
22050
21960
10170
61110
92700
4320
67860
7380
22050
92160
99180
65430
69930
61650
56340
66330
630
95220
80010
26010
86760
34290
13230
65700
67680
7020
38610
33300
48420
44190
46350
44730
96750
69930
96480
19980
88650
81900
99180
59760
31410
56430
97740
42210
63990
30060
91350
12690
82800
56430
51120
74970
30510
44730
44640
89820
93780
30690
83610
60210
45810
17550
27000
4680
40140
2070
40860
27720
32040
36990
7110
89370
81450
16740
11340
67590
83880
78750
34290
15840
15930
68400
72540
34470
14400
64890
63090
71010
78480
48600
73260
57600
66510
17010
16020
35100
540
43650
86850
59580
43200
95670
4770
72450
3420
74790
51120
66420
20970
810
52020
54450
22050
14940
17820
49230
56970
2520
34380
14940
72720
92070
10350
45630
41400
48150
94500
12240
30600
24480
68400
93780
72360
77490
65790
49680
20610
34650
89910
82260
51120
16740
63090
19980
98640
46080
10170
96300
92250
95490
13770
87030
19170
30150
66690
83160
18450
26190
78750
49320
84600
5310
10170
38880
68580
88740
72450
61290
73350
72900
73080
68220
70380
56790
50760
82350
83970
43650
87750
89730
4950
31320
64260
72090
79830
22860
79110
16650
64800
16290
51030
53820
69660
74430
58680
17370
62730
73530
99450
65070
12870
81540
90
94320
78480
10890
41850
73710
13770
61290
75690
31770
9270
78840
37350
7290
720
32130
1800
2610
37980
47160
14940
67410
30780
21600
27990
87390
1710
36180
89100
66510
81900
63360
2160
13500
32670
21150
900
13230
5400
80550
55890
7200
21060
3690
78300
79650
720
630
58950
5310
89370
70740
10980
45990
18540
70020
79830
10710
76680
86850
9000
81630
70290
66510
40230
61470
16830
99900
56430
2610
31860
78210
18270
67140
81450
90270
35010
72000
31500
7380
73170
41940
89370
90900
28350
14760
8730
9090
18540
50760
43830
44100
21510
83250
18900
3510
45090
8280
82800
98820
60570
3600
58320
22680
83250
91890
3690
79920
88920
9900
41400
29970
73710
73350
6120
92700
57330
98550
360
19710
18630
64440
7830
9900
28350
19980
49230
33660
76140
75060
45990
18000
23760
64800
28530
18180
63450
62100
28530
75600
78570
24570
26280
8820
44460
83520
31410
53730
94140
7740
19620
47430
76500
77760
17010
5490
48690
55170
63180
42030
98640
15030
50310
99450
75780
86130
12330
84150
38160
84780
71190
80010
39870
46620
92700
49320
94410
17280
80730
13230
83790
84780
16020
48060
6300
92160
57330
12510
38610
64260
70020
15390
62820
99180
88740
24840
37800
85230
15030
78480
12960
89820
13950
84240
89730
19170
39870
94230
26910
20250
80100
49320
720
9900
98910
9000
11610
19530
36180
55530
99810
79110
24030
52110
38970
34470
51750
26640
31410
54450
22500
9810
56880
57690
80370
15840
27180
18360
79470
15570
8820
90
29970
14940
83250
88380
59220
53100
93780
82440
30060
3330
56610
84240
84240
31500
56700
75330
39150
35370
33660
990
3780
93330
71010
96930
44910
64260
69840
39960
86400
81180
56250
20880
21870
78390
93780
11970
91530
27360
12330
57690
6840
46890
8280
92610
73080
53550
24300
30330
63720
54720
48870
90
54360
63450
38070
68580
69390
42840
3060
30780
82080
48150
11250
90900
990
10260
62280
51030
61290
10530
75150
90540
36090
91530
70470
13050
29520
22680
80550
74340
34290
20250
61110
58410
29250
11880
75510
35640
89820
14400
44010
17730
24930
7020
90540
28980
29430
63000
90360
80640
83970
23040
88650
93960
48240
17010
14130
19080
93600
44370
75960
36630
76320
62280
79110
7110
30600
56610
64080
1350
25020
22860
810
42570
25200
79290
23490
35820
44550
20970
8370
60210
18720
43380
68850
75600
34830
50490
45630
83790
80820
2610
91620
77940
31410
33120
61650
48150
50220
71370
96390
80730
73260
91800
8370
540
53730
76320
21600
58320
10800
32670
96480
31500
68490
67860
23850
14940
87120
34200
31860
97380
60390
35910
93690
87120
76140
59400
42660
63720
12420
30960
34470
13860
65250
63180
57870
80010
900
47610
91980
40590
33930
20610
24390
22230
6390
24300
49860
75600
24840
87300
44460
18270
10440
88740
20070
32130
35820
11070
23490
27540
62100
29610
43650
72090
34740
10260
42300
32940
22590
86130
6750
52290
22950
37080
11790
25110
75330
60210
90
65880
37440
2970
90900
14310
98280
99990
58770
12780
83070
49770
16380
58590
49140
12060
84150
2340
11340
94950
98730
63090
73170
65250
56970
69930
32490
33300
49050
74700
5040
64890
51210
94050
13860
1620
39780
40320
92700
93420
18900
92160
79200
73980
78390
19080
65430
97380
74250
71550
95760
30960
43650
78840
23130
31230
31950
79020
48690
89370
25290
90
58050
11520
52470
21330
42570
34020
45360
5940
27900
78930
54270
8100
52470
17370
86760
76140
71730
18270
14220
14220
72720
75780
34740
17910
33210
93780
3330
20790
810
28530
30420
97920
25200
47520
1800
26910
19260
4050
50040
75510
36810
24570
82710
90540
17190
45990
84330
72270
53640
5850
94770
1170
18630
40050
19530
99540
96660
93600
9540
72450
27900
94140
87750
27720
24030
39420
10980
23850
75420
77670
99450
6750
58320
49590
88200
8730
61560
62190
90180
31680
31050
9180
87030
91890
11610
13860
49500
99810
50490
84510
1170
68760
86670
93240
82530
57150
57420
28800
63360
60660
41130
46080
29610
23670
65880
83070
27180
27990
39960
87480
50400
10620
15030
15210
41670
72090
93060
5760
85320
1890
45000
32130
45810
68130
3960
82710
51390
19170
9000
91800
56250
51300
14400
64890
50490
31050
87840
53910
97380
94050
82620
74430
21060
11250
11610
78210
30330
86670
9270
49410
82800
84420
70470
19800
64260
41130
60120
54720
11610
48420
49050
85590
37890
56340
4230
85140
15570
43830
95850
34830
92790
39960
6570
32130
86220
19890
39510
42930
6030
88380
50760
59850
29430
79110
48420
4590
74790
87750
37170
20340
65790
2160
8370
87750
30420
77400
63090
84690
11610
94140
92520
52920
28350
7920
93960
2340
72810
12690
24030
62370
66600
5490
18180
23400
81810
55080
26010
49500
10890
65430
52830
98730
30150
3150
53280
5760
87570
96750
62370
33210
90270
53280
16650
90360
92970
82530
22770
29790
22410
61920
27990
90000
450
88560
34380
7830
47520
62910
8730
92700
53640
71010
64530
45360
22410
82440
43470
14670
89550
28080
56880
73080
14130
41040
98370
40590
10170
91260
9180
75600
10980
48690
44460
23760
90540
37350
43200
87930
56970
85230
20340
9540
94860
22320
81810
74520
54630
43830
25200
86580
84330
9360
21240
79020
92520
68670
76950
67770
18540
32490
72090
42300
32850
810
22860
810
46440
59310
65790
4230
34650
9720
36900
12960
97560
64440
67770
76320
19890
87120
21420
51660
84960
97560
24390
64980
38880
35910
22680
89100
10620
71910
62640
54000
47520
6480
17910
97470
73530
540
10620
99360
76950
38970
10800
83610
77580
80550
66690
86400
78930
85680
360
92250
24390
85140
25920
88380
70650
1350
17010
21870
2430
19980
16470
95850
95940
38430
67050
91890
67410
74970
51480
38610
57960
95670
32040
51750
10980
13770
91530
39690
18900
87210
58500
30780
48060
70200
9360
60480
26640
67230
15840
35910
13050
47250
94770
55710
68400
35280
5040
50760
4770
94770
9900
23850
97920
69840
99360
58770
52650
52380
56340
28350
25740
68040
51570
63990
78210
29340
90180
68040
61380
88740
38790
91080
74250
89820
40500
1890
30510
73260
43020
81180
52290
22050
48870
15120
80280
95670
50940
80100
13050
21600
65430
74970
7470
8280
58770
8370
41400
36810
4410
94500
40050
17280
17640
81810
27270
26010
85590
540
32580
65520
34200
10350
28080
63000
31680
81990
78570
68400
63090
30150
6120
70830
61110
66060
88920
91980
17010
90090
83700
32310
59670
33300
79740
76050
99720
89820
54360
67590
40140
30420
10170
3420
98640
16740
94320
96840
59490
43110
85500
79110
11250
44370
52290
71820
83970
16020
47250
63450
58680
6840
32760
50580
1440
84150
53820
180
74700
62640
54000
6390
36000
93060
83250
83340
62100
82170
69570
76500
76320
69750
46080
80010
17280
89910
60390
51930
65070
23310
47160
450
81000
37980
84960
54990
62640
44010
30240
60660
41580
9270
88830
43560
78120
97020
14220
23940
8820
66150
63540
15840
30330
31500
7650
6390
57510
24750
23220
43650
6480
70110
24480
90900
55350
6570
37890
35730
10350
26910
88830
90000
22770
12510
81000
74250
43740
96930
17370
6120
94140
62370
66150
57060
40770
5130
76050
84330
36360
73620
78210
80640
97740
56160
21330
90450
47700
55620
80730
63630
72090
45900
90450
21240
16740
99720
11070
25830
73710
22410
99360
93330
47520
32850
37980
87930
46530
32670
12600
45000
63900
50310
1530
54000
86490
51120
3060
6570
3060
60030
99270
61560
90270
38430
30960
54450
53280
41310
11520
810
23130
63630
46980
73530
27450
79110
16560
46170
82260
27090
96210
22860
81360
88380
88200
65160
99540
2520
22230
38340
40500
88020
62280
38520
59130
85590
40680
84690
46710
41850
33390
49050
87480
92250
1800
90810
66150
41940
79920
68220
77130
16470
65070
0
33840
58860
97740
80010
72270
84420
94050
10080
46980
45990
61200
70020
2790
40770
49320
18360
40230
68040
28350
47610
43020
87210
55440
28710
24750
60030
77850
42120
85950
78300
39780
55260
77850
1800
82350
33120
12060
75330
47160
67770
77490
45360
12510
4950
19890
80010
45720
79740
25470
73980
62010
78120
84510
8100
89640
82440
66330
54450
91530
36450
77310
63090
38610
36360
30780
8010
96120
4950
43200
65700
22680
93690
20520
92790
58590
40590
54720
78210
58950
52920
67770
95670
25650
72900
96570
92160
5850
78300
56070
56970
44910
12600
62640
53550
92790
50130
99990
19530
95670
21780
49950
61830
98010
76230
95130
11250
29970
69210
94590
5940
29520
72540
77310
25110
92610
3150
42210
61830
53280
51930
72450
1170
5670
84780
73530
37170
84690
26640
92250
79560
94140
49140
44730
77310
11430
47250
72360
4770
87930
54270
32670
6570
88020
35820
57870
17280
6390
13500
15480
47070
42660
66690
47070
23580
39690
19440
10890
68940
33480
58320
43740
77760
70650
38520
7200
450
45810
10710
11790
9270
37800
76140
19080
79380
6840
48600
17460
34380
70470
74160
17190
11430
43560
36450
84240
83610
19080
96570
69210
41400
71730
53280
25740
3150
31140
450
91440
70830
12870
17460
40860
65970
47610
73800
46620
22680
78930
31680
21510
28800
3240
40860
63540
8910
24930
36000
29610
82260
18090
14220
45990
14310
86850
79290
9270
81810
14400
85950
26190
66690
92340
82080
61920
77580
68850
24660
88920
48060
62730
54090
17370
32850
31140
34740
39240
60750
31140
91350
28710
14580
47250
63540
90720
87660
22050
53910
9180
75690
81900
48060
1980
55080
93870
32490
91350
4860
30240
77580
71730
71640
52740
79020
29430
84690
93240
97200
6840
26370
37980
1710
25830
9630
69840
38340
84330
1890
68850
74970
20160
38520
29520
50040
41940
90450
89370
44820
79200
32040
81000
7020
17730
92250
18630
78480
95040
21150
87300
70380
56070
21330
16110
69570
49860
1350
21330
83160
8640
81720
60840
83520
27990
75420
810
79920
810
39150
28260
88470
33660
85410
67320
58320
47160
30600
36630
56430
70110
71100
96750
40050
20430
18720
59670
54540
80550
92520
28800
56250
2880
96570
4680
23220
14940
32040
48960
3870
53190
7290
19440
15300
81720
65070
10710
33030
89370
6930
55620
93870
93600
31050
68130
87930
33930
31680
20070
78660
29160
6660
70110
39420
46530
75960
78030
37350
20790
43290
19260
16110
67860
97290
86580
40050
98640
25470
32940
84150
90180
99360
30240
41850
33930
47160
12960
89100
18450
82890
76860
55440
80370
73440
37350
80190
62640
32490
69120
89100
92250
88380
68400
50670
3060
19890
83790
60840
61020
39240
60030
78930
36180
47340
48060
45540
22050
6480
79200
31230
96660
1800
70740
41850
81270
65430
65250
20520
92160
16200
19890
69570
50940
98190
49230
64800
66420
63990
60210
83970
96300
75600
63900
33480
92880
79110
73260
39150
14490
92430
42120
85050
82170
40140
17370
40590
90810
14580
72270
5310
5580
52560
69120
8730
66690
83610
53100
15210
16110
36180
25740
27000
24930
32490
21690
59220
94230
33840
58950
19980
5220
49860
63270
33390
7110
86040
81090
61830
45090
97380
17550
37440
64980
81540
94050
13140
20790
15480
86670
75780
900
61380
32760
78840
2970
80820
13770
18270
28440
17010
36180
24210
52470
43380
38340
87840
60030
75600
26550
38520
91080
72180
6570
34110
83250
11880
33210
28980
19980
30150
3690
82530
19080
49860
59400
53820
18540
51570
83070
17910
48150
67410
37620
54630
64710
16560
41940
6030
34290
14040
63540
96750
99450
55260
14310
59940
99090
50040
71010
33120
6930
97290
37170
67410
13770
10980
29340
71550
16290
89640
78660
98640
93150
83340
85770
76680
30780
15030
1890
5310
48240
53640
3510
75780
83880
11610
86940
34830
96570
74160
47430
56610
88740
21780
5220
57600
41130
36540
21240
87750
92430
12420
77220
7920
79740
95040
2250
59580
61560
41130
61740
99450
82710
84690
85590
66060
78930
82980
76950
27810
63990
12150
80820
31410
21150
35910
24570
17730
4770
94500
20430
45810
39690
95850
12060
90450
92700
92610
52650
66420
7470
87300
61380
71550
68490
39960
70290
14040
86490
50580
65160
35190
36720
57510
68580
73080
34200
45270
15390
98010
87390
77580
97740
20430
16380
31680
68670
20970
85860
86400
95400
78570
37440
21780
98100
29160
4950
87750
53550
35370
53100
93510
17910
80730
42750
85860
34830
52830
27270
31860
27540
83700
26460
720
2160
75870
41850
35640
17010
59130
91530
48960
64260
9630
96840
4770
44910
48060
82800
95040
61470
79200
52290
60210
90450
86400
3240
99270
69480
12510
90540
32760
9990
77760
86220
58050
2790
55710
68220
75690
65430
29610
79830
28980
57420
88110
9990
94950
6390
51390
84150
14850
45990
1350
89190
13680
86220
35910
77310
13140
73620
90540
61470
97650
40770
20610
2160
8010
59580
97380
58320
20160
12150
35010
19890
60750
13770
54810
78390
13320
17280
62640
50490
9090
31860
63900
75060
49860
30330
38250
87570
53820
29160
29610
54000
14490
27630
65520
94860
1800
61110
61830
40500
13410
53550
97560
77580
9990
37530
85230
38880
65970
35820
14040
98730
85230
48600
74700
990
31500
58860
11880
73350
30780
64800
39150
66600
17010
25650
75600
72630
13770
91440
95670
58320
60210
51030
90450
92700
6210
16470
6210
26280
37260
58140
37890
75690
66240
43200
59580
16200
58500
54720
37440
14400
54270
47340
46260
63090
84510
49050
32130
15930
54720
61560
94770
40320
93060
95040
64710
39240
5220
59850
13590
72360
98460
49230
34290
32670
38790
7380
69030
24930
47700
91260
52830
98730
5400
79110
76950
91800
19260
19980
58230
30420
23400
25830
51390
40410
7920
77400
89730
94410
63720
17640
79650
17730
11070
28440
10440
66060
42570
50760
67140
23670
46890
11430
67320
74430
34650
47340
78930
69120
23130
81990
33210
79380
13770
84960
72090
78210
76320
61830
51840
8550
64530
49320
91530
87930
70380
84240
26280
20880
9270
92700
56970
43830
55890
45990
60930
43560
16290
59760
99540
15750
34830
3420
44100
65250
68580
18540
67680
16380
28080
82710
14760
25560
3780
96750
87030
44730
35280
1350
92430
79920
55350
50130
74700
16560
51480
86760
13950
57330
11160
11970
87930
92610
75870
25650
26190
49230
24930
78570
86130
22320
810
22500
29610
92520
57330
9720
94950
74970
56880
71280
54090
18180
46170
7020
29160
48600
54360
24120
12960
69840
97200
11880
7650
31230
92160
67590
67590
50670
37710
990
29430
88380
98010
6390
43920
10440
15570
71370
93510
6660
14400
6930
91440
90000
93420
91620
87120
65340
30060
5580
99090
32850
29160
78210
25920
49950
51030
78750
37620
15390
86760
95580
7200
67500
74880
8640
4770
66690
23760
77130
96480
80820
91440
19080
62460
6840
98100
55080
96930
6210
9180
97470
2700
75420
4770
19530
67320
14760
82710
60210
32490
53820
46800
17370
9720
42210
15480
42750
71640
97740
56520
83430
75510
74160
88470
99360
55170
58950
94140
79920
45810
36180
87570
35280
34560
23130
24480
82170
8190
89550
76500
26730
35460
84600
25110
91350
82710
4230
30600
53550
27720
93690
75780
57420
93870
810
71550
52740
16290
540
65160
43740
34290
55710
29250
58590
67770
22500
42480
68850
88110
90
44820
40500
74250
23670
990
39510
91800
1440
2970
52020
77940
68760
17460
82080
68940
79200
18540
37710
23850
74430
18180
60390
53550
92070
34920
26460
16830
42030
60930
58230
55080
39600
23940
95490
84150
79830
17640
96030
41400
24660
30420
66420
63000
72720
50220
58590
61110
45000
96300
71280
39060
33840
12690
91890
81990
14130
36090
59400
25110
61200
79470
32850
31770
10980
17820
64260
23670
84060
93150
42930
63720
52470
44550
83430
74970
41040
27090
95580
49410
7470
65700
56610
83250
17190
81270
42480
47970
69480
73530
14310
65790
63900
83610
95490
57240
11340
5850
19170
79380
86940
21780
86580
93870
3420
3600
47610
88470
80280
20250
68940
99450
40950
35820
98100
99990
33750
16020
88740
68220
2520
73350
70830
58680
96570
21960
17730
28260
1440
46530
58950
64080
75060
32310
48600
2880
92970
44190
19170
69210
71280
31950
82620
10890
77040
47700
28890
20070
87660
68580
85770
95580
98010
84780
3960
7110
4680
57240
64710
27810
50040
49410
75330
38970
6030
91890
41130
66420
24300
42120
48600
94680
10530
81270
9090
83250
68580
1530
4680
51210
26820
3510
85500
46080
85410
38160
41040
62730
53550
46080
77760
23040
40950
29340
13410
88200
24480
21600
20430
52380
63450
90450
4320
85680
45540
94320
47070
15570
270
39060
29880
99900
63450
18180
91350
42660
83700
26010
50580
32580
17100
10440
98370
8730
18900
16740
57600
5130
86310
87930
84960
32850
35190
65700
3060
54990
60120
91080
81990
41850
94140
43380
57870
75150
48240
43740
47340
69120
91980
25920
14760
7920
79830
28710
55890
95850
51390
85410
54000
2610
64890
44910
12510
12150
93330
22770
71370
81000
43650
35550
27000
87210
7380
18090
66240
58770
36270
6480
70470
68580
62730
77940
12960
99270
14850
33570
48690
22950
53730
75960
45090
86670
91800
74700
49410
50220
95850
57690
88740
29160
58050
51390
61290
4320
23310
39330
54090
86400
93690
81630
70470
65250
50310
24390
70830
99630
85320
49500
11790
63900
45270
83700
27090
23220
53730
83880
56070
12960
14670
68040
93600
97290
40140
38430
10620
1080
2250
60390
67410
65700
65610
180
88020
58770
37170
16200
75960
11340
88380
11790
93600
78300
62730
79470
84600
5310
4950
4230
57690
18000
12960
47790
89280
48330
15120
79110
99720
37980
27450
35010
51750
71730
76410
17010
67950
17460
58230
26370
22770
98730
16290
8910
79920
85860
15750
38700
49950
26820
37980
78660
15390
20700
10620
98910
78120
43920
36630
20970
24210
91800
70560
10800
28620
49050
5490
5310
97650
35730
36180
22590
32760
78480
24300
38880
86760
17010
29430
73170
37260
3600
69390
51840
42660
37080
52110
75240
83070
27180
14670
10260
42660
37530
72180
70380
98460
59310
60030
90450
57780
8640
59130
46170
79740
37440
76860
49860
28800
95400
6210
50400
5850
69840
27720
81810
32400
30510
66060
69210
27000
51480
24300
48150
60390
69570
75780
49680
10080
64530
9000
83970
68400
65160
71190
46710
83340
26010
14130
79020
16380
13950
4050
76320
74340
76590
65880
8460
21060
19980
83610
30600
67050
54000
61830
90990
33300
36540
31230
82800
52380
26640
78120
96120
90540
89460
27090
91710
92070
74430
68130
82530
98460
45720
25290
64800
74610
35100
79740
3690
27810
44370
75330
47700
4680
81990
98460
45360
51390
23490
80550
47430
68220
85950
45810
63360
11790
89640
88830
73980
97830
37350
87120
64440
23490
7020
38520
81450
15570
6120
57420
81540
87750
95850
90540
58590
76230
19890
10800
55350
540
33660
79020
15300
9630
17730
92610
92790
25110
76230
69030
75600
10170
49500
92430
15750
81540
63090
31860
77220
93060
71370
89010
92340
27900
63630
54000
46620
61110
15570
83070
43290
11700
80370
67680
88290
11970
90900
52920
88560
85680
66960
54720
71280
45270
74790
51120
25470
31680
49140
8820
95400
39960
39060
180
29970
46980
79290
32400
18990
7470
17820
72090
20070
59130
60300
4410
15390
78750
84510
99360
57150
82260
74610
96210
62100
10170
82170
62010
60480
76500
71460
50580
96030
43110
73890
24390
38790
60660
8730
18270
68400
17280
17190
81360
59040
79470
33120
5220
43110
52110
50940
41220
41400
87030
29880
9090
24390
54720
27990
33480
81990
4590
92160
21510
77400
81270
94860
35550
16200
540
92520
24750
41670
41040
32850
61470
57060
93420
2070
26190
43920
49770
36630
79650
91170
77940
27360
33930
37350
28530
91170
42660
7200
63630
10440
85860
66510
42750
65970
92610
82710
94500
15390
810
71550
60390
11250
87210
87210
79830
56160
87930
65970
95130
43650
81900
51840
89910
66960
10530
36360
79830
70200
82710
22140
62550
91620
90540
75420
75870
2250
56340
37800
6390
74340
9450
51840
22230
55260
86940
27900
18180
63990
25290
68580
19080
61560
25470
43560
10530
81900
10620
57870
53550
35820
39600
17640
18720
84330
10170
97650
28440
68850
23850
51750
73170
97380
16020
9450
95670
21960
61380
8550
49140
7740
87570
56340
25920
9180
63810
34650
35460
54180
56790
33480
82710
62100
82260
45000
95670
71820
7110
59670
85500
65430
54540
95490
22230
34380
52470
94680
67860
74880
57420
91620
50310
21960
68130
63360
28800
86760
62730
93690
270
40590
13590
5580
64440
79740
23040
92340
81360
54090
72810
83970
24570
29250
630
96120
43830
31410
5850
15210
5850
19170
7920
12690
81540
90090
91800
17010
27720
36720
11430
74880
9450
30330
23130
46170
91980
5490
64980
16200
85860
66870
38790
33660
26820
84330
43020
72270
53100
97020
30960
55620
1350
40770
42480
38610
40050
19710
11160
44010
16290
28800
51210
77490
36360
39420
18540
99540
92340
48510
15480
47250
79740
21960
43290
56250
31320
47970
46080
68040
91890
50310
65070
63090
22950
98010
14310
77940
20070
7380
66420
71460
27630
2340
89370
23310
51930
72090
36450
87120
18180
24120
95760
13230
94590
80730
87030
67680
78300
76590
69570
30780
93510
52920
99180
57330
25290
79920
89640
85680
66600
70740
7020
6120
46980
28170
65160
33840
40410
21060
16560
76320
27540
72720
6660
44100
2340
12150
13140
70020
24660
97470
38520
32220
64440
79200
65340
8730
22230
65160
11070
90990
78300
7290
97380
40500
13140
84600
31680
47250
25380
92610
90
69120
54000
19620
88740
54180
99180
19350
10080
26460
31230
96300
57870
25470
86130
6120
25200
32760
3150
71550
39600
4950
71730
54000
12420
58590
36000
11250
7110
94860
67500
70470
57870
44550
88650
65700
73440
38700
68130
16470
61920
55350
97740
88290
4140
38520
87390
76320
76680
23130
60030
85320
98190
47610
69120
64530
75780
24480
42030
70650
34560
61920
91440
94050
90540
17010
31410
66690
47160
56160
97020
58320
34200
8100
19980
26460
42840
60660
40050
41220
55710
54720
35730
76590
16290
21330
12330
61110
99900
55350
45810
64710
74520
43650
88740
77940
76050
11430
7470
32310
82710
96750
76590
86220
8010
87120
33210
27180
91170
53730
57330
52290
84420
21870
12870
36810
72810
65070
15300
27810
3870
76770
41220
14400
98460
57690
17910
93960
74520
7470
25020
55080
79470
86400
29250
25470
5580
28080
68580
67770
95760
16380
70200
33300
8190
23490
10530
77580
40320
43200
2160
38070
56700
64350
8460
71460
37530
91800
66870
30870
92880
37440
26910
89910
68400
71280
22320
94500
20610
35550
8100
59850
35100
47700
70020
2160
41760
19980
70920
28530
99360
19440
30420
54180
58860
46890
13860
34650
37800
20520
66060
37620
50940
5580
93240
90
72630
20790
50580
67500
32580
43200
52020
98280
5040
99540
67050
7470
15570
49410
810
98190
71190
57060
89820
35190
61020
35460
72630
43380
16830
39690
63990
75150
51120
27810
91710
84150
22410
77850
51750
56700
73080
87750
78480
11790
35550
85680
5940
91440
59220
23310
2430
95490
49680
6030
23940
56880
70470
43020
54720
64620
86670
79740
28350
82980
58590
80100
66330
4950
85410
21600
74070
16650
52290
33210
53820
69660
6840
42660
25920
60210
29160
95940
89100
44460
87030
25740
61200
40950
73800
83070
41580
51300
48510
92700
98190
65520
38790
17010
2520
42030
25830
11070
42930
7470
45180
46080
35010
6480
84510
62190
54990
90
45630
30060
38970
4050
96570
35010
11970
18540
34110
27720
76410
14220
6570
26190
5850
36360
28710
51840
8550
38610
3780
42840
26280
36450
71910
41310
67140
80910
55080
14940
3780
70200
24840
77310
21870
93150
630
92070
1260
66060
37170
68760
79290
20790
3060
41490
26010
10440
45720
78660
46980
48330
67410
43470
8190
58410
94320
59400
58590
9360
900
98820
95670
64620
24570
36180
91800
75240
83250
1440
84150
5040
49320
26190
67590
99180
9360
72450
39330
180
11250
45180
21240
36450
42390
54270
44370
4410
84690
95310
57060
64620
41940
39960
52560
49320
34290
58410
17640
71910
98640
68670
3600
79830
88560
29790
49770
78570
57240
29700
85770
93870
91800
12060
86040
85860
40500
71370
88020
77580
75600
8640
15030
38430
35190
48150
81000
18990
67770
37980
30870
50760
59850
41310
25740
84240
88110
23400
35280
55260
66510
55800
61740
95940
41940
18990
99360
13500
3870
81180
62280
31590
99900
20340
10710
89640
83610
95040
72630
52290
58770
50940
60570
89640
9450
45180
7740
38520
51210
55800
23040
21780
27630
1890
25470
37080
2160
5670
64710
79380
58680
80460
65250
54900
21870
48870
88200
68490
50400
96390
35280
67860
99180
64350
92340
42300
45090
66600
17730
92160
29250
57960
55440
14220
97380
22140
13140
60750
39330
13050
990
73980
99990
50940
7200
37260
41850
5220
6030
96480
54540
4410
53730
93960
70560
16290
36540
99810
10710
10080
36540
82440
63810
68670
95580
95940
9180
48510
80820
78840
79380
75510
8820
72270
97920
26460
8550
68850
96840
93240
29610
9000
56070
57240
59490
57870
46440
82530
46440
33300
180
630
30960
67140
71820
23940
18990
86670
50490
85140
49140
97920
80280
82440
3240
4860
87390
89100
50760
34470
42750
8910
9810
92700
68220
85500
87750
82530
95850
26550
51210
76590
7020
17910
69750
54090
9360
84150
28530
18540
96840
98550
7920
83610
720
54360
44190
80730
61650
37260
79650
42480
46620
71460
46350
15660
89280
53910
37530
56160
85500
51750
50130
97200
83700
22230
26550
20520
58140
19170
1800
36270
45900
48690
59400
59760
36810
90270
12960
8550
80910
81270
47520
46170
84870
9540
30960
13500
82080
21240
41400
24750
36450
24570
37890
48060
35190
3690
59580
72360
15750
86580
58410
18000
49950
97740
74880
33210
87750
2340
79020
53460
37710
32940
4860
25110
95220
7020
94590
8550
58590
51390
84690
59130
33210
75240
80820
51030
94770
55620
22050
28170
26910
78120
34380
44370
55170
85770
24480
68400
8190
53190
36180
2430
11880
71100
81180
95040
53190
24120
96840
11070
17370
3690
8550
12870
2250
96840
78390
51660
16020
59220
19800
73530
22860
53100
79470
94860
74880
38070
79830
56520
81810
10440
50850
63000
65970
36900
81900
71010
28890
71730
6840
5850
47520
89370
79380
93150
24570
85590
72270
18630
55620
31320
75510
42300
51930
40230
1530
9990
57960
27630
20070
37620
56160
99360
40140
42750
24390
26910
45000
4230
65790
1260
39150
1530
55260
9990
9720
63630
90540
4770
44550
90990
83070
39510
62730
29610
85230
50130
96930
43830
15480
5850
65790
89190
60570
99180
14220
13950
9990
70380
450
68400
51570
93240
28350
28350
61560
45180
360
87660
74520
19710
4770
57240
49590
40050
15570
41220
10980
18900
75690
69750
59040
70380
12960
89190
69660
16200
73530
26550
68850
41940
92340
95220
47250
71820
23670
12870
65160
91440
69930
18450
74790
29160
26730
62730
41490
6390
59760
83970
5400
88830
8370
94770
90630
35370
65250
43650
45900
77580
60300
74430
3330
76320
54360
55080
28440
78390
87750
84240
68310
51840
39510
47700
7110
44010
25290
71460
37170
75240
42390
80730
39060
93060
45900
46170
78390
97650
95310
57150
33570
35100
52470
13140
84960
52200
33750
7830
95760
57600
33390
97560
1710
94770
59580
10080
51570
42210
6210
66420
10530
80910
63090
86220
39780
76680
58950
84240
81090
75600
16650
56700
39060
60030
90450
12240
12690
33390
20250
97200
25110
51120
1530
32040
88110
55260
32490
34380
50040
64530
39150
58770
38700
40950
79920
26190
94050
13770
68220
71370
23220
45360
58770
84600
37980
3870
66510
29970
2250
8010
53460
20160
75420
11610
51570
20520
29250
93960
20610
26910
22230
15300
6570
65610
95040
41580
22410
60480
45270
14130
45360
79830
64800
77580
50760
16560
49050
24390
39420
81540
24390
88470
39150
40680
64080
58320
45990
31500
62370
73080
77940
52560
40500
69570
56610
45720
26460
38160
78030
88110
25110
65430
68310
49500
58590
83520
36900
76230
37800
98730
38520
61290
66870
13860
27000
65340
24030
72900
12060
45810
93330
25560
21150
87750
27630
69120
54720
28710
90000
69570
92970
56970
5400
90450
13860
8100
45450
15210
41940
75420
77310
64080
15030
97380
39060
73620
45810
5490
19980
59310
77130
86850
73440
40860
61290
92340
24030
66240
22500
57690
83520
83700
95940
7650
86670
16920
51120
19350
48240
49500
43830
30420
65070
38070
72900
61920
65160
14130
63090
27900
88920
28980
1620
42930
77940
91170
87210
58860
85590
62010
75420
59670
9360
1440
92340
22950
71100
1530
45360
8910
42120
69480
67230
55980
15570
56430
91890
360
35280
64080
67050
62730
35730
58140
9180
75780
81810
13320
19890
45720
96750
5850
29790
75420
38070
75690
86850
28260
20250
57780
36540
66060
23760
12780
61110
77670
90360
810
69300
81540
29070
59580
55170
98370
43920
21420
19350
43920
50940
46260
7110
38340
7740
38970
59040
26190
97020
44820
34470
41400
44280
60390
86040
46890
54810
3870
44190
15300
27360
47610
63000
75960
15030
1980
50220
79560
30870
26550
76680
44640
36450
18810
87480
12960
96210
52920
85770
83970
45270
84510
65430
5310
87300
47160
49140
91710
19170
27900
81090
80280
59760
8730
75060
33030
77670
24570
71460
27450
32400
50400
45810
39510
33120
10620
39240
90720
24840
41310
35190
93330
24030
37080
37350
34740
67050
61470
18450
25290
73890
42120
74160
34380
14400
48330
42030
54990
9360
31050
75780
99090
52650
55440
54900
61650
53640
1980
78390
91350
94680
62010
72900
42660
32130
8910
66960
28530
81270
24480
14850
19440
19260
13500
36270
64440
72450
17910
99720
14490
24030
47970
52830
5940
59220
75780
81990
47430
58140
69030
22230
29160
76770
11700
78750
71820
78750
74520
72720
32130
99270
85680
51480
43830
82620
87660
76050
78300
95220
60300
77400
39150
66420
64800
80730
98190
20160
42840
2880
87750
68850
10170
77490
62730
60120
30240
46980
49140
97200
74250
35370
73980
90360
31230
72540
72270
21690
40590
65970
53100
8460
17370
84150
69570
70200
33390
48510
81630
27720
32760
67320
35370
35640
40140
4320
98460
59850
20160
36360
9990
18630
69570
45720
4050
81810
58230
91530
20520
84060
52650
26820
75420
83610
39150
76950
72450
27900
27270
18090
14130
83160
19440
82350
28440
79560
11610
83430
6030
84240
72000
18270
99540
29250
27180
55440
91710
7200
4860
66330
77220
89820
77040
57600
62550
53460
65070
60120
73440
65610
21780
75420
18090
79830
43650
98820
9180
6840
76590
6120
44190
22050
12780
44730
28260
32940
57330
93420
96300
59670
68400
20700
51030
360
73440
98640
58770
23850
1350
85140
40140
94140
51210
90
3240
46530
48780
21060
93150
85860
22410
89730
74250
31410
56160
40950
10800
88110
65970
89190
67590
72990
22950
80910
58410
76410
97470
57600
21780
8910
73890
61920
94500
26190
4410
58500
38430
42930
74520
73800
93960
76230
16470
85410
35010
3060
58680
47520
30690
59580
86760
61020
55620
38340
98280
46170
23220
33480
85410
35010
41490
46980
35820
69930
57150
42210
36270
1890
66240
12600
32130
69210
13500
720
88290
74610
10800
64530
79020
60570
59220
55620
91530
92430
82890
97290
0
88830
65970
83880
20430
47610
88110
85950
30330
27630
9720
14130
8820
49950
36000
83520
11880
10890
52200
11250
59760
3870
58410
16830
24120
32850
63990
46530
1170
30150
89100
85500
55890
36630
40950
88380
70110
4230
46440
82530
44820
87480
88290
74610
97740
89100
59220
50490
62010
75510
68850
56790
90
94950
3870
90270
77580
23040
92070
29520
64800
52470
63000
82890
57330
17730
62010
83970
7920
3330
18360
22410
35370
84420
11880
55800
86490
49410
40860
29700
82890
3060
37080
86490
86490
42750
28260
33120
36810
94230
88020
28440
42480
99180
6840
39420
93870
95940
18540
37800
98370
16560
15930
43650
86400
21780
64170
24480
30600
81720
2340
97740
94860
82620
56880
97830
25740
61560
16650
66510
44010
51120
18000
85230
7110
86580
37800
73710
44910
79200
33840
69030
42030
73170
16290
70650
15390
96480
91080
2970
21600
27630
90360
52380
90810
90540
47520
63090
40860
12060
98100
10260
71820
63180
23850
19440
20160
97830
69300
75780
9180
85050
88650
89550
37440
1440
65340
97380
45540
16200
37260
84240
54090
92520
60480
36720
15750
66690
81360
15570
27180
20520
23310
32400
76500
32220
48420
21780
5850
99540
16740
83610
99450
56160
79110
74880
49320
14130
73980
95850
14400
41490
4050
26100
15030
32850
75420
57960
27270
3240
15660
24750
27180
83880
10530
90270
10440
55710
52020
73710
20700
23040
11430
34560
77040
37350
88650
67050
13230
22590
74880
4230
45180
42660
72990
6480
75150
81990
74610
64350
77130
68850
75150
17550
73170
91980
38970
77310
99720
79110
3060
64530
77670
51030
90000
81810
23940
43470
2790
68850
94860
58590
45000
9450
10440
51840
33570
35190
76140
90990
38160
30420
59130
8100
50490
65610
79200
27270
69480
3600
74160
45810
96120
93960
57870
61200
96480
3330
99810
82440
27000
36900
57780
64440
9360
31230
10170
87210
75600
54180
17100
40950
18540
56880
18000
61560
57150
69660
54810
86400
43650
21330
92790
8730
28710
88470
49050
29430
32310
3150
45900
53280
1440
70110
81990
8010
94680
99630
22230
95490
46530
37980
6120
88200
79380
25110
48330
90180
89550
75330
80190
43740
14400
44550
33030
5490
7110
1260
7830
18090
85500
91620
31500
93060
18900
6030
64620
97290
70830
59580
43200
10890
87660
67320
89640
26010
15120
20700
33030
71280
51210
86040
89370
30600
180
98640
94860
94050
31680
59490
34830
79830
56430
97830
34470
33570
51930
76320
33570
83160
16650
15930
45000
56520
24750
67230
79290
83610
95850
42210
47610
20880
17280
36090
69570
47700
31230
2070
33750
79380
18000
810
95760
19440
22950
30060
74610
39960
87480
49590
9810
4230
4320
54900
91980
1710
92160
58320
89640
29700
9720
92970
89010
38250
19620
81990
65160
47160
21870
59400
8370
59040
46170
28440
6480
35730
17460
99990
14940
93960
18000
52380
81540
17910
74880
97470
94410
71460
68040
15660
9000
69120
10350
41040
76860
76050
90
22230
83250
81270
33930
26010
87390
47880
1170
46710
24300
32490
78210
56070
20790
1800
69840
83340
8730
4680
82710
18720
43200
62730
30870
93150
83790
69390
45630
12870
8100
96930
10710
93690
98280
23580
61470
55980
28080
11610
5580
81360
39330
71010
17460
45810
39060
67230
39330
65610
18720
21870
35730
69480
29790
54900
9990
29340
55980
22500
17730
50490
13500
71370
20340
15840
1080
92700
85500
32490
60840
72270
3330
52830
8100
81990
82440
56790
69480
54270
9270
73890
15570
97110
81000
47250
77850
67410
19890
27090
73170
29340
83610
53010
94860
270
22500
17640
60930
29610
3780
98820
53190
78930
48600
48330
48330
20790
540
82710
6930
9990
56790
98550
96750
9000
76860
6030
97650
60030
23580
98370
34560
13950
85590
52650
6930
99720
55530
32940
67230
28620
49500
68400
65430
95940
20430
39690
18450
47070
85950
97920
2250
27990
22950
83880
77850
54990
44910
7380
52200
49230
75780
57960
64800
59940
75060
41760
66780
32130
41670
1800
11700
71550
31410
48780
12780
16470
70380
78840
68400
5580
3960
52200
87390
89190
65070
64980
97650
44010
21510
16830
22500
39510
62010
99450
39780
55350
53730
9630
38520
74160
25920
96660
67950
88740
72180
77220
27810
14490
1890
4950
68310
68220
43020
10350
34200
71730
10350
90090
22770
90990
10350
54180
52560
87840
540
94410
21060
86490
34560
0
3510
990
95940
55800
68670
43110
62820
50850
52920
69210
41940
5490
67140
43830
28350
96300
5490
39690
12870
22680
65880
65070
34830
12150
75510
24840
29430
90
20970
68580
29520
27900
54090
36360
48510
47970
5760
24660
48510
72090
35730
74070
12510
65790
72720
91890
18180
89910
55710
87480
21420
1530
81540
18900
89100
6210
57510
43920
43560
49230
64170
14490
36180
85320
93240
87120
24570
58230
95580
20970
44190
59940
51210
95940
75690
55710
19080
21330
88560
17460
40590
35370
6030
63990
59490
73980
30060
88740
61200
22230
70470
32490
92880
35550
5580
98370
66960
46620
46080
61380
96300
65430
8640
26370
80550
62730
21780
81900
25290
23130
12420
52110
39690
20340
80550
29790
2430
71280
80640
180
39240
67770
96750
12240
94590
45990
97740
59040
19350
11160
72090
77310
26460
24570
56610
45180
17370
7290
45180
75780
49860
49860
41040
24120
83430
20430
58680
70560
45270
73170
25380
77310
42750
37620
4500
50130
20970
96660
23580
44910
3150
32400
27450
62190
47160
58230
16740
91530
97020
44370
31770
56070
43740
62280
72270
73710
66150
45540
27180
92790
51120
41490
98100
31680
18450
8730
14040
5940
90000
12690
20700
9810
7380
94140
78660
33120
87570
98100
54000
29430
54810
87930
70290
56520
86310
95400
86940
27270
24660
78660
22500
55350
11880
28350
15930
47880
90360
22950
20250
82350
67050
34380
82980
61920
29250
7380
88470
6120
62100
38340
47880
5400
62730
60120
49680
53640
77850
80820
96570
71370
81450
93240
43560
90
28710
35820
79650
49320
4050
49500
17640
58320
38610
2070
82800
94230
73800
58860
63000
75960
14040
90900
92880
95130
51930
15210
64350
21870
95310
13140
81990
24750
27450
11250
14490
33300
83340
59040
57060
10080
41850
71370
87210
63720
1440
16560
82620
59130
20610
48780
14670
86580
41220
7470
84150
70470
81990
92160
99360
87840
67320
9450
9360
51660
16200
95490
88830
81180
8190
53910
10260
39690
45990
94680
26010
39240
19980
39240
24480
44370
68310
77940
64890
27990
38610
5310
98100
80370
20340
41490
64260
94590
46710
26550
43920
14490
32400
67230
68670
26280
25470
2880
12780
41130
16650
46080
1800
51660
12690
77670
21600
32220
63990
37440
43920
82800
26100
63810
86040
60120
6930
59490
53280
28620
89550
19080
55530
87030
87210
46530
47520
30600
71820
65250
54540
4770
24570
28800
78570
89730
48510
60120
51120
19620
93690
60300
37710
78210
15480
51750
34020
16740
2880
9180
70470
25560
73080
20970
8730
24210
1080
15570
70290
28980
50040
24030
24030
78030
52380
40680
41850
17100
28350
83700
64620
24840
4320
33300
34560
6120
98010
46530
8280
15120
37170
95040
87030
82170
47880
46980
9180
56880
98280
32760
34740
71910
39690
1350
62370
59940
51840
28980
39510
83340
97020
52200
26190
18900
18720
97020
11970
11610
62820
86220
96390
53010
55620
93510
30780
48240
89550
3330
31590
15390
48330
11340
8910
72270
85410
450
59220
50670
72000
98550
24930
37890
54990
49950
35190
53190
95130
72000
10260
47970
11970
87750
50670
13770
37080
10170
10080
8370
22680
8910
57870
29970
50130
51930
28710
11430
53190
30870
83880
39330
34920
43470
65610
86040
75150
82710
34740
91710
99000
21330
60390
9090
360
33030
99180
96120
67680
77850
67590
27900
2250
39060
82080
13050
30240
63000
14940
31590
27990
44910
33300
98730
30240
32130
51840
16650
78930
69210
33750
66870
59130
83160
56520
4770
22230
97560
77760
39240
40500
28980
17460
35190
30510
29880
80370
44550
91440
40770
86130
59220
92700
97920
80370
63540
41490
10980
30960
30600
34290
85320
49050
450
84510
66960
10260
6030
56340
18360
25290
35820
12150
73440
10530
64440
69570
9180
87840
52020
98280
51570
93870
3330
49950
53190
57600
58050
50670
38610
94950
2610
3780
27720
17820
31320
65340
5220
18900
4140
8820
84240
44640
52740
30420
65340
47610
2250
34920
85230
37170
76950
88650
40230
38970
54540
19170
37620
13410
30600
45900
77130
38250
48060
83160
21510
30150
16650
84420
25830
94500
70560
360
26820
63450
33570
91530
40770
630
93420
12690
63810
72270
36360
80460
55980
82620
20070
32850
30420
32490
84150
15300
98100
28530
91890
40950
34830
94320
98190
53640
11250
32850
23850
95580
83340
82350
20610
95400
1260
41490
66690
13230
35190
49410
19890
34920
89820
5220
32310
76230
84960
49140
22770
16740
59310
33120
93780
80280
75330
16650
94230
58410
91800
3780
65700
39600
7920
35190
13050
8550
47700
9450
66420
51480
77580
30960
42030
63360
50670
17550
4770
37710
14940
82530
18090
52290
12510
25200
43110
21960
38970
87390
53280
13590
17550
1620
66780
69660
44820
53820
68130
20340
45180
2610
62640
90270
92970
94050
48420
98640
43200
10350
41580
56340
15030
43920
25830
53820
45180
75690
17910
40140
14220
30600
17820
54810
93240
41490
27360
52920
51480
29160
4230
48690
75510
87840
98190
23580
52920
71730
67770
31050
79110
70920
34560
6030
90990
95850
73620
47610
35910
22500
93960
49770
83250
40320
39690
75690
54090
58590
36270
42570
88290
95850
13500
4050
35280
21240
12150
44460
67140
70200
56610
44190
69930
54090
11610
47250
78300
82890
80820
88470
11430
2880
45360
28710
76680
7740
36360
98910
67410
34110
42750
15300
53460
70920
86130
27990
67140
59400
450
24030
2340
93690
21690
14850
24750
49680
52740
76140
25650
95130
37530
24120
50130
68760
720
1620
49590
91440
71100
90450
68670
32670
84780
87300
41670
58590
14310
66510
1170
68490
69570
68760
6390
48690
28800
26280
70470
20160
57600
48420
59310
99180
55710
45270
35010
92610
90180
45900
57960
32220
11430
82890
38430
59310
38340
11430
29160
8190
22320
40770
270
25470
51750
75060
77850
98550
78840
26910
86580
40860
95670
21960
29250
78930
14580
53190
53820
30960
9720
66150
36630
10710
83160
19620
94680
14850
92700
26100
54270
83070
31860
11790
13770
25470
80280
74700
98550
99810
99360
14580
61560
66240
6570
12600
18900
24300
1440
93960
6300
13860
33570
9090
20430
9540
62550
79740
41850
13860
41490
10260
58320
47700
49140
8100
59040
59220
78930
14760
18630
90720
98910
34920
50940
29790
38250
45360
23850
68580
76770
3510
64620
67230
1170
73260
93870
11340
49590
41850
42570
68130
3960
44910
91890
35550
30510
58860
60480
45000
18450
70290
76410
90
91080
53190
45000
54090
34020
74250
60210
88920
64710
25110
22410
76770
93690
12690
43650
3780
60930
40500
41310
17280
73080
81450
59310
49050
6300
40410
64350
92520
8820
78120
76950
65610
58140
89550
6570
64170
47070
40770
2610
27810
5670
900
25650
21060
95850
45540
55800
79560
13860
10620
62100
67680
96210
16740
81180
47070
3330
5400
64800
63810
84690
23850
68580
21240
17100
53100
26730
5580
67410
46710
14760
3960
47430
87930
14940
94950
45270
3870
5760
86760
51840
62910
97380
77760
74250
46890
69210
97110
7110
74070
900
64530
44910
96660
64440
55530
90180
68400
13500
95940
97200
31860
44100
76770
80190
63720
18540
2160
66240
9090
53640
77940
92250
2790
89730
11520
76680
6840
34740
37260
77580
12150
20880
4140
10440
59040
14850
98100
77580
92790
72450
26010
12780
23040
33660
93420
49950
91350
61650
99810
31860
66600
95490
55620
93600
85050
73080
72810
30870
24210
11790
72540
11250
23940
60480
19980
90990
46440
14760
45990
49410
46260
18090
46080
45540
67140
46080
23040
32580
49410
99630
87120
44010
44100
19260
55890
24750
2340
75600
56520
81630
32040
58680
47970
65520
95850
13410
8550
97650
93780
72000
78300
46350
40140
52110
4770
21240
17460
30510
91710
51840
63180
24570
37440
9270
31860
47250
810
91260
81360
93870
50940
9090
66240
66600
98460
24390
92160
24660
20430
41400
33570
46890
32850
47520
75420
48240
19620
90
30960
21510
14760
73440
65070
32220
21780
31500
23940
13230
16110
87390
97920
18720
71280
3510
38970
9990
7920
48600
13590
18720
72540
44190
5760
34020
59670
5670
96750
540
85680
30420
49950
42750
18360
41670
45810
60480
4410
82170
55260
20430
92160
96840
56070
16470
50040
6930
70830
21600
93780
53010
12600
12510
96840
20520
49230
22500
19170
36810
59490
89370
77310
39510
55080
84960
17010
61380
79830
29610
7650
18270
87120
75510
53640
49770
6210
31050
21510
92790
66240
57240
22320
79740
64800
11160
11610
99180
11070
26190
87480
66960
31860
83610
98190
7920
97560
71100
40140
7380
96390
68940
11160
77580
32040
76140
99720
57960
66240
47790
40950
24660
21060
46350
95400
45720
52290
22410
93780
39870
44370
92520
8460
4230
23400
43830
75870
54990
43020
79380
60030
40050
54180
91530
71910
32400
53910
65070
76050
40950
96120
540
56790
95220
39330
22050
10170
44550
71820
69750
15030
79650
26010
94320
70020
15480
58230
24390
86760
62190
34650
50310
77940
91890
17730
55980
52830
2700
35640
26100
25740
14850
70650
1980
76590
59670
59580
56700
45360
50580
97020
56070
82620
52650
19980
97290
37620
60480
43110
65520
91170
13590
96480
42120
54900
98280
34020
11790
88470
28260
70110
35370
98370
14400
94950
43110
81630
13050
47880
44280
58860
25560
22680
90990
44820
71190
54900
52110
62910
43200
53190
7020
54450
56880
53460
54090
26010
72630
16740
74430
73170
12330
64980
27540
78570
67860
19530
12510
39330
19080
22950
10890
97380
84600
98100
16200
99450
51030
64080
30600
78570
53190
3510
7290
31770
8370
8820
77760
60210
99000
41220
29970
67860
79200
35010
31590
180
74520
99810
97920
94230
32670
58230
36270
37440
52020
39150
65250
56160
61740
97920
74880
63270
21060
78480
72810
93960
83340
13590
61920
65520
43020
74970
61200
77580
62820
8550
6570
32940
16380
54000
51030
57150
31410
87840
57870
3510
79020
1170
70470
19530
6930
36270
45720
14760
3600
16290
80280
6120
45900
35820
11880
98640
40500
73350
43290
73260
52380
79920
94140
81720
95040
64710
24570
10260
37350
52650
22410
27720
13770
71460
91260
22860
15120
13590
99900
25830
51840
21960
48600
53820
28800
63990
10980
56160
27540
96210
1980
76320
55080
6030
91170
60840
88470
18450
29790
49410
59130
25020
17370
43200
97740
50580
29790
5400
53730
17910
66420
44010
61560
35910
50580
71550
67680
82710
5940
83520
25920
76680
40950
85410
26460
82620
93060
85860
42120
20790
64890
85860
62730
3060
2970
4590
22320
53820
20340
48960
34470
35910
40500
31410
39960
39150
17010
23310
83970
64620
14490
15300
67590
34110
83880
85230
46980
91350
2610
99270
39060
33120
51480
5940
51660
4860
80190
34650
29610
18360
17820
90090
57420
57690
16830
22770
31860
900
13770
64620
41310
72360
78750
31230
95580
58050
28890
99990
53190
4770
31860
27990
54900
36540
97560
35730
95220
38610
9000
69570
25920
73170
36270
40050
72090
68130
85680
98550
78480
29160
66240
95310
77940
45900
35010
44910
74430
23940
9630
78390
76050
83970
2340
45720
90180
42120
41310
64170
7560
71550
58320
81450
11880
3150
41310
50310
42840
88020
80730
45540
46620
97920
70650
72270
54900
70200
57060
36990
9270
77220
34830
9540
30150
14400
44730
9360
65160
60390
42210
24660
51120
74340
2340
33660
19800
76050
70560
83160
98820
74970
72900
32220
81360
80550
540
42840
43740
51030
32850
14310
33300
92520
37710
45990
83070
26370
24030
79560
79020
5940
81090
15570
46980
63720
85140
54900
67770
87480
45090
20610
26280
13140
8280
71820
81810
28350
27090
69120
75780
19260
60030
60480
88200
63360
40860
52020
64260
30690
77580
34020
71190
6390
630
66960
30690
69300
92700
39510
4410
51300
97920
48600
35640
2520
99900
31680
52560
35550
51750
93330
93150
27270
4410
28440
78300
35640
36540
20700
25560
85050
58500
86760
16740
55620
48780
84150
36360
54450
93330
48420
8820
63720
69300
79200
4320
80370
88470
43020
99810
68850
5850
30150
46710
90
10350
810
6930
93510
66240
11520
5580
25470
2700
87120
6930
41400
26370
76410
97110
27450
97740
15750
89910
28440
87840
25020
6390
10260
64530
30600
7110
38970
4860
70650
15030
26550
97380
97290
4590
46620
15210
38970
29430
36630
22050
12150
40950
39780
58410
83880
35640
94860
2340
58140
89370
70380
52740
24480
12240
94590
1260
27270
75690
48780
4140
51210
94050
29700
12600
47340
60030
900
70920
44550
61920
13410
77490
97650
47700
42390
38520
39510
30150
57060
33930
8460
37530
26010
36000
1170
5400
68490
66330
70020
25560
31320
34200
64800
4770
57420
96480
89730
53910
2250
40680
43650
25830
96750
76950
74880
22050
51840
11970
43200
46980
92250
98820
31680
19260
32940
84150
41130
45990
630
73260
22050
47070
18630
2160
19620
73170
27900
23220
72540
71010
31050
38610
20790
7830
19440
54540
62280
89820
36000
26100
71910
19890
40500
48150
93060
62460
98190
88560
13050
22500
44100
40320
72450
99090
42930
94860
13050
31050
73890
39240
85590
85590
85770
84690
59760
69210
82800
54000
34740
14310
69030
48510
9630
10080
33480
29160
76410
54810
27450
33660
63180
58410
99270
89010
57060
78210
2250
15930
70740
23850
18630
93150
11520
87570
3780
63990
59040
15030
95850
33930
11880
22140
26280
10170
48780
24210
24480
38970
20970
57870
49140
29700
4950
28890
74790
94410
52020
6120
40680
38970
58320
94050
86490
88920
3060
58590
79290
77580
26370
88740
55980
88740
78840
28170
15390
64620
81270
16740
68220
51300
48240
46530
3690
32220
87750
78840
51210
17820
23760
8460
3240
8820
95130
28530
10620
84780
23040
94770
38160
21780
85680
28890
16020
16020
52380
73350
73620
5490
85140
93690
31680
41220
54990
41040
16020
77220
32670
52380
61380
55530
92790
21330
62730
85860
99900
30510
9360
91350
3780
45360
2250
96930
23130
57420
21420
95940
35280
89190
51570
60840
92790
74250
17910
77130
88200
65520
66780
21240
91440
80910
57150
60210
96390
72180
37530
63270
51930
96660
19170
8010
73350
86490
42300
14940
50580
77220
48060
39150
76230
77130
55620
59580
38610
56520
76320
22230
19620
68490
24390
5580
72990
65610
34290
48060
47070
66150
41310
2610
53460
6480
93690
40680
96750
8730
65070
87660
78660
62460
4860
63450
67860
51300
20610
96930
38610
93690
85320
79830
28620
66510
52920
71910
37890
13950
94950
35640
35550
54000
22050
95220
27630
18630
70920
76950
44730
87300
73170
1080
8370
22770
84150
36450
28530
97470
630
59670
75690
75960
32670
82170
180
3870
16200
4950
88650
96210
66600
80370
21600
13140
60300
38340
73980
4500
95580
86130
34110
71100
79740
37800
19170
97830
58680
20340
89550
94500
92610
83700
60840
67320
61290
94050
81270
10620
94860
7380
79200
27540
88560
48510
34740
33930
90270
68940
68580
81000
85320
24300
66240
32670
64350
81810
41940
54720
63180
51300
10080
0
15210
96030
40860
15120
21330
5400
72180
38160
21510
71640
3240
16020
33120
10980
29430
99630
20250
54810
23400
6300
49140
85770
66510
59760
24840
29430
14040
3870
54360
43740
9990
89100
24390
42840
7110
67050
61470
73260
7830
96030
52290
63540
49500
24750
14850
48600
30870
39870
18000
66420
94050
77850
83340
81810
64080
19800
68220
2160
63900
74430
9360
81630
13410
4140
31950
74610
22680
46350
86850
70920
21870
84330
23130
5040
56700
70200
67500
76230
1800
57690
95490
38610
81900
95580
14670
57420
17190
34200
43560
63360
7470
93330
89910
36270
22680
72900
67860
17010
82980
48690
77580
14850
82440
28710
67320
99090
61470
68670
67230
5940
31950
35460
43650
31950
34020
96750
9990
21060
11700
23310
56790
36090
50220
89370
40500
88560
6300
87030
7560
16290
13140
71010
82710
30510
7200
53910
19800
59310
45000
94680
98910
5760
66690
33120
45180
31950
6300
2880
63090
39240
18540
22050
6030
45180
76950
900
21150
49140
67770
54270
77400
4860
75870
67320
91170
32040
90180
93870
58590
89550
44820
22860
84060
40230
93060
91170
91260
72630
39060
42030
83880
50760
40320
26730
1800
74520
41580
39420
57330
77040
18990
74970
75330
71100
41490
37170
48780
15300
62280
97830
80820
74160
15480
82890
99720
62820
39060
22770
54360
37890
57690
15120
40590
52650
26730
10620
62730
36990
71460
47700
31590
67950
13770
48510
29880
74520
37800
66330
70380
73350
9990
39240
40410
90180
71280
68490
69660
77400
2790
59670
7290
60570
58950
95040
27270
63720
11160
66780
17010
77400
62820
22590
26550
51210
18450
60210
39060
68940
74970
79020
92790
73800
93510
3690
45900
35820
31860
86220
11070
86850
5040
92160
87930
16830
54450
34470
59670
4950
95400
94230
36450
27000
10080
27000
79920
93600
22320
26010
4860
26730
79290
77220
70830
40140
58680
28620
41850
59040
73710
30780
77850
60750
17820
78030
52470
63090
16920
57330
900
10170
93780
7380
15210
29430
97560
83790
49860
42570
94230
73980
78120
24210
67140
6930
31410
87210
35190
15930
33480
68130
40770
19800
16560
91620
17820
21330
36540
65520
48240
22320
62190
94680
86850
56070
19620
41040
84870
1890
66240
88470
63180
79020
42210
19890
95940
74700
51660
18270
78570
68040
16020
24030
88470
25560
81720
80280
38520
24120
83520
70830
85680
76770
22680
81180
62550
37710
98100
47160
39870
48330
66870
78210
77760
80010
57150
31590
46530
45270
85140
25560
35550
72540
43920
66960
45810
88020
52290
19620
60030
20970
80460
73350
2610
77670
40410
66870
31410
80640
59130
72180
31590
90360
29340
43920
34650
5490
68130
29070
63360
75780
13140
6750
71910
65880
56790
1440
98820
56610
80730
18450
81630
22230
42210
84330
92520
99180
26460
13770
94500
69390
95850
40680
29520
73440
96300
14850
90180
69840
20430
67590
76050
18360
42660
46890
28710
29970
450
52380
52470
27900
87210
4230
22140
73350
39240
73440
62280
33030
5760
13230
18990
10080
16830
43560
45450
66690
10260
20970
62820
85860
94320
69300
87930
8910
41400
7920
98640
25920
19980
57690
13140
51840
58140
23940
6480
88200
95670
15750
53100
17820
49860
17910
44370
2250
91170
91530
12060
77130
58320
30600
29520
16110
76500
35460
0
26640
98010
56880
46800
46710
8820
11070
75510
10080
54900
88110
88560
68850
26640
1620
91980
80910
26730
17460
98010
450
8370
19080
9720
89550
65520
69030
87300
71010
23220
39330
55890
22050
99540
97470
24570
67050
27990
51390
28440
56340
4590
88110
78390
76410
10620
96840
83700
68400
77310
29340
64710
53550
76950
88200
10980
75330
25290
84330
26370
96480
54090
71640
37800
89550
8820
91350
70200
65250
37350
87120
60840
87840
32580
91530
54180
66960
76860
98370
41310
17100
27180
47070
21330
11700
46620
33210
61740
53190
51030
59490
27990
73170
36630
39600
82260
89640
95580
44910
9900
27360
43110
15930
91440
17100
85680
4500
76770
8820
4950
72360
91530
48240
31050
68940
18630
23760
65520
85500
80370
20250
71100
22770
86400
83070
18090
62640
5040
46260
72630
43380
77940
27450
26730
3060
59130
90540
18090
41670
65880
44100
42930
18810
97290
45000
42210
88650
22410
34110
80820
45630
61290
41130
1350
9270
75690
65520
24570
48780
58680
34110
40140
24840
15570
44820
69840
95490
82620
57780
10530
15660
23580
34110
65700
1440
70740
24300
29340
87210
27000
66150
32940
18990
47340
49680
26730
18900
58590
23130
89640
31770
89190
62820
29430
77490
22860
25740
89280
49770
55080
96660
37530
74880
37170
13320
90540
80640
19440
74520
28170
99270
64980
46800
51750
64530
87030
77940
49500
59310
63360
36090
44010
62730
82710
6930
34560
92520
43110
52740
8820
98820
60480
46260
30240
8460
47160
94410
34110
76590
66150
90810
3780
35550
87480
24030
58950
39510
83700
14220
68670
53460
20610
82350
4860
47070
41220
2880
34830
63990
270
21330
15660
45090
76050
72000
27540
64800
69480
9270
18270
97380
41850
5040
89100
58230
34740
38970
98820
65520
47520
26550
46620
4950
83880
75330
72270
77310
92700
17640
53550
36990
77040
77310
77490
4950
75600
53910
61470
2340
83610
78390
27630
13950
46800
15120
34200
92340
51030
30870
90450
47520
54450
91440
38520
15030
97380
73350
630
6030
24210
62280
16020
15390
51750
90180
79110
90540
33390
72990
28620
35280
24300
52740
95940
10350
89820
29250
96300
51930
75150
12780
46530
53460
0
52110
31410
29790
15030
87840
98460
71820
88830
80550
85140
79470
84690
59670
29700
22770
90990
70470
29880
81000
75060
67500
57420
40680
67950
49320
22050
8280
38790
5130
88920
73530
6930
87300
31500
46800
8190
29250
52380
56430
40680
18810
25830
35190
810
61830
46350
91890
14580
7920
22410
9180
3510
84420
94320
92610
33390
12150
86130
25470
0
73170
26280
18180
3600
92160
78840
3960
54090
80730
36810
58680
4590
78570
50940
8640
90090
86490
57330
82980
270
34560
3780
75690
29520
47610
90810
74070
18630
33030
38790
40500
46440
64980
69480
58320
24660
15750
83610
72990
40050
17010
57780
40410
15390
83340
42120
24030
57060
69570
50580
70380
84870
40950
77220
57960
91440
90090
51390
41490
49770
89820
36450
4320
67500
79020
28440
4680
36990
63900
49320
25200
62910
96570
48690
71550
50940
32490
71280
78210
51390
42210
92340
35460
13860
69570
89910
88650
90180
71280
62460
64800
89460
74970
71370
19620
97110
50850
37980
99630
79560
62370
35910
80280
81000
61560
78840
55350
2520
42030
22770
63270
97020
61920
66420
67230
22770
70740
12690
19350
73350
57870
65160
11430
34020
7830
20070
72000
54090
45900
54990
65430
32130
9360
5580
54810
63540
27990
69120
84780
16830
86220
53460
78930
97920
29430
31950
3870
9630
40680
24120
10710
42030
1260
25020
95580
23580
46440
79830
52740
82800
59940
59850
6840
15030
99630
50940
17280
17910
24300
50760
81810
73800
32760
32220
84330
83160
82170
65340
37440
67770
33480
98010
75600
3600
2430
32940
18270
13590
46710
34290
76860
3960
95940
25200
35640
58590
46440
61470
1440
93780
75240
57780
65430
28800
18540
0
38790
73980
38610
14040
71730
86400
8100
9360
62190
56160
97020
3240
77490
72000
54090
30150
63540
96930
59490
84330
59940
8100
26550
58500
71280
37620
52920
20970
21870
46620
78570
29160
37620
58950
26550
48420
89370
90090