248 10000
24660
72360
26280
9360
99720
15300
27180
90540
71820
57330
94320
68220
50940
7830
41130
35190
61830
35280
53280
11430
29250
49230
59760
43290
86580
23220
88380
19890
93510
25650
79920
9360
53460
26910
50310
19620
82350
41760
32760
1710
2250
19170
70110
26550
17280
59670
83250
11610
0
15300
41400
42120
58500
4410
78570
47790
23310
95130
88380
89190
7020
91170
13500
21510
87030
62550
32310
1440
9810
78390
12510
810
47430
76140
85050
33120
99450
10440
8640
90900
60840
77220
26370
12420
50400
96030
60930
33930
96390
60840
92520
57600
99360
98640
88650
98730
27270
45900
4590
37620
31500
3150
97650
71910
83700
25200
97740
40680
59400
82620
43740
56700
93780
57600
62730
30420
46710
28890
62640
27090
2610
70920
75330
24030
35460
55980
34830
32580
29340
27810
69300
26550
74430
50220
90270
56790
98550
12600
74790
4860
12330
81360
20250
20160
27810
71910
25290
68490
82710
16380
50220
84690
17640
47610
91440
70920
13050
29700
93330
22680
90
90270
72630
62010
36180
23220
18090
60030
39150
13410
23220
5310
55710
20610
2250
22950
45900
64080
31320
21960
12780
66870
91710
66150
6840
30330
28350
56700
28530
65340
17280
66600
82170
50310
63180
3060
98190
76320
46620
78660
41310
82440
1440
38250
90990
35370
22590
33030
28620
70290
25200
38340
38880
3060
16380
45630
81630
27900
59130
33570
11700
5220
59490
54000
68400
38070
96840
99900
67410
52920
76140
88650
50040
81540
14940
32490
85410
26550
7200
27720
29160
75420
73350
97920
47880
64260
86220
85230
32220
85590
89550
55890
78840
25290
77490
37620
41850
54540
63000
4410
77400
33480
3510
80280
18270
49320
21240
25830
2970
28440
7920
81720
66780
59130
95670
39330
12780
11070
23220
99720
92520
450
47880
25110
66690
67050
55620
62100
20700
42210
65160
63000
68940
3870
57060
44550
26820
32760
28800
79740
3690
85590
55080
92340
30330
29610
47430
90270
36630
9450
63450
39510
69840
67770
14040
15300
86580
6480
83610
10620
87390
9630
59850
39600
85410
98550
62820
56880
23670
28170
67860
66870
63900
61920
33120
91530
41040
20700
42300
5040
31140
70290
67410
15930
99990
67140
1620
6750
54990
2970
57870
84150
61380
75420
67680
9720
35280
20790
92700
8640
70740
86580
9540
2430
71280
25110
95400
61560
46980
46800
63000
73890
42570
19530
34290
54810
37260
45900
28350
97200
66420
32400
34380
20250
44370
56700
27900
48330
79740
29250
96210
40500
20700
50310
15660
79020
86400
9270
50940
20160
76950
2430
79560
68130
91080
73530
41580
14940
75870
30960
92160
33120
62010
18630
24750
68760
29700
56430
13140
54450
18000
93420
26550
3060
33660
66240
53280
77490
98910
64800
44370
98550
17190
95490
29070
75060
94410
9630
43920
46890
88110
10350
22320
37170
88200
6930
77490
91170
5220
60030
11520
98190
98820
91260
9090
50040
90180
4680
89100
69390
49140
7380
59670
53190
79470
63180
91980
84690
91080
62370
23310
7560
63990
29970
50850
88380
59310
73350
180
59040
80730
62820
24930
75960
31050
24750
71730
22050
22320
28170
41310
77760
90180
41760
1440
10800
34200
41400
64800
91260
25740
56430
92970
79470
71370
30780
19530
9540
96390
7920
21240
55890
7470
35910
74430
80550
64080
4590
59940
62820
16290
33840
10440
540
93420
92070
84330
19080
58590
59580
57960
80370
35730
22680
18090
86220
46080
89460
17910
25920
70560
80280
36540
34380
10530
14310
91350
78210
22950
88110
88650
83070
9450
38340
63000
19710
68040
51210
93060
27720
55620
10260
32040
18990
18450
12960
84060
24030
1530
56340
75870
72810
1710
75690
3240
14670
43920
12060
52560
16560
69390
43830
92340
29700
64800
54270
49500
92430
95220
25200
72540
59940
40680
24120
96660
33930
44190
66420
54270
5670
86850
98910
21690
90450
44010
79380
11610
8460
17370
92880
50580
55620
28530
29160
45450
1170
39780
41850
69840
99990
49410
67320
96750
54990
90810
77220
64350
31950
61650
68940
25920
36450
99900
7290
41310
91800
40770
10260
65340
74880
63900
78480
79380
35280
52740
2070
5490
1620
40140
33840
73890
72090
61110
90180
21240
47340
94590
5490
53910
40770
85050
33570
45900
30420
62010
29610
38610
97200
70740
57510
25830
23670
17730
91170
88380
3690
810
55710
64800
67500
6030
93240
88020
98910
33390
17190
99270
270
60570
12330
87300
16380
49500
57150
31860
56700
76050
75780
78930
10980
16290
73530
82260
53280
85860
46440
37260
59490
36900
98370
27000
36540
31590
27540
64170
32760
24750
88830
66870
77580
35730
23130
73620
65070
39060
3150
19440
97560
54990
11430
91620
14220
83520
71910
67860
32760
51030
67770
25650
10170
7200
55980
35460
12240
94230
25110
49140
57060
3330
810
47790
46800
99090
29340
7740
25920
36630
51930
28350
50130
25560
6390
16380
48510
59580
81990
54180
65970
95760
19350
71370
95940
47970
95400
4770
90720
78750
38070
26280
64170
72090
82080
99270
41670
36270
71820
11610
83250
89910
66960
88290
55710
51570
96030
81720
89460
17190
12600
95670
45270
60570
30330
69930
12690
41940
32040
67500
36900
47160
85770
60120
18090
87840
9900
28440
1710
84600
79830
92250
25650
99270
36000
95760
80910
96570
56610
50940
78210
97470
48780
4500
44190
95310
33750
50760
5400
540
69210
39150
1710
66240
42120
5130
88200
77670
90
95670
50040
6570
75510
69750
67590
74880
18090
81720
99630
33480
89190
59040
69570
97650
10170
29790
87210
29610
90900
83340
90630
83070
56700
80910
40770
35190
9990
52020
54360
40500
44010
30600
63090
65430
21420
6210
63990
3960
96840
18450
69750
71190
88470
83070
92700
21330
94590
11520
51750
88470
17820
28080
82260
1170
4860
73710
12870
23220
93240
25020
28080
41040
94410
19980
68400
73170
67410
27450
37620
35730
86850
19170
55890
30870
30330
5130
84960
63090
78480
84960
97110
95040
97830
23850
60300
34290
1440
91800
25650
85770
30960
87840
22680
37980
72270
59400
64890
22410
92970
4050
54360
49860
44190
27090
63990
45180
21960
2700
4950
83160
21060
57150
86400
61200
11070
79380
96570
62190
40320
59940
18180
20340
56250
64350
41220
80010
78840
76320
7650
41490
2700
81900
84240
24660
12060
36450
95310
52110
61200
57240
26370
5130
69660
31410
52650
18270
62910
53460
62100
46440
72000
5040
4500
28800
80640
13590
39420
21330
16470
52290
89730
45540
89280
90540
84510
69030
59670
87930
41760
70110
55710
78930
54360
12960
71820
19620
37260
20430
24030
65520
66870
11610
3600
16380
38520
76050
78300
67950
34290
61110
56610
84870
31770
6300
99360
360
2700
44370
27270
48060
50220
91800
36990
4410
22140
34560
38610
92250
80460
85590
78480
29700
65520
78660
35730
38430
33840
11610
5220
66240
86310
5580
7380
35910
68490
97290
57330
29520
43110
40860
48600
5400
67860
9270
20250
40500
36810
60840
76050
66510
10440
94230
63900
97650
75600
76590
64620
50850
66870
81270
59220
88560
74070
77400
46440
810
14310
45810
31860
15930
84780
51390
65790
59310
38880
92880
91710
56430
52740
80190
15840
81180
69300
26190
78390
77580
84690
81990
45720
37080
8820
18360
13500
68040
57150
76680
62370
85050
69750
72900
41580
84600
13860
2340
30960
44370
71280
1080
21240
11250
73350
43830
38880
2700
2070
9900
65070
13590
63450
90720
71820
56610
80190
90000
68130
93870
27720
5670
65430
14220
76500
24480
29160
95400
81900
50760
7740
9180
90900
71100
99810
57780
41850
82170
26550
92430
26010
34110
34020
30690
78840
28170
63630
15570
74700
31140
90360
68760
99990
2250
97740
43920
47610
32400
47790
80550
6840
4770
30420
51930
92340
2610
68670
58320
28620
13590
43380
23400
36720
32940
50040
60300
15750
19080
44730
93150
91530
36450
8820
98640
37170
54180
5220
60030
82260
12150
80550
61470
84330
60750
66240
27270
96120
18270
59760
7920
87840
58950
5220
95670
2250
69120
20520
19440
57780
96750
77130
69570
87210
65610
8010
81090
85050
63090
93060
80100
53730
4770
5220
50130
88740
99630
15930
33300
79560
17550
30690
16560
65250
1980
87480
89730
14490
20970
86940
47250
86220
85230
74790
50130
66780
79020
93240
44370
39330
60210
44370
76410
21690
15120
79740
62820
87030
28350
72630
70650
12870
76590
9450
11070
9360
17460
19530
92160
44280
80460
31860
10170
64440
90900
74160
71280
33300
95220
81720
1440
25290
10170
61380
56520
85680
71730
17910
72450
50490
9360
71190
31320
23040
97920
80820
63720
57870
74520
97920
90540
88830
24300
76410
47880
88380
74430
32580
14670
72360
92250
46350
70560
73980
31950
56160
32040
41130
53910
6030
26550
50040
31050
51570
99450
51750
37530
50580
77670
42210
41130
65520
67230
72090
58320
66600
90900
49320
59220
9540
6030
81000
91800
39510
11520
37170
56430
31500
75690
40950
7110
51570
70110
28260
15390
47520
63090
2790
36450
13860
15750
11880
46800
51120
53820
93960
90
35640
50760
94230
21330
30420
45180
22500
54720
10800
38520
60480
92430
55530
78570
60480
7200
79290
70110
2070
3060
98910
55080
8640
65430
90090
59130
23760
97110
80910
57510
61470
20970
27900
30150
65070
80910
88740
28170
38070
21510
86850
29970
91350
75150
91170
38070
88110
66240
21600
49770
1350
27810
9180
81900
71910
81810
30780
77220
21240
49950
11700
49770
36270
11700
33300
50040
60840
20880
1080
23580
8820
1440
55530
39780
96840
60300
76500
84960
34830
23220
91800
67410
94770
26100
33210
89550
25200
30420
44820
93600
74070
96750
9720
720
78210
84240
27000
90
12870
73620
94950
85140
81900
91350
12600
90270
73170
68940
23850
18450
11160
77310
23040
35550
81720
69480
19710
10980
87840
63000
76050
5040
87570
9180
2610
42120
23670
70200
41040
48870
41130
46620
23760
1170
87660
46620
8910
16200
66600
71100
24750
81630
11160
42570
60300
21510
96930
76950
74610
65250
11160
93600
17550
21690
32310
82080
8640
48420
76500
88830
51480
7110
16740
85860
58050
69930
21330
3420
15570
46080
59940
87390
29160
80640
48510
13320
20070
31950
9900
80640
30600
47250
20250
900
84690
5040
69840
54990
34740
55890
66060
6120
38430
60570
54450
35640
13950
70650
66330
59490
46980
70830
43830
39150
77940
37170
10890
46170
69480
73800
6030
30870
58140
68130
37440
15480
35910
56070
71730
47880
69840
91080
79470
14850
58500
29520
45540
50580
18900
96750
16560
64260
87750
42660
42750
10890
41220
24750
50040
15750
55440
56070
42570
21960
79380
34020
41850
87120
21870
81630
65070
73980
93150
65430
19980
13500
79380
53010
39060
11430
50220
53640
91350
2790
40500
93870
63990
75780
40050
94770
17910
3870
86670
1080
88920
85230
50940
90900
22770
60030
92790
44460
20070
90
67140
10260
46980
68760
84240
28260
2520
1530
45090
540
41850
80370
4680
26460
92610
16560
96390
2880
23670
77580
37260
91170
65970
52200
30600
82440
93150
9270
18720
93240
71280
70020
10350
5130
31230
23850
79020
63900
14400
25110
31410
96570
76680
95490
29970
78840
63720
78840
72720
39510
71100
9000
66510
39150
34470
63090
74790
68400
77850
45270
67680
21600
18450
98100
30510
53370
31410
49320
99900
10710
78570
65340
70020
98550
83430
49950
36540
40410
82980
85320
76680
1890
64710
82980
3060
85590
99990
11070
77670
88650
32760
60570
4230
10890
46170
38880
57330
87480
52740
70200
25470
72720
81000
94680
75510
43110
70830
30870
82080
72540
33300
9900
48870
6930
98100
53280
94500
47160
15210
79920
99540
78930
62730
37890
8190
270
44550
56520
30600
34110
44820
84330
27180
24660
23850
26190
95670
27360
84060
94050
88200
56340
92700
8100
95400
17100
6210
18540
90810
72900
86850
83430
1080
39600
24030
42480
93060
65340
45990
41400
44730
95040
7110
92250
50310
42660
38070
75060
34920
58230
630
49230
76950
19080
97110
97110
36540
73170
43470
1620
87120
4500
9000
13590
95940
5940
52380
15480
32760
55710
49050
83520
70920
57690
19080
46800
56250
32400
61740
1350
15210
27810
95310
42120
20970
79020
87660
20340
23220
55980
45900
85590
90540
40230
58680
59580
3960
73710
27720
64800
25110
64440
21420
53730
67590
31950
55350
70470
20250
82170
98640
98910
2790
51660
65070
1800
9720
85050
38250
10440
32400
58680
8910
19350
27090
67770
89820
55080
67680
21510
49770
54270
46080
46260
55080
3420
33030
30690
18630
55800
11520
87480
58590
15660
36450
51480
7470
22140
33030
12240
59400
84330
50220
52830
78120
35010
82350
17010
89730
19350
56970
41040
3960
12150
95760
86220
90000
78570
15210
61650
66600
4770
5760
74790
86850
53640
56790
2430
31050
91170
10260
99450
5310
89910
97020
83610
9360
81990
65610
88020
37080
94230
55890
96750
84960
52830
79650
21780
72360
90900
57150
90270
38520
71370
87750
93870
74700
85230
6750
46350
4050
33210
85230
25290
58680
79740
66150
11700
58770
37440
25740
35550
68040
14220
89550
90900
38070
8460
31410
98730
15750
99180
67140
80820
53190
50760
81090
3330
51480
44550
18810
79470
77850
77310
90540
90720
56340
84420
59940
77220
62010
3600
65070
64440
13140
2160
25110
75420
69120
33210
38070
7920
55890
15750
19710
81540
78480
49590
62010
9630
22950
20790
8910
59400
98190
3960
64710
900
72540
36180
61470
25110
97650
55170
25020
6660
28080
10620
54990
15840
95580
57780
25200
5310
53820
34920
58320
57060
48330
69390
48150
74070
29160
53190
18090
33120
23220
9810
48870
23490
66420
43200
4140
46620
95040
64080
44550
76500
43020
26910
74790
90630
24480
5040
74340
31320
28440
41940
6120
64440
61290
8280
37800
36720
81900
47340
5040
53100
88290
32220
8100
4770
83610
20880
69660
53010
60300
32760
51390
68940
24750
51750
70470
62730
54630
95850
88200
66780
13410
4320
86940
41940
98100
84690
36990
48330
19440
9180
48420
82170
43830
7920
15930
18990
92340
6570
41940
3150
65970
17910
41940
80550
93600
97560
71280
68850
95310
8280
91530
7110
18270
21600
66870
58680
9630
44730
98460
75960
74340
58500
21330
99360
61740
62820
33570
17460
63270
63450
51570
73350
78750
32130
50220
47430
16380
33840
50760
9450
82260
51750
42840
6300
15750
9990
67500
6750
27630
72720
37440
57240
39690
83970
13140
7470
96660
93420
96120
85500
1350
24840
50940
9540
19440
28440
85320
95580
85320
96210
57420
10890
31680
87300
38700
17730
76500
83700
68040
59400
12510
64350
62010
24480
68760
51210
76050
59400
22680
62280
22410
30510
1440
54450
58500
73710
73260
11970
86490
51300
7830
97920
43290
79560
80460
94950
50940
88290
40500
21510
46530
74250
36810
13050
56160
38520
55260
34470
18270
54360
67320
64440
64260
16110
81630
8010
26460
83070
79920
77670
31140
29250
71550
11880
91350
66510
70380
65070
8640
79200
50760
37440
77670
2070
50310
63990
5850
28350
66780
46530
40950
56070
90
90900
67410
84420
46170
77760
95760
23850
38610
77670
26010
26550
20790
31590
63450
16740
35460
15390
13500
96210
21690
31230
60570
74880
44370
15480
48060
8640
88740
96750
1260
47610
57870
52740
6570
49410
29250
89010
48690
75060
17550
65520
49590
80100
62190
65880
73170
46440
98820
57420
40230
83700
88470
18900
18990
71280
66690
88830
48960
56070
46980
52830
38430
19620
14670
1080
81720
34830
10980
18810
81540
15120
82080
8820
26820
6390
9630
65790
55710
77040
83160
93510
67680
27000
25470
63000
27360
82350
27630
21510
72630
50580
74970
75690
35190
7020
95400
18000
95220
79650
60030
2880
71640
24750
89730
88380
11430
89550
43470
90180
84420
85230
63000
14400
82080
43650
7290
40230
98010
57420
72000
88560
96660
23130
34740
53190
59760
31410
48330
23490
83070
79740
7110
37890
46440
21420
20790
95670
69930
8910
73170
34380
8010
7560
39870
67860
92250
46710
43650
58050
23670
78930
22860
22320
27090
41580
81000
12870
44370
60390
91080
29880
44550
43380
41400
11160
59040
84330
44370
47070
7290
1710
44820
59220
90810
53640
50130
82080
16560
97470
19170
64440
52830
46350
91440
60030
3510
87660
16380
45000
15570
93330
48870
26100
38070
33390
77130
53730
14040
91080
67050
29700
57510
76770
81900
84600
60750
31860
73080
4320
74430
75060
61920
0
24750
79920
14490
32400
48600
92430
38430
7740
4680
81720
3240
39600
63090
32220
30960
5580
18720
74070
76590
4140
61110
80370
72000
77670
59400
19080
72270
52560
90900
46260
12690
97290
76050
82620
8820
23940
68310
4950
90900
28800
15390
21510
93960
2880
94140
3960
43650
92790
24570
22590
7110
40950
85410
51300
59490
1440
57600
44550
35190
23490
86490
79920
6750
63630
20070
84600
90900
47160
19260
86130
13050
85590
77490
45450
71370
39600
46890
45270
35730
89280
13500
35550
11160
16920
48240
46170
92610
6030
22590
21150
8910
71640
50670
68490
30060
66690
77490
4590
720
82440
25110
55620
66510
46800
19620
53100
99360
44730
75600
45090
32850
87750
54090
39420
47790
12060
21690
86040
79380
360
63810
46530
76500
86400
73980
75690
12690
84600
68400
46440
74700
85050
35820
55620
18990
34830
57420
93600
26190
3510
39150
74070
32040
16740
27000
19080
450
78840
31230
96120
66150
40050
50670
43920
87840
21330
7560
92430
96480
66330
13230
46260
59670
92250
37890
35370
39780
32940
78840
84330
53820
73530
45360
44010
1350
86130
31770
9180
27270
95310
40140
58770
22950
71100
68310
21060
36450
15660
19260
79560
12060
4680
65160
24570
31230
11520
7020
26280
64980
63180
84870
4230
10080
18810
34200
3510
21150
14670
9090
26910
25200
58500
20700
99000
61650
57330
89190
99270
71640
8640
86580
18990
83880
79650
1890
31500
33120
64170
5580
81810
67230
81090
23760
27540
47520
25290
5490
88380
84060
78840
60030
99810
27900
25380
96570
97380
8730
56880
4680
44730
61740
98460
96840
17730
12600
9000
37170
34740
27360
18810
12870
10890
38610
50220
31320
5130
85500
19350
79290
54630
62370
18900
55170
17910
23580
37350
23670
93150
30600
2520
22320
56700
16020
78120
89100
56070
77670
9540
87930
88020
80100
72630
8280
15930
16290
73530
2610
30960
32220
78930
20430
92790
52740
24570
3330
29880
15750
73530
60390
47070
57960
93510
54000
64080
95670
23760
63090
40050
60030
17280
4770
35100
22500
84870
35820
50310
73620
30150
52830
84690
71010
22050
49590
36090
79470
74430
20610
87210
94230
99180
65610
360
24300
61830
27900
31050
9450
99540
68040
90180
93150
3690
57240
83700
91080
83700
63810
94680
97200
75510
63720
68310
80100
54270
87930
68670
95670
21600
31050
9810
60480
8550
27360
39780
7290
13320
14490
63990
32490
13950
55170
25020
17730
91170
55620
47880
66510
3420
54360
71550
87840
8640
8100
64530
2700
53460
65700
67590
17010
86940
48600
75150
58770
68940
31410
54000
35820
71730
97290
59940
11520
50940
89550
41400
84510
48780
12150
52020
15210
72360
75240
31680
17640
45000
59670
79200
45900
84960
78030
75240
76770
74970
55980
20070
87030
60930
22050
25920
81000
55350
14400
89460
57510
88200
38340
9360
65070
45180
54720
77040
38250
35370
15210
68220
22680
24300
31500
64080
10890
10800
34920
8280
37350
16830
28800
53910
93780
51750
98370
98910
91530
62190
26550
32760
6930
52740
33660
5130
88470
88200
810
74430
14670
24750
28800
66240
13230
93240
4050
5850
90270
1800
96570
61290
42390
86940
15390
720
99000
23490
69840
1980
68400
13230
39600
67500
99090
76860
90990
80550
14580
57690
43380
60030
40770
42120
93960
24930
39330
89460
79920
25740
180
36990
52110
58140
71190
17640
22230
85590
28890
23850
80370
51390
89460
93150
81180
7560
65880
5130
98730
44370
67320
19080
20160
42390
14400
180
20070
23850
9900
41760
62370
65430
67950
56340
31950
59220
18180
29520
91350
36990
11610
95580
97470
16920
20610
32040
91710
79650
66960
68850
22410
67140
15120
36900
71730
68760
9810
54990
56070
88830
52650
810
21870
81360
66690
73260
45180
79470
49050
49950
46800
10080
77400
39420
36270
10980
71550
78840
15660
61470
49860
43200
19620
63540
18270
83250
67770
66510
89730
88920
60210
63450
25920
21960
58230
31230
47700
90720
86850
61920
67590
49500
60750
12960
88020
46350
80550
94410
59940
49590
18450
21960
93240
59670
65970
4140
69390
65520
80460
57960
37980
78210
24930
92430
32850
9990
97830
58410
24480
5670
39240
13140
2610
17820
77580
59670
44460
55890
11610
33750
99720
450
67950
75330
44190
11160
15210
93780
31140
37440
53370
26550
43110
1080
89190
32220
15210
64080
50760
71370
72540
28800
72720
9900
80730
9270
69210
11880
54180
67050
13140
69750
44550
41760
49140
7110
69930
90180
52740
14760
22590
26730
47610
44280
4320
11160
81360
360
19980
5220
52290
61920
72810
36180
5760
50310
42120
48600
7920
27270
51390
97020
56610
53550
29340
9720
86850
71550
73620
54720
66330
99720
96210
22680
88830
86940
92880
6300
71280
45630
8280
2250
25380
95040
34830
64620
89640
2880
71910
71820
26100
54720
12780
93240
75960
17460
80460
40140
26370
29610
80010
44910
42930
57600
88830
5670
77850
1800
26460
22950
20880
53190
37620
93510
79920
89190
24300
90540
77940
20700
27900
10170
51750
64260
26370
46260
61920
99990
41580
62910
31860
38520
30060
71640
46350
26640
82260
11070
44910
1620
95850
62100
44820
1350
6840
23760
19080
56430
55710
72270
94770
42300
61470
43740
81360
1800
56430
62190
53820
89730
900
13320
28890
30510
65520
20700
87210
92430
71280
84420
73440
83160
75420
45720
6210
54000
77850
77490
1620
95130
34920
27900
66780
63900
58230
28350
79380
12690
8010
31680
7560
37710
49950
72360
17460
5310
8820
42840
21240
43920
55260
44460
8820
89280
7560
64170
94050
29700
50760
65520
98370
90630
71910
20970
71370
53370
29340
67770
94500
60030
40590
9540
9900
78660
3960
61920
39510
91080
59760
45540
1080
85680
30060
71010
34740
40590
68850
58140
33660
8820
12690
75780
53280
46620
90450
93060
28260
9990
52740
40320
79470
49500
30420
94770
1440
90630
74520
58590
28440
35370
92790
81000
540
20610
47160
86130
13770
78390
28530
47790
53820
42570
33750
45810
81360
70830
52290
26100
18540
19350
88110
38610
5490
83610
53730
4770
63180
78480
88110
12960
75420
40410
37350
3330
84690
39960
49320
20340
13140
92880
46080
43470
11520
21150
28710
82170
40500
72900
6930
15480
39060
16290
76500
90540
93510
42030
93870
64170
30960
58500
64800
17010
91980
86040
64620
72000
18360
53460
85050
23760
97830
20070
32490
22410
25380
45900
56880
93150
73350
54630
62910
63270
2700
57960
29520
7290
12060
66780
14310
63000
73260
54900
46080
76590
53370
53100
28890
44730
84060
50220
15840
36540
2250
70650
59940
75420
64890
54180
48870
57150
99360
83700
51300
13590
38250
63180
54630
42660
7380
3690
83340
60750
25380
97020
17010
58320
47160
39780
23130
27630
30420
4050
49770
63450
84330
71910
82440
25650
5670
41130
14310
43290
25650
8910
89010
92970
24840
47160
37260
73170
30870
34740
42570
45360
12690
98370
77760
42750
20790
66690
79110
65790
85320
56970
450
67320
82350
72090
28350
92430
10980
59310
41850
85950
16020
42300
5490
74340
76590
25020
86130
20790
79200
8010
29700
27900
86400
27180
73260
11970
6030
12150
66780
65700
7200
24120
9630
55980
51660
42660
73170
5760
28440
96750
98550
1530
57960
29880
93780
69840
23850
8370
84510
31140
45180
17100
6210
85860
7560
76770
78750
71100
10710
35550
99000
87660
49950
53730
74070
73980
35280
31950
7290
15120
82350
60480
24210
55710
5580
78930
5850
64440
70920
82080
42750
91260
69840
32940
84060
7560
37710
99450
53280
54990
74700
50400
39960
6120
76590
1620
46710
61020
88290
30060
27450
86310
71370
84510
13320
39960
34290
84420
52200
40590
33030
87840
69480
27360
85950
25830
91350
69120
87030
42930
77040
41670
74700
28800
70470
17100
59850
9810
67950
80550
29970
42030
54000
43740
92700
87030
70560
55260
77130
6120
57690
30240
96300
70830
3060
91440
52830
77760
26730
22770
19260
52380
17370
80280
18360
720
29520
2790
37710
64890
63450
43380
37980
80370
46350
24210
75600
67590
25560
86220
68130
25650
4050
2880
45360
88920
79740
11070
56610
85230
60750
44550
75240
24570
67410
47880
73170
74430
36180
23490
89550
11790
97200
63270
1080
9990
54540
53370
70920
22590
92970
81360
3330
38070
91530
55530
57780
33750
14040
17010
30870
74160
24750
30150
4680
36000
19800
3960
29790
57240
99000
55440
97380
33660
50040
11970
58950
27360
73260
18720
99630
23580
95220
15750
450
93780
89010
97020
24390
91080
8640
6120
89820
25830
89910
36540
26010
50940
74610
7200
39780
44910
68850
18000
180
3780
84060
86940
79200
77850
27360
17730
84780
96120
30150
37440
14220
6930
69750
70110
20700
16380
18720
61470
37260
77940
71460
93960
42480
8190
29880
4950
67770
57600
33480
75150
94860
57870
11430
24660
91350
55080
92250
54720
1350
88920
3330
6480
53100
52740
73800
97020
69390
20340
54630
47430
32490
97380
57870
50400
89730
15660
89010
83610
30330
40950
26370
30690
66780
69750
30780
63900
63450
84150
56070
17010
9900
31950
38160
4770
56790
96120
4950
12690
47970
34380
2250
57870
44010
79650
24210
92520
81180
29250
43920
58950
88830
56700
10440
25380
93690
70470
37350
41760
16110
25290
1440
10260
36630
92520
43020
19980
42660
12510
1710
85140
30690
32760
27000
10980
86760
86670
71820
58680
22950
51480
31410
63720
97920
90360
94230
22050
77310
63270
83160
30240
5490
32400
14220
23850
50400
87840
67410
90900
17550
13050
38970
1260
91890
3780
96300
48240
76050
88920
7290
5490
42300
28980
17730
23220
26010
31500
41670
60660
23220
19800
17100
48240
43470
57330
22500
86670
94770
19980
37710
3420
35910
59310
99180
65520
32580
21780
89280
25200
36990
53460
180
4410
76140
88020
42660
99450
12960
43110
85230
67590
47070
60840
1260
79200
93960
18900
37710
47160
86760
87480
87300
55710
2160
72720
87390
23850
87030
66420
10710
54630
95940
48060
41490
23400
91710
56340
53550
51930
24840
85950
78210
21690
60120
45450
20340
12150
37620
28080
6480
37080
98820
5040
51660
29250
94590
63360
21690
52920
68670
55890
46620
23940
25560
45270
83700
2880
29070
87570
11610
20970
38250
27720
21240
88650
50850
64350
52020
48690
91890
48780
94590
78480
95040
29790
49680
79560
57690
22860
99090
7920
56880
13950
61380
42120
14940
19350
30690
28260
72630
91620
56430
81000
14580
17010
55170
99270
62550
36090
68400
59040
67410
2790
29340
89550
14220
83880
96390
32940
57060
6840
20430
86940
26370
11790
9000
54990
67860
72450
94140
44730
15300
22320
66780
1890
78210
84420
90180
12690
50940
58950
38340
18360
75240
24930
45360
31770
57060
97470
32310
61110
26820
1170
73080
92160
720
56520
64800
66870
20430
48420
65430
8370
27630
1980
85860
56250
39150
6480
72540
64350
28260
94500
39150
41850
27990
50310
56610
7110
37710
17280
12870
74880
15210
16560
70740
39960
26730
18000
83520
56880
17010
44820
67680
77760
24300
57780
64710
29970
33390
92160
46170
55530
70650
66870
35640
37620
30780
29970
74070
65790
78390
37170
53550
22410
21330
78840
38340
56880
60120
24210
80910
91260
9450
92970
76770
79200
87390
11700
83160
91980
91710
6750
40950
71730
88380
50490
47790
82530
3060
22140
95850
33210
55260
34740
28350
5760
39870
26100
31950
88830
78390
74880
540
61020
73530
47250
60570
91980
66600
12420
83700
22050
8370
78120
69480
70200
34290
59670
75330
48150
13140
98280
72090
33120
2430
83970
40410
53910
85860
29790
82170
29160
33300
43110
65250
75240
39060
95760
44190
25920
60120
87750
98910
6750
7380
10260
35640
10620
20610
96120
40320
9090
36090
21150
78660
88290
54540
39600
71010
29700
52470
42480
58410
38430
22050
23490
68310
36180
33390
30780
68940
13680
97560
58230
70560
42660
59940
81540
17100
28440
84330
72000
48960
97650
25920
57780
20340
27360
91800
32760
77400
66600
80100
66150
12870
31590
33300
78750
33930
16290
22500
40590
99720
3780
22770
68400
27180
26550
34830
93870
36720
77310
54090
39150
54900
68670
10620
86400
48510
58410
37530
92790
53460
51120
76230
57870
57060
91260
16200
77940
19620
18270
2970
64980
49140
56520
11700
39420
55350
26640
36900
89910
41400
58500
30510
98820
36990
47790
29160
44010
87390
50490
64350
86580
75150
85320
81900
28980
81000
73890
38970
56340
4410
24570
2340
99540
87210
58410
90630
56250
31680
61200
76140
61380
64890
29700
82350
16380
85140
68400
27720
44370
11430
77850
60930
76140
15570
46260
5310
71640
37530
14040
93600
62280
20340
80370
42930
25380
50310
76410
19980
77220
62730
78210
1800
49320
81810
35820
33750
73620
17640
41130
27270
66060
67770
46980
44730
16830
89730
32940
28350
18720
55800
21960
29790
90990
94500
99180
75690
93690
57600
23220
43560
1710
81000
24840
62190
70740
36180
84780
5850
82710
74880
41220
99900
48150
58410
45810
20430
37530
76680
62190
99450
54720
32400
94500
74070
77400
75150
21510
73530
64440
67500
59130
99090
65250
44010
6390
70380
86040
86940
8460
6390
90720
18630
65340
540
19800
86580
52200
56070
52470
8910
81900
42390
40230
5040
270
20070
8190
14400
1980
46080
77400
80100
32130
11160
39600
38340
46620
84330
85410
43380
60750
99180
83430
36360
54900
77130
36900
66870
12330
13950
23670
9630
21150
97470
35280
14760
36360
35640
25110
17010
67410
77400
52470
75330
83610
20070
54540
88650
96840
44010
86400
43830
66420
68400
95760
11160
80100
55350
78480
97020
8730
60300
22860
65430
33120
66870
81630
43380
61380
51030
36360
22950
87120
55170
81270
59040
54720
81270
49050
81630
28440
21510
48870
70200
34920
88020
54630
26460
72090
84240
39150
80550
94950
36540
43290
73260
25470
56880
24570
31680
37260
32670
16020
39690
96930
10080
63630
27090
71280
3060
58320
66240
47970
90630
63990
37530
48330
25740
42750
87570
3420
74610
5130
26640
71370
36360
17190
77490
44550
85050
31770
66870
48960
27630
37080
21420
69930
53550
35820
63810
63180
3960
2430
93780
41940
76950
43740
39330
5580
63810
59580
56430
95220
35190
97740
21420
67230
99630
43380
70470
12060
52560
47070
41400
66600
20970
69210
80550
13590
40320
42750
10260
29610
87390
90000
61560
30060
62370
42390
29700
80010
68400
54450
42480
13590
73080
8910
63270
80280
91530
62370
26550
86490
810
23310
72810
79740
81000
16740
37620
63270
31950
11610
89370
12780
46800
77850
92250
72180
67230
70290
12420
86130
45540
89280
33660
16110
80550
62550
52650
63360
9720
61290
45450
63720
96210
57870
44730
53280
15840
38160
58320
75240
95490
65250
84780
2070
8550
47250
85770
40140
94320
86580
99180
12240
81090
60300
24750
26460
26640
33570
10530
29520
28980
31860
16110
17730
73440
63270
44280
19080
74160
83700
99990
49050
82530
31410
57690
75600
49230
810
23310
97020
15300
44190
71820
78120
60030
23400
51390
7560
84150
2250
28350
81900
50130
23670
10620
13860
32760
78390
65700
78030
87660
41040
76230
42660
81180
84240
47790
15660
28440
65880
45360
2970
28710
50760
35730
55260
61290
27450
41400
32310
92160
74970
32130
84870
75150
15570
20520
8910
30330
46530
26820
7560
69300
17550
16650
92250
53190
42030
20070
25830
15660
10260
75690
67950
91530
74250
21960
97020
16830
15210
79920
630
61110
1440
77400
28260
55350
22230
29340
80460
59040
53910
16380
68040
37170
64530
90180
39150
41040
90450
83070
50580
97380
10440
56070
69840
68400
74160
54540
69120
74880
38340
64350
80730
14580
68400
83790
10530
12960
59400
68670
50130
94050
25830
45540
54630
11070
45000
6120
62640
77670
36900
270
62370
60660
27810
35640
69030
39420
12150
39690
72720
41940
51300
82710
89910
72630
72270
90540
34560
78300
43020
32670
3960
20160
45540
65520
56520
10890
97560
88650
78300
58770
55260
78120
46620
59670
96480
17460
6300
8010
76770
82890
24120
15300
85320
6120
12420
58950
18990
46530
66330
46260
12600
90990
83610
15930
4770
79380
62100
67320
27450
91890
31320
56160
15210
20070
73350
25470
11610
62190
46710
37620
8550
35910
40950
2790
97740
76770
42570
23670
9000
66600
52380
74880
19260
72900
15660
81450
68670
73980
83610
64440
94680
9900
91620
99990
8910
41760
97380
7560
11880
74160
63990
99990
87120
54900
94410
59310
69480
15390
22050
63630
73440
54630
75150
28440
36990
65790
22680
99450
98100
50940
72360
20520
9270
63270
38160
68310
87480
45540
27720
8370
17640
99090
77850
3870
8460
74160
30060
58680
20790
95670
54180
39960
82980
51390
77760
79380
85590
39510
52020
16020
40770
56970
6120
59760
42480
82080
18540
99360
55800
34200
23760
0
31770
6300
65700
46620
17460
98730
13320
3870
45000
36630
47430
17010
94860
86670
60930
63810
38970
88740
70380
76500
78660
48510
35460
6840
79830
51750
75330
40590
62730
58140
89100
96660
60660
96300
99900
99900
84510
51390
16560
72180
97830
14580
22230
18630
73800
23760
64980
91980
5850
8100
10440
69570
99540
18810
21960
81720
23400
32400
57690
80100
8280
81630
8460
31680
31230
20340
73350
16110
32580
91170
44010
70740
11970
12060
25650
64080
99090
14850
40590
8100
10170
74520
21510
19260
92700
0
24030
2160
22320
40230
6750
59130
92520
4680
30060
270
63360
57600
48600
35010
4950
16200
21060
62370
53910
55080
54720
84960
36540
40140
37260
5400
83160
99810
58320
4320
34200
12600
79740
45810
270
80280
79200
40320
44640
75510
16560
33930
45990
34380
58140
61200
31860
94050
77040
17730
86220
11700
29520
45900
12330
97650
40230
79380
54990
15660
54450
79020
19350
71730
41130
30510
50310
14310
81180
99360
57960
77310
22320
51300
54720
37800
88380
26640
43740
59670
55530
10710
47070
68310
74160
20610
11880
88830
47340
61830
34380
3510
64260
84960
86220
13950
51120
23040
65520
37530
17370
20250
62910
66780
15660
12510
68760
83790
30510
70290
45900
29430
59400
75330
61920
83610
83520
27180
68850
52470
3510
990
48330
74250
72090
96750
72450
97650
74340
66330
60840
41940
96570
810
94320
36270
16470
68940
72990
40410
69570
23670
50760
95670
40140
24660
61290
3780
44010
26280
31410
80730
74790
79650
53820
12690
33390
12780
75870
6480
59670
82980
96660
58680
9000
33930
99630
75780
57960
67860
45720
27000
91710
61380
0
47610
88920
20070
13320
58860
93600
86040
99990
73980
61200
84870
34650
51480
77940
34110
66960
18090
45000
8100
81810
46260
79830
9090
83070
58950
89190
84060
32400
4050
10080
38430
49320
53010
41670
64800
98370
10890
33300
75780
2520
39420
67680
3510
89730
6210
78030
990
67680
57600
6570
76140
79650
8640
31950
6210
27450
63990
55890
90540
25560
40950
61560
78210
1620
50580
83700
26190
77850
37890
16110
47250
19710
72000
95490
57960
97830
46710
91710
25830
80010
64350
49500
3780
52830
6030
81180
73980
52020
2160
23400
64890
63180
88830
5040
90000
29340
29430
14490
81270
18270
56790
87840
93330
91170
79830
47700
27630
25470
99900
80010
72720
6570
28620
47610
59130
32940
74970
49140
45000
75510
4050
12870
95580
64890
48330
5670
8280
80100
5310
88290
63090
37710
30510
17460
74070
82890
56250
40140
71280
4770
64530
98820
30690
62640
54360
15930
79740
6030
67860
79380
97380
73800
66060
43020
24660
35730
45090
91800
25200
47070
76050
49860
52200
42840
10800
83250
68670
43200
66240
34110
90630
61470
48960
48060
46350
58590
66330
48060
93780
26010
32670
50040
2250
62100
77310
52110
8460
68310
53550
70650
79830
22680
54720
36360
80280
62550
31500
6480
39600
61920
47070
99720
26370
53370
77760
71460
49410
29160
62730
55620
51210
45450
84510
95490
80100
35640
49590
32490
86760
88830
49680
16740
96210
1710
7200
13590
37710
26190
59130
20610
21600
57870
67680
99630
66690
94410
75510
53910
78120
31410
61560
94050
81000
14220
28980
49230
26010
64350
5940
90900
72180
39060
44640
54900
12330
5760
70830
41310
98190
99180
43920
15570
17100
91710
720
66510
27720
47070
44730
94050
3960
49500
5670
82440
4320
90
65520
88830
3060
54810
86130
54540
19620
72270
23040
39780
9360
55350
91620
49950
16290
52830
35370
53550
8100
94320
59670
78120
38610
80550
47070
6660
98730
96480
16380
43650
94500
67320
46170
47160
94230
69030
33030
81720
88920
97290
3150
55260
71190
92430
85680
21150
28890
27540
62010
78210
98100
80910
50760
33840
81180
66780
68940
78930
3600
39960
11250
41940
98730
3780
25920
76770
7110
50130
1530
5400
49950
97380
21240
73530
80280
67860
56970
68940
32940
55980
51570
39060
41310
97200
54270
18630
97020
66420
7470
90900
4680
73080
27450
1440
61740
93240
39690
7560
70740
36450
38700
11070
12510
45360
35550
5400
83790
41850
71910
59580
56700
57690
27990
69480
58500
70290
38880
12690
17280
24390
2340
6390
91530
92430
84690
67860
87120
12870
75240
91170
61200
24480
20070
74610
25650
61020
900
81900
33930
21600
74970
41490
28170
44370
360
3780
2970
99000
69120
13140
27180
33570
9810
54720
38160
96930
63360
62910
34110
98370
63090
58050
65340
20880
91710
33570
71820
0
11250
17730
68490
93240
23760
21150
87840
36900
63000
47250
5580
66060
70020
94950
43020
19440
23400
71910
66420
67770
59130
90090
75600
6300
32670
42120
73260
43200
2880
43110
10800
11430
87840
85410
32850
23760
98190
37080
59220
56160
25920
27360
35190
23310
48690
23130
27630
26640
80190
88560
26550
69570
18990
60750
74340
16470
67950
30780
70110
98100
16380
99900
38520
10440
63540
38070
15300
37980
16290
13320
81180
26640
82350
18360
87750
1530
11880
71190
64080
82980
56250
69660
85680
85950
74790
42750
3060
41490
85410
15300
46890
45900
48600
73620
51570
36270
38790
27540
38430
64890
20430
39420
10800
81810
71550
60030
2160
75780
99810
62190
7560
9450
39240
20700
33210
35910
65340
28260
49320
46170
2250
45810
4050
90540
40410
33030
46890
85500
95400
54360
28890
20430
65880
13680
66690
66600
990
44550
71640
59400
47160
88740
8730
45900
45450
39600
36900
68490
94590
90090
24570
4860
79380
28080
90360
44820
90810
59040
22500
93780
33390
74520
1620
61830
41760
2520
81630
39240
84150
2250
8370
36270
97020
71370
15120
14040
77580
91710
50220
52200
72540
81450
78210
42120
95220
99540
60840
5940
30420
59670
89550
54180
35730
25740
11790
3690
36090
16920
43650
59310
70650
15750
89460
24660
10980
43200
87210
21240
8730
25740
21510
50580
720
98190
39510
82710
67410
4320
78930
50850
51930
70920
55530
11340
49320
12690
93600
11790
89190
19620
58320
71280
51480
180
35010
52740
16830
81720
64710
82890
15030
71370
13230
10080
10350
37260
82080
12600
10620
56160
36000
10260
75780
14940
86850
40680
7650
10980
56700
20880
34560
81090
17100
69030
82800
31320
59220
81720
81540
43110
34110
75870
90180
36990
11610
49230
59130
64440
64530
37800
6030
71730
81360
33030
95850
62280
75870
87120
49140
91530
59310
47700
37260
37710
14760
35280
29160
50670
63720
38250
44910
79380
86670
96390
69390
25830
60390
71640
39060
23040
47160
37710
28890
81540
97470
38520
8100
32220
42750
93150
8100
10800
85320
83430
88380
28080
22590
2610
47880
10170
63900
45180
40590
93060
9090
17550
70110
78300
78390
13050
68490
31950
69930
97740
33030
98280
67320
59040
82080
64530
88470
69300
78300
540
46620
40860
78840
35190
27360
58860
6660
92610
98460
2160
46530
24570
14940
4680
37260
25560
40320
16200
55890
46440
79470
12330
26640
81360
36270
30060
12060
29520
51750
89100
79560
180
90360
30690
14040
46980
22590
75510
30600
28980
50400
53730
22050
59310
37350
7290
38160
74430
73620
51570
81090
23130
75150
89460
20250
93600
5130
52830
97200
77130
1080
0
51120
69750
14490
15030
53730
30690
89550
11070
45360
15300
16830
83160
37530
450
26730
22950
98640
74070
89910
76140
63090
36090
31050
53370
55890
14400
77400
2070
8190
35550
72810
75780
45270
64710
14490
73800
8730
30960
89730
42300
45360
14400
88920
67230
40500
88200
55170
12240
8640
90450
77760
3060
12780
85140
11430
40140
56520
94590
96840
62460
42390
21780
49860
14400
78660
77670
58410
18540
46980
57060
47340
94950
33930
81990
62820
63450
12510
990
55800
20970
91800
67230
33750
93240
32760
54180
57690
95760
68850
25380
62640
19800
92970
76680
33120
94770
41670
43110
33570
65070
23760
51570
40050
70200
95400
77220
19260
32490
60840
72720
15390
66330
25650
63270
80010
47430
23310
22050
36990
32400
31680
53550
88560
45000
2790
68220
63000
13500
23220
33210
71280
27630
7560
70200
97110
69570
40410
79290
83070
97560
28530
51930
1440
18900
57600
72810
5760
26550
60480
44640
61740
68580
78300
9720
54540
25200
47430
13050
33120
82890
27990
48060
85050
84960
21150
99270
13500
38880
56250
88920
68670
30240
36270
65700
68670
10080
34470
15210
82980
42300
66060
33480
35550
62280
8100
93420
60030
76050
89730
91620
95310
4230
43110
80190
92160
71370
55980
25740
93600
72990
0
4680
43200
65070
60480
37620
79020
28800
97380
61650
84690
26100
99810
89280
64710
59580
15570
63540
2700
38070
94770
39330
10350
5490
56070
2160
76590
66240
54000
99450
47160
37350
70740
22320
27540
82800
46980
11250
86490
59850
58860
70920
98730
94230
94050
40500
94770
71730
56700
56880
1170
33840
31230
63540
87300
75150
16650
47790
86490
31680
66060
69840
10890
34290
97380
21330
20430
75510
54270
78390
1890
16020
57870
61920
43560
16740
19170
87210
93060
32580
80820
62910
66780
34380
30060
12330
5670
79110
7020
20520
67230
14220
54540
43110
48510
43740
56430
27810
80910
68400
79560
54900
11160
77940
50130
45180
6930
86220
86760
94050
87930
77040
89100
54180
63720
24390
70110
65160
39780
61020
78030
64170
27900
13140
12600
77940
86040
33570
99000
56430
65430
66780
4950
96750
82890
44460
91980
94140
8550
89640
92610
66150
88830
41940
24210
68760
39960
97560
10350
96210
95670
93420
17460
63180
50940
39600
42300
87750
63450
24120
54720
10080
12870
68850
49500
11790
50040
18720
42750
91980
60390
43020
8730
15210
21510
78300
36180
32760
22950
31320
13950
64620
71820
55710
28350
10080
56700
99540
10080
0
94590
74430
36450
35820
63540
50850
96660
7380
53460
11880
3240
36900
33390
15930
8370
31950
78840
13230
40230
79110
12960
19080
70830
42480
66150
95490
27810
92430
49320
54810
74160
24840
46890
33390
88740
87120
35910
17640
75960
28260
7380
43200
1080
8190
58590
91350
85770
16380
57960
66510
95400
87300
33840
51390
31680
50040
73890
80190
14850
28800
99630
82620
27180
31770
15030
2160
74700
84060
16650
29250
79920
51750
76410
47790
8640
36000
98280
13770
67320
19530
28620
36180
26910
40140
50580
49500
57240
58320
19170
38340
59220
59400
43290
16290
12690
26460
15930
47430
21690
19710
29340
71820
78120
69750
32400
98280
57150
17100
62460
77400
33750
96750
99720
17550
71460
62100
60570
61200
35460
56700
19350
44280
21960
91980
6030
23940
78390
96930
17370
87660
20160
24930
6660
37980
78660
37710
21330
53820
22770
11790
72900
52110
71280
81270
22860
74520
39960
17910
58770
80370
49500
24750
95760
75510
89190
56430
72360
96840
9090
90000
31500
17640
18000
1260
10440
40590
27990
64440
99270
9000
43920
59580
20250
86220
74160
88020
97650
61380
50400
47790
95850
71910
92430
69030
51390
94230
35190
39420
63540
97920
27450
46350
33930
3870
79920
73890
23760
70650
18990
26280
87390
29160
990
68130
81270
46890
46440
39240
39600
8370
41490
15930
30510
19710
47880
35550
30420
29520
30240
73530
83070
49590
49770
9000
61740
71280
67410
55080
19710
720
41310
76590
59490
83790
38610
38250
61020
86310
1530
26460
51660
13680
54000
46440
93780
52110
93960
73260
41760
40320
29340
54810
540
22770
35100
70650
50130
17820
8460
47790
17640
9090
64260
71010
92970
56970
83610
45360
33930
72810
2700
78480
22950
9270
64260
31950
54450
4500
28080
40950
36450
76680
59670
84510
83250
77310
71730
44460
13230
96840
22320
49140
21690
69210
25740
67950
89010
63090
73530
10440
51030
28350
46440
57690
2880
74340
42480
72000
26190
35010
36720
5850
16920
30780
73350
43290
31500
14580
65610
11340
66330
62910
52560
5850
57060
180
77580
44910
93780
22230
96390
20160
1350
36000
3690
40410
95490
47340
37350
24930
58410
19710
57600
48690
41220
41040
53010
81360
37080
48690
83970
53100
57780
99450
11880
19710
71820
48870
8730
52920
26730
90180
9900
47880
39690
19980
65070
56790
94410
21870
24930
27720
31050
78660
61290
10170
70200
52650
28710
93420
18720
6660
52830
43740
27810
19980
44910
84780
3870
4230
93780
67950
11790
86940
52380
79020
78300
97740
32490
19890
61920
13860
7560
86940
3870
62460
7380
60840
85050
82710
81000
32940
31770
43740
72270
4770
84870
94050
6120
19440
66330
45360
82350
33930
10440
50670
9360
48240
59760
62550
64440
78120
7110
57240
95670
29250
11340
4140
360
66960
63090
13770
85230
66150
44640
88740
87480
68130
81900
29250
17730
77940
11340
24930
45360
2970
93330
40860
64890
59850
2970
47160
99540
41670
57150
38880
81540
40410
31590
52830
11250
36630
5850
25020
87930
43740
7650
87300
50490
85410
17100
14490
9090
4140
8190
7740
25380
4590
59130
37890
27810
54360
23310
62280
20520
90270
31680
96210
94140
48870
36720
58770
3600
59490
29250
79200
84960
1980
47340
78840
51300
92340
21420
5580
92430
51840
16560
23310
28620
67770
360
67770
43650
31500
38430
45270
99270
3960
26280
66690
20520
17190
9450
43830
13860
94050
92970
98640
81000
5670
87120
94140
86220
4410
22410
92790
68760
92970
29970
22590
76950
83520
82980
51390
79290
27000
61020
53460
14310
450
92160
80730
42300
13860
12870
55890
7290
46620
56970
21690
13770
26550
12060
78660
37980
42480
99540
6210
35100
4590
90810
29430
46980
36360
26370
50760
25380
20610
15930
80640
55980
65790
19350
33570
9810
11250
29970
29970
23130
3330
60570
61920
47790
30240
92880
43290
43200
95490
61110
89010
7560
37710
2430
34200
13320
92160
14760
9900
47610
29700
41040
44460
77940
6120
58950
50130
21870
69300
88830
76770
91710
35280
64440
88380
38880
58770
94320
55080
61200
96930
84690
57510
17730
28260
91260
45990
16200
540
13050
18720
27630
83610
34650
86310
8820
71730
19170
19530
32580
94410
77130
56610
90810
67770
35190
63270
38790
5580
15840
39870
84690
47520
21240
87030
0
12870
96210
53370
97650
44190
79290
25110
18450
97200
14850
10530
25830
12870
61650
83250
94500
41760
45360
9180
28170
36720
1170
92970
10260
10170
86850
48420
14580
21960
70110
45450
64710
35550
20790
92340
38340
21420
79380
43920
77310
14490
78210
26820
50940
91170
25650
70110
60030
86400
56430
43920
35460
18360
16110
83880
52290
3330
15480
32760
90540
73710
70020
27090
93420
77310
52650
74790
27450
5850
23040
24390
31140
49500
36540
46260
99450
900
15300
30330
83250
77760
27360
90810
91260
14400
47160
70380
98640
49950
8730
56340
60390
47430
3780
25650
29340
35460
48510
24570
16830
9630
60930
57420
50490
59400
78570
4410
14040
74790
34380
26550
14490
9000
48870
46440
46980
24300
84060
29790
53280
67050
81720
69930
75510
83970
3870
49950
10440
45990
28980
71280
54450
71550
12150
53460
60570
25470
65970
31410
36000
3690
26640
15480
88920
78570
37530
25560
67410
74880
32400
50400
80910
71910
8910
85320
34020
53640
50040
79200
13140
93600
96570
98820
40860
30780
97200
86220
63720
86850
46080
37620
25110
96930
17730
12060
58860
38880
15930
96750
40140
96030
63810
78390
70110
71820
44820
29610
27540
93600
6660
50130
51930
37170
55620
40590
80910
95940
60840
77760
50760
91710
54180
34290
45360
93870
27090
40320
82980
43470
47250
98550
64350
15030
59670
60390
13590
30420
24840
74700
32850
53190
5490
88470
72090
38340
79200
39780
97830
41760
9900
73170
69930
96300
13590
75150
31500
62190
41310
34020
2520
63900
61920
82080
50040
75150
34470
450
720
48780
68760
36360
35010
41490
98280
48690
81720
81090
43650
20430
57240
35010
97200
33930
93510
48870
53820
38970
91800
94680
76140
53460
97920
39420
41940
95490
18450
83880
88740
41670
97380
6480
85410
20340
4770
15840
20250
21060
83070
57330
32310
28260
88830
73260
13140
23040
95400
79650
23040
98100
5400
94050
59400
25920
90630
82980
82890
51300
92520
36900
41040
32940
56250
51300
66150
15300
15750
64530
86310
82620
40680
75690
80190
10440
18270
4050
98820
69570
86040
78660
82440
25470
40590
77130
6840
46710
61110
39420
99090
27900
43650
23310
15840
78930
88740
91890
16380
67230
90
85050
86490
45720
97470
58230
72180
60390
72090
4770
54990
27360
60210
73710
10530
3780
68850
41580
82620
12600
78840
52830
9990
38250
91620
630
36180
96120
32490
1350
95670
78120
9000
79740
75420
35640
37530
85140
8820
35010
98010
39870
67770
93060
82890
38430
96300
86940
63090
91710
2790
34920
49590
92070
18360
54540
61470
44910
37800
1260
63270
76950
84780
26910
75150
98100
37530
81810
68850
63270
5220
33480
80550
60390
72540
80100
3510
12060
50130
11790
92880
81990
24750
95670
92160
1440
15120
43470
22950
53820
83610
35100
78300
17370
70020
91620
84780
74250
12960
60750
16110
28890
20160
54630
53190
90720
87750
73170
58770
7650
32580
21240
68580
1350
7470
53010
28710
67860
59310
990
17280
58140
21060
79110
89190
95310
87840
13050
18540
47430
30150
86130
34920
36270
17640
36540
18000
66330
78120
96210
67590
66150
53910
67860
62100
17730
26190
75960
31230
62730
85410
270
5850
73170
33660
94140
94320
30510
12960
70560
75690
35550
6660
7290
94860
42480
65340
51390
10260
18180
40050
4140
57060
10530
63180
98100
26910
49860
73980
35100
37350
40230
77310
39240
74250
72540
94410
79740
9720
24840
31950
57510
0
91170
49770
66150
96840
77580
2340
10620
49950
13500
41580
35100
82710
58500
71910
25110
4140
93780
76500
88560
18270
83970
59580
7830
59940
57690
84780
8550
85950
74970
15300
89640
73530
34560
86400
17370
94950
70110
38340
83970
9270
22860
19890
23220
36090
32760
92430
34290
43920
16380
37710
74700
47430
18180
8460
14580
47790
50670
77130
59220
14940
22500
30330
88650
98550
8370
39600
56700
66420
19710
77220
92880
61380
33120
17730
87660
1890
76950
19710
61470
54900
82890
31050
82080
20160
58680
49950
60390
60930
7650
80820
97200
61560
7200
40590
53460
47070
77940
720
85680
43650
67140
16020
25110
46890
30330
81630
36630
54720
97110
4050
80460
27990
97560
5220
98280
35100
64710
14040
80100
36000
76230
20160
56250
29070
64080
74970
72000
79020
93060
99450
67590
87750
95130
20610
62910
20970
3960
94320
91260
66690
26280
8910
88380
48870
18270
15390
30510
87570
84330
88470
73620
65970
49860
2700
41490
95850
27180
64620
85770
9000
10890
28170
52020
76680
53640
19530
78390
2430
58680
13140
58140
34920
18450
68940
37170
9540
90180
49950
84420
13140
59670
62730
83070
54360
87390
60390
21420
80460
49680
52200
16470
10080
36990
67860
59130
81900
85140
37620
78840
0
54540
1620
75330
25920
20520
94320
95670
40050
53370
14940
45990
30510
61470
16560
28710
37440
99810
66420
24570
73170
57960
13500
60210
24840
80820
97650
48690
70380
77850
42750
35730
14310
30870
45810
76140
60030
42030
75420
30780
18630
75330
82350
84690
22860
27450
90630
67860
95400
5040
50130
65160
33210
25110
19440
19350
7830
84240
16290
63540
63270
98460
75870
85860
48600
69840
26730
31770
62190
74340
84060
38070
19800
84150
78750
47250
53820
59400
50940
70560
55710
3600
31860
10890
41130
29520
90450
21330
86670
1980
92250
43740
56340
20160
18630
82350
67680
60660
35730
68940
18000
67950
41310
79560
80100
66150
25110
93240
66510
66150
17640
5940
43200
92070
9540
19170
30060
20430
72000
88830
38340
58230
43830
19260
900
34470
17190
52290
8280
0
65520
14130
43470
56160
64260
62190
51750
27000
13140
17100
42930
49950
99360
14220
38070
14760
83880
81450
4860
20070
17910
83250
70290
8010
29790
19890
42300
4770
53370
45450
77220
96210
23760
74970
62550
21780
71820
86580
21870
39780
48960
67950
88650
50580
99990
9450
78660
15840
16290
45810
62730
46530
32580
36000
59940
47520
74880
44640
86310
94860
6120
62730
60750
25470
41490
39420
41400
55260
37260
49230
24210
90180
50760
9810
97830
4140
45810
74160
97650
93780
4320
63630
55170
12510
87570
70920
29970
97740
6210
63720
59400
9270
19080
21150
29520
69480
23490
89100
63090
71370
3780
50400
44910
62190
21330
90450
38790
4230
3330
20250
94500
41040
45900
54270
79110
51660
10620
24930
76050
45090
97290
66600
9180
88110
37530
38970
51570
52740
360
24480
94770
85860
45180
55170
98370
69660
23310
67320
36720
14940
26280
26190
1260
89100
7020
16380
37800
58950
55980
9810
23580
96300
59130
3870
89370
13230
65070
25020
50400
44100
64440
39690
75960
27540
32850
32940
54810
72720
76140
82620
15120
71730
91620
28440
73620
12510
90900
86400
60930
85950
62550
49230
35730
77850
88560
86130
26370
37260
10440
10440
32490
13230
52560
13320
18090
60480
54090
62730
29250
15930
96570
69120
35100
33750
43290
90450
84510
56340
34020
28890
65160
93420
52740
1710
6750
49950
30240
33480
49410
86040
66870
35730
99630
69120
63540
21960
77130
65430
25830
60480
19890
57870
23850
22410
51930
93690
61830
36900
9990
44910
40590
94680
97110
85770
65070
63810
78300
54090
7920
53370
48060
69390
6570
64170
43470
5760
54630
75510
85770
73890
39240
41850
82980
36090
25830
66060
5040
56790
91440
54720
70920
37080
68400
92430
76050
4860
3060
52470
62010
93870
51660
2610
57060
58860
57960
7560
20970
73620
82710
32220
31860
65070
44280
23580
18360
65880
26370
55620
7290
97200
74970
13770
39060
42480
62370
59490
14580
51570
37170
77040
14760
38340
35550
81180
48240
42480
56610
23310
56970
38520
80190
89730
81720
63810
50580
70380
50310
40230
70650
7920
53640
85860
90720
31320
94950
49500
59850
62550
72630
38610
42750
45810
810
79740
53100
64530
21420
99000
18270
8550
95400
82710
74430
82620
24480
91620
10530
4050
99990
21150
66420
82620
46980
88920
6660
34200
50940
82710
55260
67320
31230
56790
36180
32220
74970
17370
80190
27270
60030
1620
29610
16830
67770
88650
40050
24030
54630
15030
64620
82440
68940
49410
65610
85230
20880
2430
95490
69120
47790
45540
46170
59940
48150
31500
14940
45900
11610
1440
68400
40320
85590
39780
14400
80820
44280
26100
1710
42930
9090
95580
68040
99630
94320
24030
46350
54720
95940
71100
49860
72270
78390
14130
66870
60660
37440
53010
6750
73530
64710
79020
44370
5850
14940
68670
7200
9450
76860
6840
17730
67050
21510
41490
57330
30060
63630
9450
21960
31680
44640
39060
70920
46800
1800
41940
55710
60300
54810
71820
900
5490
45180
44550
33570
26280
34740
17910
43650
80460
38520
92340
62730
65070
70740
55890
23940
51570
69390
58590
19440
91440
43740
70920
65430
21510
19530
61830
77490
62370
6480
10170
2970
46350
99810
48600
69390
67140
94860
8640
88830
27900
96300
99720
9990
68040
90090
11520
53010
4770
81900
74250
75060
94320
88830
54450
81360
5310
22230
78840
15120
27810
76320
8640
96750
24750
90540
81810
19440
99000
15120
56070
46800
61560
90990
60390
18990
57150
66870
87750
45000
35190
80100
97290
61020
86040
42390
81000
46260
88290
93780
22860
91260
26730
60570
37170
87930
85770
32310
58500
77220
99270
35190
95940
31140
27360
80910
90270
52470
720
36360
69750
63900
7020
19350
27720
73170
87480
26280
81630
23760
83250
52200
81720
81000
6750
42300
1080
62730
25470
18000
11880
65790
5490
29700
59490
99000
88830
45000
88920
35100
92250
58500
57330
88380
11430
81270
53010
68310
41940
99450
81090
22050
4050
91980
86400
89550
59040
89100
20520
28260
71190
31230
33660
51570
27720
92610
24120
53370
93600
67950
36990
11250
2880
60660
31590
27990
73980
11520
2700
87390
61110
66960
41490
14400
92070
78030
21150
38880
92160
31500
1350
86130
67050
91530
42930
27180
88020
85500
59220
6570
95940
63450
16830
87930
10080
11610
70740
92160
77850
60480
86310
4500
51120
3420
51840
12690
1710
86580
91980
52380
4680
18810
48960
8280
37080
27630
82800
9990
19620
89190
27180
86580
8010
28800
79380
12150
8460
73260
15030
24120
630
6840
49680
35460
17460
42300
39780
49680
46710
72450
89370
92250
93510
69120
77490
79650
32490
83790
52380
4680
51300
85680
31770
40320
35820
56340
35010
1260
53190
78570
95490
48510
36720
33210
27540
52380
34020
79650
67680
66870
85050
81450
68310
93960
38790
60390
16290
44010
42030
73980
68220
25380
7020
40050
57600
78300
34020
71460
46170
66690
25920
36720
20160
17910
27900
44280
48510
81360
32580
15030
99990
2070
54540
80910
79290
35280
47160
22050
39600
81090
56430
10440
71730
25290
45810
80550
1440
30420
38250
70200
17460
67860
35640
28080
33030
19440
99270
26910
32760
15930
91080
26010
48780
11520
59850
54810
22500
65970
46710
44100
44640
48870
55350
95220
12060
19710
21240
83700
58500
29880
25290
64350
43560
48060
81270
6120
7830
48330
90630
63810
57600
38520
64170
26190
83700
60750
990
41670
3780
36450
68490
4950
17460
50490
57060
62010
77130
94680
97920
74700
81810
88560
94770
45000
80010
57690
27900
62280
84240
23940
51840
12960
61020
25290
95310
23220
86130
25020
19350
20520
17820
78930
19800
46530
56160
7920
43830
5580
50220
64890
30060
11880
73980
49860
77580
61920
99720
22680
55350
96300
25290
75060
18810
38790
78030
29340
14850
89820
46800
38610
41490
1170
65700
13320
95310
63270
70110
55170
28890
25290
51660
39690
36630
17370
1260
76230
59940
79290
66690
47790
93060
8550
28170
61830
12060
97200
59670
50130
8550
47610
88200
99990
2250
71730
7830
46980
63360
1890
43200
51480
19620
69750
13230
7470
99000
8190
71640
62370
34920
41310
23760
41850
32760
54000
15210
7470
39870
57060
6660
83070
26280
29610
96750
64440
37170
13770
16380
84510
15390
82440
23310
75240
88560
91710
10170
45090
77310
70560
44460
67680
24930
40680
2340
90990
25650
86130
38160
23490
58680
56430
51570
50040
94140
94770
69210
1620
27630
30960
47430
96660
1710
84870
44100
9900
86130
4140
69930
90900
95400
55350
34290
84240
72720
31320
45900
52020
35820
19530
71640
1260
85500
94680
83340
53370
68040
9990
18630
45090
10710
74880
99090
53190
48150
92880
71370
39510
23400
16020
27720
84690
78750
16380
96570
85410
28260
84330
78030
48420
77940
77400
47520
84600
92430
39960
33570
55980
11250
51750
88380
29160
41310
92160
96300
40320
11250
90990
64080
48330
66150
40860
14940
69930
15660
84060
17730
19080
50580
86670
49410
61650
89730
44190
24570
65430
78660
11790
4230
71190
58860
10260
74700
56700
42570
73710
990
91890
9810
88020
74790
36990
43020
70920
83790
38070
18900
44460
98730
23130
4680
58410
51390
1350
52560
40860
83970
38340
73530
14310
93420
73980
91170
32490
57150
38250
78120
98910
63270
62280
28710
40410
47340
23220
24210
96570
60840
14490
59670
40050
26910
53190
81630
10080
19890
58050
36630
10440
21150
59580
62910
47790
81630
81630
32940
57330
5850
21060
59310
43110
20790
43290
44010
87120
69480
74700
9630
39690
18000
16650
15210
54180
36540
1980
31410
11970
92970
63450
94050
48510
87480
99540
2520
65880
62190
97290
80280
88110
91710
70470
94680
8280
3870
44190
44820
0
69660
67860
29700
77490
77310
91260
30510
35370
97110
54360
20160
65340
1350
17730
50760
98550
28890
270
65790
19530
73530
46800
53640
55710
13950
25380
87930
99540
23220
44640
82260
5490
20700
69660
180
23760
84960
29970
35910
25560
99720
8640
89010
56700
50940
26550
35550
3150
51840
63990
86580
60120
72990
19080
46710
68760
97020
31050
57510
42660
5760
38160
29610
62460
41220
78480
81000
59490
56700
65160
15480
58950
10890
15840
26640
4140
360
13680
43200
28260
94950
75690
70110
41490
30060
14490
62820
73440
50850
66960
13500
63540
77310
54270
54720
25200
76680
7380
65610
38700
73800
95490
16200
2340
30870
59130
88470
88470
19980
58230
76140
71640
89010
71640
36810
37890
1260
15390
57420
15750
98820
46260
27450
3420
33480
72630
16470
75240
90990
45090
60570
28620
94860
14220
87210
49320
78300
36540
24570
78120
45900
13950
2070
74700
48420
62100
58230
90810
51120
71820
44460
11700
46260
87120
1350
6570
79740
90
18990
30690
79380
39600
94950
28530
72630
64890
21420
26010
87930
98640
83160
67320
72720
66690
92340
78930
75330
6930
99000
24300
16830
50940
47520
86580
12150
99810
69120
61020
56880
2250
450
90630
22410
78750
180
50850
49950
75510
91080
61110
30600
42210
44280
24660
69660
20610
96120
32310
52380
35640
76230
40770
92700
51480
43830
90900
39690
11700
15480
18000
81990
46890
37080
31230
81270
93240
70380
87840
43470
99000
92790
19440
50310
81990
19440
61470
76320
23490
22050
79200
57330
43290
47610
12960
33210
57060
71730
12780
27720
21780
33930
46800
84510
48960
18000
19350
30060
11970
73440
67590
19710
99090
45270
65700
17280
22590
64440
82800
40050
37260
27090
69750
99810
64530
26370
2520
45900
29790
39870
90630
61470
65790
99810
30150
50580
58050
44550
37080
53370
16920
79200
4140
63270
98280
73170
58500
45720
61830
93960
27990
81090
90270
51840
44010
80640
24210
60840
4320
59850
12150
9090
49770
54270
70110
96390
32310
46620
1260
48600
65070
72090
18990
4140
52020
3690
92700
18720
46710
23670
86850
3960
42210
38520
88830
36180
37170
45360
13230
99810
42930
2250
38970
38790
98280
69390
98010
65340
30690
25830
93240
72630
80010
57330
93780
21870
61920
2610
36810
44190
40950
73800
72000
18900
63360
75420
57330
92070
81450
15030
14580
35190
26640
89460
37440
76680
10260
20340
73980
46710
32580
85950
59580
97020
89190
80280
28800
77040
74160
30600
47610
24480
41490
71640
82800
44460
52470
540
47610
60840
86130
40860
13050
180
12420
73440
13140
24210
65250
47520
97830
48870
58860
36450
41670
84780
810
82800
89640
88740
97560
62730
99180
22770
92250
37890
18180
33210
56250
70830
49950
73800
86490
54180
36810
33930
90360
14040
61560
27270
77220
96300
73170
52650
97380
20970
79200
46440
45990
52020
76500
87120
97200
59760
25560
25650
91620
24300
33480
86850
18090
56070
43380
98190
76050
41940
91620
65160
50130
57870
37440
72000
77130
22860
18990
5400
47700
36630
58140
83700
85770
42660
67140
52920
19350
35370
93420
54090
59940
15660
65430
88740
37530
55980
32760
16560
3150
56880
43830
36000
82170
98910
65250
29610
99450
85410
60030
78210
51840
2610
7200
6660
66330
79290
41040
16290
25920
93150
76410
12330
88110
93240
54810
78300
45180
37080
93600
14130
8280
97110
36810
26460
3240
79380
4590
95940
64080
90630
51030
4230
56160
12600
28080
2340
67860
42930
62730
39150
70920
83610
61560
48420
44910
46980
72720
63180
98550
8640
53460
38970
78030
11160
99180
27720
63630
70020
27270
43200
60300
14400
63630
29340
91170