675 5922
54630
79650
1710
20250
73530
54720
39060
22680
21420
68400
12150
86220
29700
50400
96120
47970
75420
10530
41130
83430
31590
67680
62640
7470
810
20880
82710
72990
73890
17100
39870
29970
90990
87930
24210
78570
22140
49140
74790
7200
5400
47430
24300
61200
94590
49320
36810
82620
50760
4860
2790
30240
39240
810
97650
82800
93420
91980
12600
94770
66960
31500
79290
78570
37530
64260
93960
64980
14310
13500
88920
90270
27720
82080
82260
23760
4320
14580
55080
79830
92970
90540
48600
67410
34740
34830
86220
87120
1800
56970
40140
21510
85680
24750
76500
3870
99540
36630
5490
65790
89460
73260
6570
8010
25380
16650
33300
85950
65520
90000
35640
89280
59850
27090
50850
61290
49320
81630
39150
75150
23130
21690
88560
48150
99630
93330
99990
60750
58950
35460
17730
97020
89460
30150
72090
22590
50760
46800
88020
69930
47880
8910
66690
3060
35820
51930
40050
88200
9990
10530
64350
76050
55710
84600
25380
8910
82800
32040
64260
16650
89730
84780
360
48420
61560
70020
33300
50580
90090
29340
4500
62820
93420
63540
23220
76860
21600
63990
7740
69570
98190
16290
11790
96390
18090
66150
77940
23490
77490
21330
11790
98010
5490
73260
43560
47160
80640
65340
35010
22320
27360
95940
66600
25650
40230
99450
72990
84330
64440
58500
2430
77670
45630
27900
89190
24750
25560
7560
46440
63270
88740
65610
63090
28170
32400
39600
64350
60660
92520
8820
34920
37170
19620
35550
80190
40140
27270
46800
86490
14040
23760
36090
73080
12060
10620
42660
79470
16650
4230
32040
22230
25470
45090
25830
99000
52560
21510
73530
57510
10350
50760
74610
4140
59220
4230
25560
31500
7110
72900
61740
98460
7290
22140
12870
53460
80100
9270
48420
73440
5490
31680
66690
9090
5310
79020
79830
32940
62190
22770
42120
17910
14310
27270
61920
11160
83250
32040
10980
31590
75060
70920
21420
30690
69120
26370
64620
90450
19980
34920
54000
990
46350
13320
61380
9990
18900
35100
77850
78840
31230
88020
7560
1620
61110
29610
25830
41850
71190
71640
93870
56070
72450
49140
54180
18810
89910
38160
74160
64620
48690
26640
57780
17640
89730
81090
4410
78030
12690
68760
10800
5670
47520
62280
84690
20700
73080
89730
62370
47340
99990
31590
86670
6300
6120
33930
17640
15120
75330
79290
540
16650
74880
52290
70920
97110
31050
83160
97290
46260
59670
91350
44820
44190
80640
86670
42930
84420
21870
71370
35460
59670
59580
63090
63090
55710
22770
72540
1800
21870
67140
57330
56880
45630
8190
87840
95580
11520
82170
10890
5670
74880
95940
29790
69030
84330
23490
34920
51210
9000
95130
44460
97110
20250
77220
75510
4950
5490
52110
5130
57690
3780
73800
84150
82890
68130
65160
99090
39690
45180
37620
3060
5580
58590
40050
31410
20700
49320
80460
27270
17730
33480
38160
6570
26370
91440
1890
56250
58320
89820
23220
59850
66150
60390
3690
35910
16200
17820
53190
2970
61020
52740
54360
43650
6930
79920
9630
97020
79380
72270
29430
95040
19440
66330
18450
65250
18360
10260
78390
13320
52290
68220
76860
49050
42390
7380
80370
84690
93690
42030
48780
92520
36450
90180
41940
80550
38970
83430
66330
15030
96840
3510
75060
34650
59310
47340
97830
73620
55440
54720
75600
27540
26910
72990
85050
95490
61020
76410
49770
6030
43920
62370
18810
7740
87300
65160
9270
33030
76140
51840
450
23580
7650
75510
12870
91350
93870
27630
76950
28620
54630
2070
79920
9630
56430
14220
90270
80640
84420
2070
83430
15840
19890
69390
64710
77580
7290
79110
89640
32220
69750
52920
20070
26190
63000
66510
1890
53370
80910
89460
1620
59670
84600
2520
16020
85680
71280
63720
37170
82980
56970
86310
95580
75420
62460
30060
6210
88110
20520
62910
7200
30780
1800
21150
53910
18540
90180
58500
82530
60750
43650
34380
9630
94500
40680
25740
38430
90630
64440
99450
56340
84600
19440
38700
61740
61200
32310
86040
87390
62280
75690
68040
75240
21420
54090
82350
53910
85950
7830
87750
34470
48150
69390
63810
27450
50850
14310
80010
61650
73620
54810
34380
9810
67320
68940
71460
31140
70110
91530
43200
77940
8280
53820
85500
40230
20070
80550
16920
16830
6390
74250
39960
28530
84600
24390
90720
26190
18360
36630
14580
89910
27000
84960
29430
51210
36990
10620
81630
59760
67140
56070
41580
810
25200
51750
45000
26550
10980
46800
94050
21870
60390
89730
720
19890
95580
66060
65790
21780
18990
65970
57510
27540
48600
43020
72810
98640
99810
9810
71010
77040
67860
97020
86760
11700
3600
69300
71190
62910
61740
33120
96300
63720
27090
62910
22500
23490
36000
67230
21870
27720
64440
92880
99270
71010
81630
47520
10530
41130
79020
76500
94860
30240
80640
94500
66150
49140
1980
67950
76320
32310
42660
38520
88290
52470
7290
15300
34740
51750
12420
43830
74250
74700
27450
96030
61380
44190
49140
96930
17010
50040
85050
21240
73440
50940
79200
4770
48060
74340
84060
540
54720
56430
76770
24840
1350
44010
73800
81270
62280
83970
6390
97110
34020
54720
25110
26910
37890
1260
36990
50040
62370
24660
81180
43470
83340
1170
16740
60840
74790
27360
68670
90900
76230
85860
61290
42840
8190
21780
1440
53820
74070
68490
27450
72360
42300
37170
98910
66960
86400
19440
6210
26370
52650
61560
44100
66690
5940
54270
45900
39150
79830
91440
29880
27270
3600
8460
40770
16110
68670
3240
79290
76230
8190
65790
69480
6210
70470
11700
33750
78930
47160
42300
91620
36720
58230
77130
99090
80100
47970
40320
35280
38430
86130
23760
92520
33030
36630
51120
44190
93420
1890
35100
71640
95670
69840
36360
94050
50490
45720
23400
26550
75600
48420
79290
12420
7740
83970
92880
58860
79560
46440
58140
98280
6930
68130
64710
91350
17640
66150
17550
86040
44100
48420
20610
34110
81990
67230
77490
66600
46170
51480
91890
76770
76230
43020
54720
30510
21240
28620
55710
15210
11700
82620
95220
21330
76230
69840
42750
13320
51570
73440
27360
48240
360
52290
81990
30330
80190
40320
72270
24840
3240
41310
64530
51930
56520
63720
360
62010
99180
63720
93420
97020
75150
46170
71280
11790
51480
55980
3420
31140
75780
53190
23490
85680
48330
82260
25830
79110
1260
33120
65340
32040
39780
73800
42120
82080
20430
35010
79380
98190
70920
81810
7560
9000
87120
91170
41670
40320
3330
11610
38880
22140
90720
36720
51930
66870
60750
53820
71010
98910
39150
80280
29250
49410
98910
64890
89550
57690
11610
32220
89280
19800
63450
91620
94860
41040
43200
61920
43200
32580
88920
99360
88470
69840
49590
35190
31410
10620
34020
40320
49410
88470
14850
61380
3690
47160
89010
11880
8640
60210
18720
72000
66780
77760
31050
62100
86040
29610
72720
10080
5490
80370
73800
50310
69480
83250
90450
49500
92070
73440
31680
37350
46620
56520
13680
24030
9360
31320
53910
92430
13680
45900
33750
14040
35100
61830
50220
60390
67500
82170
1800
96840
73980
40680
72180
61560
24660
15210
94680
60570
11610
75600
13410
2070
14940
15210
93330
19980
15840
14220
11790
93870
36540
93060
83250
54180
95580
18270
83430
37980
8370
23670
61020
63990
20160
43560
58860
31140
92520
97830
40320
98640
93870
64350
73980
74970
6570
19530
14310
80010
86670
57060
32220
75330
76320
14040
88110
18360
50490
98460
47070
57420
68490
3240
29430
18180
65520
41850
90630
84960
80280
91080
71820
60120
69390
1980
60030
50850
64440
60660
37800
59940
61560
15570
7290
35280
20880
10890
31320
18450
87930
52200
20250
34560
25560
67500
83160
46980
44100
74880
94950
16470
59040
12150
54450
90180
67140
93510
33930
33210
98370
29700
40680
92790
95670
8460
79470
84960
94860
36270
49950
71910
11070
9000
56070
27360
63990
56340
65430
2880
79830
63450
81990
72450
17640
80460
56970
85590
10530
69120
80910
68400
31860
98370
75150
62820
93060
85230
98190
16380
5580
15570
84420
96390
68040
96930
50580
85410
29520
41310
29880
41760
92790
1080
97380
47160
98010
58770
64980
59940
15390
9990
19260
9540
93870
94140
25020
87930
22140
32670
81360
61020
44100
42930
76320
85860
15030
44190
9180
31140
17640
79650
20880
96570
53100
31500
25650
56610
97740
85950
4050
84240
78570
24120
71640
16830
73980
54720
41580
10620
51660
93150
43200
86670
17910
13950
55890
96750
29160
54900
25740
4230
60120
57060
69120
79200
47700
97650
11520
17010
63990
50760
47160
88470
99990
49230
34380
51840
22950
18990
7110
23670
2970
37350
16290
30060
22230
31500
37440
57510
89100
51570
15750
39960
57240
46980
61560
56700
39960
91800
14310
72270
86490
74430
73170
62550
71280
55080
25200
35730
95040
45450
68580
18090
20970
71730
19260
41310
65160
98550
12870
94050
10710
5400
90450
37800
26460
26730
7650
63450
30330
32670
66690
68670
63090
50670
8010
900
36720
48420
92160
93960
81630
25470
25830
61650
39420
14130
67860
20250
450
76680
44190
56520
9450
8190
52200
54180
39330
54990
98820
91260
65790
78480
57780
42750
76320
79560
79920
56160
90900
3420
30870
20070
16650
95400
85590
76320
27810
93600
19530
96660
41580
75690
9990
96300
990
63810
4230
75150
57420
64710
26010
46080
51660
12420
60930
19440
17730
21150
6840
24030
95040
94140
67950
69300
72990
96480
56880
82260
49500
56970
38610
41940
7380
94320
36630
24390
76500
10620
18450
73170
51930
59400
81540
5670
47790
18180
35280
96570
79110
22500
10080
59940
84060
40320
62370
98370
35280
32040
8730
96390
99090
1170
8370
32490
80280
89820
15660
31770
96030
63630
80190
10170
12060
88200
87570
38520
86760
34920
45630
54090
4320
59400
14940
31770
99090
2250
49140
67500
93060
42840
5400
55710
30870
73530
87840
27180
3600
16740
96120
44370
51030
93870
91350
95940
57420
29160
72270
75780
90360
810
78570
25290
58590
70650
79110
3780
74880
48510
31410
3330
50220
14130
74160
25380
53460
71190
69840
64440
67680
26370
76680
43200
63450
68760
53910
12060
61200
29250
80010
15570
61470
97920
5850
29880
34200
24300
52830
72720
33480
13410
57510
84240
23310
81810
15480
86490
76050
90090
14670
76770
45270
57870
29340
76230
900
26460
93870
55620
9540
36450
46170
18990
69930
33660
40050
48960
88920
41400
61200
2880
97650
68670
56340
9180
17730
28710
39240
2340
24750
83250
13500
24120
82710
12150
12690
43380
10350
89010
22500
92610
54720
50580
87660
51480
33210
56610
37080
79290
78660
44370
50040
61740
9000
44010
33660
60480
6210
74880
35010
87210
70470
84780
64710
11070
14310
95130
2250
31050
18810
59670
50220
88560
20610
85230
83610
16110
67320
23490
1620
3150
48240
47430
11790
38340
16740
33030
16110
29700
35280
43020
45000
23940
84240
63540
91260
30870
76320
3330
2250
4320
92700
72000
57240
83970
89640
30420
88470
48690
76770
22950
17730
65610
45900
82170
62280
1350
47070
1980
49320
17730
68760
53910
3330
46440
9090
70920
180
7560
82260
630
61380
81630
43110
96120
93780
83520
2610
53280
18180
75150
42750
5310
22320
93060
68940
43920
30780
57420
45000
35280
14220
64710
81180
90090
94050
4950
1350
98550
44370
29880
55440
1800
32220
37350
87120
8550
14580
53010
94410
40320
58860
71910
65430
42840
16560
87480
65070
53460
96930
79200
84690
72990
53190
4680
53010
78480
46980
81990
75330
64080
92610
65160
89910
25290
35100
91800
85320
43020
74700
76860
22680
55800
84420
73440
22770
31050
75420
98100
40320
5850
34200
20970
14760
80010
25290
99810
81090
19800
27270
4050
16740
76140
98100
44550
67950
65610
6120
43380
47520
69930
6930
61920
38610
39150
62460
30780
90000
99900
78120
71370
58050
7110
68580
88650
99180
7200
15120
49680
32310
28260
11790
38610
9360
96120
57870
84600
47160
41760
89370
70380
15570
77130
7650
51300
32940
40860
20790
80550
21150
28440
3960
93060
98280
21870
21510
1440
39870
16650
6120
19350
44640
6210
73980
57330
14490
40230
51210
630
81090
78660
26010
31320
17550
18360
30060
74340
9990
20430
34740
3240
54180
43740
8820
53280
63990
76770
51390
78570
990
58500
71820
62820
69390
56790
57600
66870
80820
15480
3780
27270
32040
27630
41490
87750
86040
29700
64350
27900
39510
96480
37980
55620
67320
31770
7470
96660
62010
57060
60210
45630
68130
73890
97650
86940
54450
57690
32580
74340
64350
61830
70110
52740
38340
87750
90090
86130
8640
89910
3780
22320
25920
46260
32400
5760
73620
46890
89640
85230
74250
80280
52560
93420
96120
96750
24750
74250
56520
21960
59850
80010
68220
40410
60120
85230
30240
87390
32310
97560
15750
91350
59670
36000
57780
20970
81720
48150
21690
36000
17190
30060
66330
47160
31140
93510
72000
95400
13770
10890
49860
52650
36090
87390
15930
51750
34470
29070
4590
27270
31770
59760
23490
12240
38340
90090
27630
25470
47610
68850
94500
4590
33660
39330
40410
63360
38340
55080
33840
64440
58230
90990
49860
80100
53460
69300
18810
18540
92430
85680
76140
63000
88380
16200
46440
57420
58410
81540
46980
27270
73890
32400
28170
67770
13410
68850
88020
49590
23670
99000
82710
63450
43110
12870
41220
77940
88740
34380
30960
72900
75330
50310
82620
47520
51030
95310
31860
89460
81270
1800
86940
11160
28530
63000
9450
85050
44460
53460
72270
1170
38790
16830
79110
39780
64170
30960
2610
69570
8370
31230
56970
4590
92700
36180
14400
50490
61830
2520
36450
6840
81720
18270
56880
99630
98640
13770
65340
28440
19890
48510
8460
74250
12600
7290
98730
9000
96300
54720
87390
70740
76770
20790
56880
8190
5490
23220
80100
0
47520
92070
44100
30240
92430
96120
25740
93330
15390
23040
2700
76410
23490
36810
80550
66330
5670
27630
88470
94860
37350
51300
19890
76050
30600
90810
10170
51390
21510
93240
33120
76500
63990
83160
60930
83430
31590
4500
7740
92790
50580
88740
54900
81090
73980
77850
93600
11610
540
79290
16110
34560
91710
27540
8280
97200
35370
41040
27540
19350
19530
56700
35730
86040
28530
96570
8910
38970
12420
69930
47070
23310
52290
36360
34290
79200
58320
34020
34110
63990
83160
92880
86130
86400
26100
13770
3600
5040
36810
59670
47070
80910
33210
77400
69930
93060
29970
97200
24930
80280
75150
3330
42570
89730
73350
3330
46530
56070
10080
38250
57690
75060
45090
44460
67500
56970
28620
65520
72810
45090
87840
64710
3330
13230
74520
97380
69210
8730
87570
55530
24120
9450
82620
97650
79920
8370
80190
3870
9450
58950
63270
99270
88470
54990
29430
62460
25830
57240
55890
14580
83070
83250
74070
40230
18360
47970
85140
48060
69390
2970
6930
6120
93690
68130
55260
58860
53190
94500
32490
62730
73260
96030
30240
34020
21060
98280
15030
13230
9900
74250
18090
3240
83880
90900
33750
13950
75150
28080
90360
66600
51570
9090
42840
68130
22860
5940
37710
12420
99540
87660
28710
69390
13140
96120
51120
8460
73350
80730
31590
36630
6300
28440
86760
12420
65880
65610
14490
93960
64980
47610
19350
33930
90090
83970
98100
8550
53910
4680
26190
49590
45000
50400
450
50040
38520
78120
55260
31590
89190
62280
26100
32490
71910
78570
5220
13050
77400
46710
72720
94950
39150
79920
57330
72180
37980
60750
36810
75600
72720
9360
85500
99630
66420
79290
64530
70740
58590
37530
32670
36810
23310
96390
58050
15480
77040
89640
20700
31500
74430
4320
46980
34020
98550
45270
38430
68490
98550
40770
51840
44370
72090
79110
25830
69030
96480
1440
92790
98910
16020
13410
7380
40770
20340
31590
54270
68670
46890
91890
28440
72270
90720
55890
34560
29970
54090
40590
7380
49410
44370
40770
69120
39870
6570
22680
56970
56700
45000
40950
1710
17910
76680
59490
55440
71640
1890
16200
34110
31500
61740
40140
14400
92790
1350
10530
58050
36540
62100
11070
59940
54360
33570
36720
81540
10530
39060
76860
88200
8460
360
37800
81810
96660
34560
70740
30690
37980
29520
61830
24840
77940
82260
63090
25110
70020
40500
37620
65340
3330
90090
14940
98010
80190
54000
19710
4050
40680
92430
97920
32130
39960
4950
7290
24030
79380
7290
86220
60300
8100
48870
57780
88470
80280
20880
24660
67410
40500
96120
67860
84330
9720
59310
37080
60030
32850
49230
76590
66690
57870
38430
10800
25650
50940
51660
92790
47970
31590
96390
40050
8640
83070
20520
43020
18630
63000
82620
7920
30420
36000
55710
84870
89100
78840
87750
16740
41130
4860
6480
29340
84780
96570
23580
8910
5580
16650
84150
87120
9630
31950
18270
27990
6390
4680
56250
42660
87750
12600
30510
64620
65250
29700
22320
44460
3420
81000
64440
9090
53910
99450
99630
59220
41940
36540
95130
42660
99270
56880
19890
32940
87030
22500
69840
62820
22500
23490
60030
49230
1890
32310
71370
1530
52380
10170
73170
90990
53100
68580
86670
71910
30600
88290
540
98280
18810
18000
91170
76680
89550
31230
84060
57690
25740
43200
20880
75060
34830
88650
43110
28260
59760
14400
37710
52380
96570
29610
32490
19800
57780
30690
14940
96840
63900
48150
61110
48330
34020
39420
2520
180
73080
49140
36630
88110
43290
86130
12330
66150
91530
630
32220
98100
1800
97020
92610
15300
65070
55080
43380
14310
74700
17370
6120
7110
21690
4770
75510
78300
22680
21330
84870
9270
17910
14670
29070
71820
99270
6480
39960
93150
93960
39420
98910
25560
28980
73620
90090
93600
83340
11160
66600
80190
65520
34740
24570
15480
11160
43740
95310
33390
79920
5940
25920
13680
50040
56430
5220
65250
41400
68580
27720
8010
27360
39510
92430
2790
26010
54630
75060
47520
63000
86850
33570
47160
18090
26910
42930
83340
97560
28170
67410
76410
74340
59490
14580
18720
36630
5850
1530
99630
24390
93780
84690
28080
90450
70650
32850
58320
8820
29970
61110
91170
21150
76770
46260
2880
81180
31410
2250
50850
99090
34290
42930
49860
46080
5580
66690
90900
31140
96660
39690
80640
79200
37800
70290
51300
74610
47880
57420
59670
62100
3510
19890
79290
90090
74430
9720
10350
29520
50490
89820
88830
77760
91350
17550
86760
92430
90720
84150
78390
19260
77040
46440
65070
29250
45720
68040
74160
23220
50580
68220
75510
72810
23220
9090
22140
57420
21870
22140
50400
8820
54000
19080
70830
99540
49680
270
15570
31680
11880
70020
67320
25470
69660
31320
13590
29340
67230
57780
43380
42570
1350
52830
14490
91980
93690
3780
87480
42840
89460
10980
1080
22590
76770
16470
54090
46260
44100
34560
15030
76590
34200
79920
57960
63630
27450
25560
69300
90
61740
84960
30060
67500
43380
1980
53640
33480
65880
76590
62100
51570
87570
1890
79020
31950
32310
45900
2430
55440
87120
50760
91710
66690
90720
56160
13860
71280
34380
97110
91530
91620
39150
38340
78930
28980
11070
27540
23670
77850
90
38790
45180
85230
37890
85230
72090
23310
47700
28890
36900
15480
25650
98280
52560
83160
78300
60030
33570
41130
49410
17370
47700
7200
89370
96930
1260
28530
90900
82440
36720
86040
36090
53370
39150
65250
25560
96210
36630
35820
71460
81540
52560
67860
47700
24120
37710
990
19980
11700
72990
52830
86940
44550
38340
23580
43290
78840
76950
55530
19710
99180
6210
48780
37260
39240
78120
79470
81540
98100
91530
28530
40140
44730
37440
88110
20070
79560
20970
810
89910
3690
16290
54450
23130
52650
59670
23310
82530
37440
30510
66060
9180
12420
92880
49050
54450
8820
81990
360
84510
22050
92070
64170
19710
56970
97380
56070
72270
3150
98640
62640
9270
64440
9270
54540
48510
84600
55440
79920
10710
87750
93780
71100
49500
16740
32760
91350
34020
77040
89550
33480
46620
89100
57060
84240
79920
20160
25560
76680
94500
53730
1710
38880
25650
10800
63090
18450
29250
4680
72360
45630
87480
93510
80190
53190
72270
2610
4410
62550
44100
65250
44460
59670
12420
50670
98010
6750
35010
14400
14400
87840
57690
49500
13590
60300
65430
50490
29700
32400
37890
64080
42840
3330
14580
6030
45270
89460
14400
38700
31680
13140
8550
79380
68670
81000
69930
23850
24300
47430
21510
12690
45810
1170
37440
40860
76590
21240
78300
78750
71010
810
97380
84600
13050
82170
46800
70470
540
76500
55440
76680
78120
82080
99090
60390
15660
8280
63450
51300
22590
53010
37980
54090
24840
37530
15660
79380
5940
34740
95040
51660
36810
30690
18000
99990
63270
54450
32130
50310
10710
6750
44100
43650
65160
17280
33030
4410
40680
18630
93690
39600
54900
15480
66960
67230
97470
18000
89100
87120
40770
76770
5040
46710
45090
42030
45990
91350
98910
30330
35100
46980
41400
84420
59670
18180
65070
37890
3690
6840
9090
87390
72180
9360
54270
52110
91800
52200
18450
53730
98550
49950
50490
55170
78840
19260
60210
41220
50040
20610
97110
17910
4770
66510
54630
60390
2340
3420
20880
98370
12600
24210
77400
26460
99630
78840
57330
3600
36630
8730
9180
78930
30690
6210
71820
26730
23130
26370
35550
20520
11520
32400
5940
2340
99720
21240
81540
96570
35640
11340
14220
23940
24930
22230
46800
65160
52470
94320
24210
87840
89820
12510
70650
6930
57240
3960
42750
35100
68400
74970
90000
95580
1350
40140
95310
70020
22950
51480
8190
51030
7290
9270
23490
60210
57420
990
40590
89460
30600
5580
32130
18810
78030
23490
93420
6390
37980
15300
12150
38340
44460
18000
48150
3600
73440
16470
71100
7830
64440
81810
34920
18180
61830
84780
63450
23490
990
25380
3870
84150
16740
24480
28440
20880
2970
77400
82530
30060
74610
78120
69300
89550
49140
18720
77490
83610
93060
86850
52200
73440
55260
41580
38700
47070
33930
64080
59040
75600
15930
90810
96030
27450
57510
36540
23850
77400
43380
63720
71730
4770
28350
29160
43020
54900
29610
90360
46530
70650
4050
98640
85410
39330
42210
56250
20250
28980
15030
23940
15660
71550
62280
51660
79290
2520
26550
90630
28980
21960
5490
26820
90630
80550
27450
6300
58410
19440
68940
43020
4410
2520
7380
64080
68760
2520
91080
56970
23940
32670
81000
98370
90990
68940
62640
22500
47700
32130
25200
35910
4950
82890
91710
30060
47610
59670
99090
51750
25920
53730
56700
36270
98730
50850
63090
51660
5130
69030
83610
98820
51300
73440
93780
70830
22590
62550
76770
44460
65160
42750
17100
48780
29880
44730
26280
61920
47790
86400
20520
66330
50940
66420
99450
62910
60750
8550
39060
49410
360
39960
53190
26550
12420
90540
47070
80100
46890
13140
87480
17910
43200
270
25020
94770
93240
13320
45720
57780
24930
60480
26820
78660
38160
86310
55980
53730
46080
60030
59130
13410
78840
14490
9000
46980
67140
72540
52830
74340
49140
34650
64260
5760
72900
41670
79470
47340
54090
5670
9180
62820
61920
37800
24120
33030
90180
62460
91440
33210
18630
90000
97020
79020
96120
2430
12330
84780
18450
57780
69570
9270
44640
72450
3420
45630
37710
49500
36810
17820
6660
81900
28350
79560
810
32400
12150
29700
31230
75690
76860
63720
31230
39780
78660
92520
99180
98280
90360
67590
86670
47340
30420
11070
90630
97200
64350
46440
6570
66780
17370
4050
34470
63450
96210
71010
49860
49500
66150
75150
53190
35550
54630
56700
4680
50130
34650
77580
98550
65610
34650
75870
60930
79200
86850
1620
37260
72810
86850
62730
54630
83250
25740
16380
15930
98280
16560
80820
72450
63000
23130
72360
74790
24210
65970
69480
42480
60750
93510
1260
85500
97650
86040
91350
30690
47970
89280
60930
28890
30150
51750
76230
46440
33210
86220
24300
27270
38250
44820
5850
82260
59220
33390
27090
72000
14220
41490
64980
53370
91980
25380
92430
39060
32580
58320
93150
56790
42030
42120
58860
36450
21870
85860
98280
89730
98010
90990
24210
41580
76140
48690
3960
92790
57690
39510
70110
86760
53010
31860
48960
85500
23940
67230
37980
78300
21420
16650
57330
29700
97740
97200
13770
53730
10800
89010
59940
99810
46620
73710
90720
72450
68850
60390
1530
20070
18360
80550
79830
31230
89100
33660
28530
49950
79920
13320
87660
29610
18900
42930
40050
62640
69930
68850
65070
43470
13410
30240
71550
45630
90180
29970
64710
93780
14670
68220
32040
26910
48330
54720
78930
31680
95940
8280
47700
38340
50670
93870
58140
33300
75690
18720
78300
27990
22320
94140
15750
69390
58590
92250
51930
9270
84780
83880
55800
27990
25650
75510
52380
83250
25470
31320
14040
34650
2970
78840
69120
25650
57240
15570
52920
96480
19440
44190
45270
30240
20880
53820
47700
91710
72450
80100
3870
31140
62820
26190
78930
22410
96840
80370
1260
67590
90630
57060
92430
56430
24930
44190
96660
61020
51840
1350
24030
66510
22230
38340
45270
50850
97020
88740
12960
74970
16110
37620
810
11070
66330
99990
14670
5220
19980
35010
27270
16470
21690
99540
58860
43740
14130
40500
30780
1170
49590
24030
810
82440
54270
42120
39150
28440
55170
39780
65070
4410
7110
29430
81090
49320
7110
36180
10530
4500
98190
15750
58770
48330
32580
88650
99450
2700
42120
21780
26190
12330
85770
80460
59760
5580
180
8730
85680
5580
810
45540
80640
26730
1260
31320
54720
67230
39690
80550
28800
16470
52020
40680
45090
36810
90900
72990
4680
90630
35550
46350
20880
52110
18720
93150
20520
46440
11430
20700
34830
46800
62280
63360
20880
78930
44100
70020
31050
65700
89910
8910
86670
83160
7560
49140
41220
36720
90810
26640
9090
72180
92880
81180
87930
630
29970
40500
540
7020
99630
57420
58230
92700
27540
21060
56970
52470
53460
43200
26550
27090
51840
39060
86670
91170
97200
29430
86850
48240
5220
3330
23310
74250
98370
18630
44370
67320
28530
13860
57690
41310
90270
10440
40320
77850
45540
50310
810
29250
98280
18000
89910
80910
45270
49410
180
25830
58140
10260
43560
53640
70470
6300
65070
86400
12420
77760
40590
14310
1080
79110
18540
4590
76680
88920
13950
59310
44730
52110
35820
30960
31410
5940
44730
16740
98370
1620
70920
77400
99540
16560
13320
78480
1620
23850
74160
52560
18990
51390
35460
87480
28170
43200
41040
59760
81720
95760
20790
87930
13230
95490
83700
94770
68130
70020
24390
72270
64260
75600
6210
99990
71370
79470
99810
68940
71280
73080
96030
48510
78480
97200
24840
60390
630
50760
54360
17190
99810
69300
62190
25470
26460
25470
60660
0
93420
77580
55800
72630
34380
93690
43650
35010
73890
62730
23400
22590
17730
8460
15660
70920
72810
92430
67590
60660
4770
85770
69750
97380
1890
35370
81180
58050
57870
81720
88290
47430
15570
55080
54450
2070
38700
70920
38970
8010
21600
79380
49410
56880
71640
86940
43650
41490
90990
17280
45270
65340
42840
66510
49770
53370
47250
80190
64890
72360
47340
21330
50040
62370
61740
9810
73530
900
47430
18360
79110
72720
52200
76860
99270
57060
65340
25290
53550
24210
77490
83790
40320
58050
2790
79110
85950
97470
87210
92970
93060
88740
60300
60480
20070
86400
26100
73530
10530
83970
9270
91710
71640
76050
22680
60840
79200
67770
31590
51840
82890
14490
87120
44010
64890
17550
89280
32490
61110
83070
6210
55890
72630
83070
79470
15660
26010
2160
41310
25200
94050
32220
35820
30240
6300
41580
77310
89370
18540
67950
91170
40140
52020
90450
72090
52290
91350
68040
92700
87030
37530
69480
60390
2880
60210
46440
29880
68040
37980
61650
28260
63990
46530
83430
28980
58770
82890
98100
6930
63270
38160
3600
40590
90180
47790
83700
21600
23670
81900
68220
93510
20070
87120
1350
47790
81900
97560
89190
18540
34740
60660
9180
45720
90540
19530
9000
30420
14310
31770
70380
60570
16830
46530
98370
37080
92520
93870
37800
91260
25200
96750
82440
57510
37980
42840
83610
540
70560
2520
22500
59670
11070
13140
41580
93780
88020
31050
11070
83160
94320
3330
22950
86040
93060
90540
44190
18900
9180
51480
90630
26910
44550
14490
42300
29880
98730
85770
45720
85770
70830
13860
14130
29340
81810
87030
84780
53730
4500
19620
12240
84420
18180
32130
35460
88560
53280
54270
36720
47250
96210
8370
3420
10440
35910
84330
52200
88740
90000
48600
13590
48420
28980
5670
55260
6030
94410
19260
46980
35640
2970
93420
75510
57870
88830
5490
73260
25290
4590
75780
6390
24570
48780
98730
30690
35460
33750
91890
16830
96030
72810
95220
1980
60390
78030
24210
17730
18360
53640
15930
29250
74520
25380
41130
33570
22320
78300
69300
8640
44820
65250
64440
95490
81720
25740
89730
43020
88650
43290
32400
37980
20250
69030
5400
20520
85590
55800
82170
12150
11250
30780
96390
36900
80190
92340
7830
47610
70200
74880
80010
93420
31320
25110
62640
80730
11610
77490
8190
1170
20970
89370
15390
81810
87840
98640
39420
54900
68130
8910
65610
17010
27990
11340
82800
84510
87390
90360
28890
69480
40230
4140
81360
23760
4950
54990
9630
62730
31590
78120
90360
6480
57600
67410
17010
44550
8010
63810
54720
41130
83340
270
14220
28890
90360
89640
39150
49410
10980
16200
30330
78300
93060
63180
10080
70740
74340
4140
42660
25740
28980
94050
26820
60930
99180
80820
31500
93690
25200
21150
44460
45810
89010
92790
7650
36000
31590
13590
91980
70920
27630
12510
62370
86850
49140
88830
50670
65520
32940
98550
1530
86310
61650
90090
98370
39600
60300
85860
51120
98280
49410
95040
20970
85860
63900
93870
73800
33210
25110
86670
65520
0
59490
68490
53910
61560
8640
39780
98910
65610
7740
70560
8820
96750
1530
72990
95490
14400
54810
96840
60570
92790
1260
67950
54900
54900
50580
51660
80370
67320
50940
69660
75780
6030
97920
27000
91350
17100
32490
79830
54990
90450
85140
48870
72360
21960
73350
7560
94140
12960
67320
10080
48870
70380
34290
16020
86850
94320
34200
14580
35010
35550
22320
64890
6750
8100
93780
63270
29970
19440
92250
33570
22140
61830
45090
87930
22950
68130
47610
35280
27090
70200
35370
7830
36360
54900
65700
61380
27900
8550
5940
62640
36900
60120
26190
14400
42030
81630
19980
75060
78210
38700
13320
26550
34200
14850
31410
33840
87930
44550
54810
79470
5670
16380
81270
24750
65880
70650
11700
54720
27900
34020
53100
59310
73260
93690
82620
52380
22950
17730
92250
27900
36720
36990
3780
39690
64890
56880
81810
13590
42120
35010
80550
44100
20700
62730
31140
11700
87300
35820
58680
5310
75240
51750
75510
51930
2790
73170
64260
99180
69300
73620
23220
47070
29070
77850
20520
16830
84330
10890
9450
39780
19080
33750
76320
67500
21420
73890
4680
97380
17820
98010
43740
79650
70200
51120
43650
63450
33210
37170
48600
15030
1080
86490
5310
3060
35730
89190
76950
97020
61470
75240
58410
73350
70470
72720
51030
72270
57600
47700
96570
10530
14670
57690
77580
9990
68940
32310
11790
31680
75960
36720
33300
55800
67680
59400
39780
56790
13320
93150
61650
73620
79650
17010
58860
4590
56520
77760
18090
35370
51120
51480
96480
5400
54720
39690
55440
22140
19350
95850
26910
86310
92970
82980
10260
67230
18360
71010
24300
12510
74520
44640
24390
69840
41130
71190
26460
68400
46980
13230
38430
25830
20880
74700
7740
31230
94140
58230
52200
39240
27990
34920
41670
82170
26460
27810
52470
48240
40590
12330
55350
65610
27090
93960
79290
9360
3150
16200
68040
20700
87300
67230
99180
4860
79650
55080
65070
59400
53550
60030
28710
31680
9810
6750
58950
84420
91440
88560
37080
21150
28350
39060
22230
56970
5310
95490
89820
20970
19890
63180
71460
59130
73170
2880
22860
33030
68850
56790
76230
59760
35010
49410
24570
28980
22320
31320
24660
87570
73080
47430
80460
27540
77670
76950
16200
14040
34740
75780
3060
93510
3420
11340
47970
99630
2340
47430
87750
64890
67860
77850
81990
39150
19530
19440
45720
65430
44910
6300
22860
12240
11070
63000
58500
56340
57870
11070
74340
3510
77310
74340
52740
72720
35820
58050
33930
9720
90180
99630
67410
15210
32580
90180
85950
45900
70380
24570
91980
75690
60750
40590
31770
20700
50850
3240
86310
44640
720
16920
58770
30600
84870
40140
15030
25560
33570
38700
20790
66420
50670
9720
80820
90270
2250
18630
96570
98280
34650
57420
58680
17190
29340
99810
12780
40590
90
24840
18180
38070
27090
24030
12330
95580
73800
92520
80910
80280
53370
97650
90180
10800
9270
86310
9270
29160
59760
53640
77580
9270
85590
66690
82350
42840
29430
21060
68580
49230
12510
43110
65250
5580
27270
42300
95670
7560
41490
91260
58230
17280
70200
16290
28710
16740
13410
90180
86220
25830
30690
96390
84060
46800
54270
70830
15930
31860
39600
50400
7200
31590
14130
58320
62550
69480
4860
1710
10440
60300
20160
5940
55530
59040
54810
27630
41400
22590
38250
28530
30420
92520
97110
45450
83250
8910
76680
52200
17280
30330
1620
35370
17280
29160
43740
67140
13230
46260
79560
72540
72540
35370
8820
74880
7200
62370
1980
97290
46170
80370
12600
38700
75060
3780
64440
46800
80910
94860
49500
96660
98280
2970
39240
10710
49860
45360
36990
43830
25380
49410
31050
98910
80820
87210
32490
18630
49140
40410
96660
29070
720
34200
25650
50130
90630
80730
43290
80100
52920
46980
24030
19890
53550
65700
43020
20520
66510
91980
64260
90180
57060
32310
71100
55170
17550
94500
4770
21600
99360
60930
87300
37260
74970
61920
81630
58950
84330
27180
88560
39600
68490
69210
40410
88290
96120
63090
79740
68040
68130
99270
92700
65610
42840
36810
49320
70200
45180
50760
1080
77760
94230
75240
78300
34920
96210
73710
51660
38790
85680
84870
64350
71190
15930
40950
56340
78840
94590
28980
98550
26460
40860
59670
95040
87660
59580
39150
34290
96120
97380
36360
45180
68940
28710
82260
39330
62100
98370
40770
12150
32490
39780
4500
71820
900
72000
88020
68310
83430
51840
51210
7740
27720
57150
54450
37980
42480
78840
66780
73530
57780
4230
34110
57240
28620
32400
28170
41850
79290
19170
64980
19980
94680
48240
22860
23940
43290
17010
17640
93420
48150
68130
60030
75870
96030
47610
22680
94410
58680
67320
57060
47610
30690
17820
63630
66690
76680
41760
81990
12960
39420
68310
82260
55980
35640
89730
38700
26280
52020
58140
97560
57330
45900
6660
79740
67590
30870
720
17280
57690
89910
76320
89640
35190
90720
82620
69570
80280
27090
10440
80280
6390
8550
20700
27990
26280
66510
48870
71460
76770
79290
99000
18540
35280
18360
38160
80190
97110
27360
46350
52110
49680
60840
16290
180
5850
33390
49230
54720
16470
93060
79110
65700
25110
1620
18540
32220
30690
42300
87570
91890
9270
2970
63720
18810
15930
79740
8730
4500
76230
32670
53370
40590
70830
31860
12060
11610
37890
52740
58590
30420
62100
3960
26190
88200
75330
63000
97650
98910
35640
80100
87120
20340
8100
92430
87930
19710
75600
82980
40500
48060
61470
38970
67500
32580
85770
77040
74250
61560
85230
49050
48960
93870
9180
25830
42480
6300
25020
17010
60840
81090
85860
96660
70560
18450
65160
20160
78570
2520
41580
83070
11250
83700
80280
95130
34380
59940
70290
11430
64980
32130
0
33030
26190
46170
23310
79200
82800
50490
51210
39600
37710
98640
64530
34380
16470
76590
57870
69300
57150
43920
43830
95400
26640
79290
69210
40590
97560
5040
90540
18810
67320
50850
58680
8100
42030
96570
53730
99360
37620
21780
11790
77220
97020
7110
75690
61020
56250
79470
91980
97110
15390
94860
34110
52110
47970
87930
27180
68040
87300
93510
42840
54000
75060
55800
89010
72090
23400
69840
80280
65070
96210
35550
16290
98010
64890
78930
61650
90450
21780
88380
98730
33840
69120
70380
63360
51300
42660
52650
84060
38970
95760
85140
95670
16380
49320
30870
77670
5130
35100
40950
89280
76680
63450
90360
58410
53280
73350
72090
34920
10170
84060
900
6750
41220
14310
36180
39690
42120
6750
82980
76950
50760
40320
75870
49320
83970
43290
21690
68040
45720
14940
12870
61740
71100
64710
35190
92700
84240
6570
39060
94860
68130
4770
52110
17010
21060
53190
44640
14130
92250
25560
99990
89100
47070
72000
95400
39870
45990
4050
46980
97470
5580
68490
90000
44460
43200
81270
17280
91080
93690
20340
31410
58410
63720
95760
98730
27450
56340
35460
34740
93960
720
55800
81540
63090
92970
82350
48600
89550
96300
39870
22500
45720
5130
47880
9630
39960
49770
84420
44370
34020
24390
44550
97740
50670
55620
34740
77850
98370
12600
67770
48240
18900
40680
24480
63720
9630
95310
64440
48600
97380
36000
67500
14670
54720
51840
59130
6480
70290
68040
11610
72990
9630
24210
62460
87390
88560
94860
13680
73350
65520
37170
81270
9450
54990
56700
41400
9270
27810
11520
67410
18810
60750
10800
62820
51300
14850
33930
5490
57060
12600
49230
40140
98370
52290
75240
19800
49050
46620
55260
75870
72810
41130
56430
83430
8010
45630
81540
91260
47700
9720
65610
91980
84330
62100
21600
32760
43380
22860
42840
48330
44010
9450
27000
92160
6660
40050
92070
44370
630
6660
12960
53550
61380
55440
83520
26010
8010
90990
38160
1170
78930
72540
85860
85680
96660
52290
38160
59310
80820
49590
28440
6030
38520
63990
52380
32040
35640
99360
94680
23760
76230
64800
70740
18180
63090
31320
59850
54450
5670
31950
46980
10260
70650
76050
74970
85860
39870
26010
23670
71280
27540
45720
10080
51570
35190
32670
51390
39690
67500
51660
61020
53640
88110
97380
70470
99180
12420
80460
41580
23490
90630
94500
85140
3600
26370
42480
51120
39420
77760
59310
90270
94140
38880
54990
75780
26010
79920
65430
48690
54270
29790
76140
98370
68130
47430
51390
72450
42840