91 9720
64620
79380
70920
92160
75510
80730
27540
70560
67950
270
65520
71100
16200
64440
11880
45630
49860
77400
96030
57420
34020
87660
58500
80820
22320
1710
75150
82170
25470
82080
50580
94050
69930
41220
89100
42300
95940
58140
54720
15750
13860
76230
14940
22950
25740
81000
84060
98910
25380
33210
81450
29970
24300
1350
92970
21690
35010
90720
19620
84870
25110
95490
61650
77940
47340
98820
35190
6750
83070
79380
58500
59490
54990
73260
91710
69570
28530
67950
75780
39240
75420
56160
38070
20790
56790
52740
7560
40410
5310
35280
53100
59310
77940
35640
93420
96570
12960
15390
56880
39510
46890
38700
1170
72720
33660
38880
16200
92790
79470
43560
31140
86310
52830
62010
16560
11880
60210
47160
26280
34020
65430
53010
68940
71640
74790
98910
45090
72090
8370
91260
22860
50580
91350
55800
15210
50310
82620
46260
53820
54630
99630
44730
7740
85500
44280
60390
10620
49860
96210
98010
450
3420
77490
97740
81720
36270
86850
67950
8370
34650
39960
85590
25920
4500
80010
66060
43110
74970
91080
13230
18180
98280
26370
9540
14490
28260
13590
80190
86940
7740
57960
62730
54990
810
14490
68040
85320
53370
62190
43830
35100
19890
51300
13770
40140
38250
7560
76230
23940
4050
12330
25290
18360
50490
23940
82260
41760
98190
4950
82350
90270
30150
94500
4770
49050
24750
48960
54360
33750
88830
90000
34380
36900
3240
11070
16290
78030
87750
38970
20970
24120
27270
40410
49230
9630
22320
13140
49050
94230
95490
95670
65160
57510
75780
5940
43470
23490
55260
35280
5310
82170
32220
1530
40500
4230
90900
16830
80910
64890
25830
73170
12960
64800
49320
45090
37800
54720
71820
29610
28800
74520
62370
18900
81180
68670
31230
18360
38520
36810
34380
62550
81630
78030
66960
8100
37890
92970
45810
77580
30330
48690
91080
43560
48870
44640
75600
30600
10800
50850
39330
51030
87030
81810
36090
79470
91710
64440
54360
37890
13950
81180
19980
53280
94950
35100
99090
93960
23940
87660
1620
54990
38880
62280
78030
58680
47700
20790
54000
30060
1800
47070
90090
23040
19440
84420
88650
19440
44100
22590
14760
17010
23940
22770
80010
43560
47250
31050
8910
92340
64440
43020
63270
18450
58410
90540
72720
98010
35460
43920
68040
11070
70740
25740
16200
40860
13320
59490
44910
26190
4140
60300
79740
71100
16740
22140
83160
11700
32490
29610
65610
31860
42030
42390
78210
50760
11250
8550
99360
26190
18090
80100
76320
2880
26550
92880
24390
73080
10080
48870
34380
57870
28170
23670
96930
45900
21330
96300
60570
54720
22590
52110
18990
23130
40140
48870
41310
62370
17010
67950
29880
39510
63630
36720
15120
98820
76950
3690
88380
88560
95940
91350
1800
79650
58320
9810
76680
26190
32760
33480
12870
67950
29160
13590
84690
72180
23040
10620
50220
65340
90
49410
1170
77940
28620
71550
9810
90360
38430
89100
35550
33390
72000
69930
6480
19710
51390
2970
42390
74430
69030
50040
25380
47970
40140
90540
26460
61020
93420
61740
47250
85950
61110
80550
48870
57690
51480
18270
24480
23940
33300
88650
50220
2790
59580
48960
30960
16740
96300
97920
23220
71280
74700
50040
32220
47070
31770
5940
95310
68220
53460
4230
87210
7110
93510
52200
66690
9630
28980
81810
6480
81810
23130
72270
70470
14940
19440
65970
42210
51840
93600
97290
14220
64890
64350
80010
47250
45360
43650
43200
24390
82530
50580
8280
90720
13320
7650
17280
71370
39060
61740
83160
18900
80370
39690
6030
27720
39870
85860
52650
90900
41670
61740
65700
18090
62820
51480
29160
82440
43110
35910
1530
81630
98460
29340
16650
17190
10620
49230
37260
19530
19800
86490
48960
20430
33930
61650
95220
87840
92070
39240
5220
94680
73800
16650
26910
97200
42300
56430
54810
59850
94320
13050
41760
56700
98370
55440
30150
31050
70110
12060
66600
73800
53910
24210
69840
82350
66690
18540
17820
31230
12780
88200
99900
67410
17100
73980
3240
6210
56160
13140
88200
9000
66960
810
18990
45630
36900
63450
46080
53010
98190
49770
15570
33570
85590
25290
64440
23310
37620
17280
19080
59580
42840
72720
48240
87750
12060
70740
58950
23490
22590
47790
38430
1800
58320
74790
25200
65520
28980
7740
61740
47250
26460
99720
82440
53190
98280
90000
73080
77310
34380
20340
58410
90720
10710
37440
90630
84870
88020
32670
81810
32670
26010
65970
59400
58680
2250
4860
42480
77040
31230
49140
16110
48780
17820
42930
42300
39420
9360
77670
59850
97470
47070
74880
69570
63450
70020
7200
63900
63360
3330
52920
6840
29610
31950
32490
53100
63090
65430
99450
40770
51570
81990
72450
71820
24570
96930
33210
53100
74880
32490
68310
10530
68130
61110
7830
77940
45900
42300
69840
9000
6750
26640
6840
15300
52740
28080
26190
44010
48330
52740
13050
45720
9450
87570
11970
51840
97020
94410
75600
63810
26820
95760
72540
24030
41580
67590
47430
28890
5490
67230
61380
69480
49050
6750
90450
25470
93510
22410
91890
66780
30330
84420
79020
34470
22590
78030
44910
67500
51030
630
23040
60210
71190
38700
98460
91620
65520
90
27270
46260
46890
42390
270
46080
44640
77040
97110
32220
30420
78480
21510
47160
24750
3510
80640
17550
48600
72180
40770
47340
21510
15210
54000
34110
72360
60750
28350
19170
54270
73890
75600
24300
33210
91800
80190
26910
85770
76590
1440
18810
88560
28710
59310
9090
8550
57600
92520
68310
91440
54630
98100
42570
90000
64440
95040
64800
93510
67950
810
63540
77760
94590
2520
20880
58770
70920
64980
23580
32760
11880
11070
60750
12420
45000
97380
45900
53280
66240
66240
77040
70830
35010
6840
66240
20610
41580
43290
84240
1080
83340
6930
25650
34290
61380
31230
58230
99270
54090
26910
87030
85770
26460
35550
31770
74700
11880
84510
94050
21690
64530
96570
47970
71190
63900
98280
54450
76050
64710
19260
54360
35280
72090
19620
52290
83250
99360
95310
21870
76770
10530
86220
10890
45540
6300
33210
40410
83880
44820
55440
36540
12060
76410
21150
62820
49140
77220
40950
93330
75960
97290
35730
19170
77220
13860
98190
69660
84600
9360
83520
52560
36720
53010
5040
86130
97560
48510
84240
39330
86940
67140
7470
74160
3240
52020
61380
34740
73620
14940
61560
58590
66240
26190
95130
4410
26550
75510
91980
24210
11790
44190
31320
68760
87210
35910
23310
73620
80820
39420
55620
68310
94410
70380
50400
44190
66690
1890
15300
33030
97380
42390
63360
27000
17820
19710
7380
82170
49500
43020
78660
88830
46440
39060
88290
76950
64710
39690
90360
80910
540
75510
69390
37710
58500
21600
10530
79020
99090
94950
22950
32760
33300
67140
68940
43830
96210
83340
22590
76860
92430
16650
87660
86220
43200
99000
47070
51480
56250
88470
83790
58770
14760
15480
63900
19980
99630
40680
63990
74880
43920
82620
2790
79020
8280
31860
53010
53370
78210
9000
73710
11160
18990
13590
26190
67860
45180
49500
45990
18900
67410
49500
17640
14760
18720
5490
9630
85050
32400
56070
17010
92970
2430
69660
83070
58320
24480
81540
14130
87930
15480
98910
30240
0
3330
86580
40950
61290
78300
99000
44370
52740
1710
47970
28530
80190
95130
22770
17100
49770
9360
90090
27360
57510
20070
84510
75330
73890
80100
58590
58590
24660
49680
66690
59130
8280
56880
62640
18450
66060
90180
72990
2430
89100
26370
98280
78300
76950
59940
58140
55620
92880
9630
58050
92700
1620
39870
12060
3960
86310
58500
48420
41310
84510
12960
20880
60930
55260
5490
63000
84870
3150
45180
61470
48510
36270
6750
4950
22050
48960
64440
19260
97650
12240
94950
20520
73620
14580
42030
18900
68580
4230
68670
63540
23130
28170
99540
53820
43560
69570
74430
49950
33750
53550
36270
44550
99000
12330
72540
49050
83790
85320
39780
87390
85230
27000
17100
20790
94770
56520
35100
64080
38430
41670
39960
20610
71820
94860
83610
8190
95130
10530
6390
14130
66420
16650
17640
62100
37080
57330
16830
5130
11250
93150
15210
72900
39510
73800
39600
6300
2790
86040
45000
93510
9810
98460
91620
85950
46620
78570
74970
51300
72990
17730
73620
39870
65700
13320
21510
3060
5130
93960
5850
30150
42120
29520
81090
33300
31680
46710
88470
64800
40860
2520
20160
84240
2520
55890
6570
85410
67680
34740
8100
44550
32940
5400
36900
17640
79740
66330
17640
33030
9270
89910
5940
11790
28710
98910
71640
54000
49320
70740
90540
99990
40410
28800
6660
41400
37530
46440
84870
76410
36450
81810
14220
9990
42120
17820
86940
35910
99720
5670
53370
52200
39420
33570
33210
17550
4230
20880
85680
90540
18000
67590
33300
46800
43110
91260
32760
10350
25200
74610
13140
73620
9000
56160
95220
18360
27900
59760
57780
29970
35280
13410
31680
21240
77670
89550
36990
7110
19080
24210
1080
5310
39240
44190
90720
1260
98730
89730
70920
19620
63810
9270
62100
30690
92520
45630
88110
10170
1890
99540
72090
33210
59130
29700
5580
6120
63900
29790
29610
4590
46440
50580
94860
76140
55170
63090
50310
8910
13320
8010
71280
77760
92520
90540
90360
53370
63630
10890
34200
82620
66330
33750
65970
29340
27000
74610
64260
990
42930
4770
80280
66780
33210
60390
71100
52650
65430
72990
24030
70740
91980
78120
60390
28800
38340
69300
78030
55710
49500
39600
88560
6120
39780
78030
27810
33750
24210
60750
90
74160
39510
10440
20160
12780
77220
54990
60840
48510
77940
89100
49950
79920
38430
73440
83070
5130
12780
7290
24930
8820
50310
79830
12780
94320
97920
68400
72720
13140
22320
72270
68310
10980
44820
11700
67230
64080
90990
32850
83880
65430
21150
74970
95130
58320
87840
73980
70920
23490
97110
73530
42300
97110
83790
86760
9270
8550
67320
36630
9810
36900
69750
68490
21600
59760
77760
78930
8010
36720
40500
20610
20700
8640
8460
77220
51930
20520
97920
38790
16560
55170
91890
22860
30420
64170
58050
48420
84420
15120
38790
78210
540
9990
990
29430
19800
23670
39330
53100
19620
9090
83520
40500
78030
10440
7650
11160
29160
78480
27540
29160
62190
60390
92160
96480
22500
43200
28440
69480
8460
75870
32760
43290
5130
65520
61110
10980
54450
93420
34740
18720
52650
26550
99990
79830
85590
48780
90360
76950
12870
39600
61560
27270
83070
3690
98820
67320
64530
42930
75060
45180
75780
61020
66690
5940
54000
31590
73080
77310
78030
69660
48870
12510
59400
12960
96750
9180
7830
720
3510
42300
37170
65520
7740
72270
78480
53100
47700
10890
44100
63180
28170
12600
51660
13410
36810
9810
11790
14130
59850
16830
1620
19620
46800
31770
10620
31590
33840
21690
8640
25110
20520
89280
51750
70290
47700
55530
3510
18450
85320
21150
95130
7740
85320
91440
98100
70650
86220
55800
82170
31320
91890
16560
59850
62280
82710
98820
53730
17010
91350
25740
16740
39690
1890
7380
85680
68400
84150
40230
78840
98280
72990
40230
73440
62100
58680
15390
56340
38160
92430
16110
60570
75870
10080
87120
61920
35100
73440
68580
29070
29430
31860
53100
57420
83250
64170
59760
5490
33480
98010
29880
79290
45270
63900
42210
32400
35910
97290
55800
50490
74250
92160
42390
56970
42930
44640
12420
96480
2430
11970
28980
98550
31770
22950
65340
59670
95760
57060
93600
76500
45810
41220
24030
5580
76410
50580
75960
17190
74070
52920
74340
53460
10530
68310
68130
47250
46350
33030
21150
37440
9810
13770
82350
72990
17460
32940
16290
66060
66600
6300
89460
90810
51660
10440
70290
9900
15300
39240
95400
66600
54090
49590
67950
46260
3600
21060
80910
40950
74880
10710
11970
48960
52470
11160
32580
35820
54630
29070
39870
32760
41490
25920
18000
54540
25470
6930
1980
1710
92430
13500
65340
89640
93330
74250
16290
60390
92160
95310
79470
91440
57780
24210
44010
90270
25740
44280
75240
56250
22860
35100
6390
3600
76770
56340
67140
34740
71550
77220
64170
63000
41850
89280
39060
86220
81630
33750
31680
66420
81450
68490
78930
39960
85230
1800
50580
360
63540
39060
95130
99990
44370
19980
5940
62820
86670
91980
63090
85320
35460
82800
99720
92430
22410
27540
65250
64530
60480
41850
38700
99270
14220
47070
2430
67500
42120
93330
18360
57150
72630
43830
36990
31950
84150
91530
73440
98280
57060
27990
17640
1890
95760
33570
26550
88650
92520
11070
22320
31230
37350
52470
8730
11880
63990
76140
18000
31230
4500
28890
72360
32580
34740
41130
66060
26280
38340
48600
62730
22680
2160
93150
91080
4410
80100
97650
74610
78300
81360
45000
38340
21330
61740
10260
57510
54540
53010
53640
27450
66780
24840
8010
45180
64710
22770
14580
80460
40320
98640
91890
2970
42300
53550
64260
8640
61560
80190
80010
98910
44280
6660
70020
93960
81900
1800
26550
68400
5490
78390
70740
53370
80100
88560
96750
89910
99270
62640
4140
13770
92340
21780
6210
18180
38160
4140
12780
10620
43920
61650
810
93960
87390
35460
88740
41040
51840
98460
30600
94590
39600
67680
40230
98820
22500
76680
55170
33660
28530
66240
37080
24390
4860
29520
81450
68040
62100
52740
31050
41130
22860
60300
43110
75060
72450
58320
86220
55170
68220
58320
57690
51210
80190
8190
16650
72000
63720
99630
99180
35460
90990
97200
47340
34650
61020
88650
89820
45450
71280
41310
42570
21780
52740
12510
22860
30870
89460
72630
10800
78300
95040
69390
39780
900
2790
84330
44730
92250
20520
77130
89100
4230
94050
37800
7560
70470
13860
72990
51390
22410
86760
26910
80640
67320
84060
47700
91710
62370
82440
23580
65610
17640
90360
82980
27810
76680
82440
93510
68310
10710
71730
18180
78120
9900
66240
48960
75060
19260
20160
89640
56880
9900
64890
4410
69750
55710
63720
77310
80910
31140
78930
17910
72540
33840
2700
20970
95310
51030
13590
90630
20880
62910
13050
10080
87120
39060
88920
5400
630
50130
69570
43200
81990
99810
65430
81180
45990
48600
73350
89460
56700
13680
44370
38970
52560
92790
56610
91800
64080
71370
59580
61830
76770
34290
67860
93600
13410
12420
25020
73080
33120
64620
18360
83340
59490
39780
77490
74970
34380
83520
29520
32220
90450
55260
47610
97920
57420
54900
27270
33030
15840
61920
69660
36090
19350
75690
13860
41400
10620
49230
30240
69480
29430
97290
360
32760
13770
83790
74430
73890
17190
95490
65070
3150
80370
35640
51930
66240
8820
28170
69750
23040
86490
71100
45540
62460
88920
59040
53190
66060
32310
4680
18090
34830
55890
45090
24930
24030
37710
71550
10170
85680
98730
28170
25290
73080
41760
13770
43650
83700
73260
13860
38340
58860
29520
36630
84870
80730
12600
50400
47700
48960
78570
87750
99810
35280
79470
44910
2700
96390
95940
4230
33570
97290
4680
18900
60570
66690
97470
58680
69120
67500
67500
36090
20070
62010
20880
81090
86400
1890
86580
8370
72090
97470
1980
65160
37440
23130
31320
40320
49860
12150
72900
26820
71550
25740
12600
33120
80100
15210
33030
34740
41400
12150
32940
88470
61560
9360
31410
93060
78390
39870
67050
4680
53730
34200
72180
73620
72990
79470
63990
54450
63630
68670
10170
89370
11430
5400
55620
30330
46710
4590
74340
19530
9090
72000
79740
72180
54540
87840
97110
58230
20520
7020
90090
92340
73530
80100
79020
28530
39780
54360
90900
98550
11430
71550
14850
83880
21420
43290
13050
47070
6930
56070
8910
26910
59670
74880
95760
50400
12060
64710
85590
30780
82260
13860
47160
47520
67230
36270
16380
78840
76590
78030
24120
66870
53730
13320
72270
2070
20520
55980
58410
30060
14400
93960
45720
98100
41670
28620
39600
80100
45090
89640
62460
59760
55980
88470
78300
94410
30060
54900
80640
72810
70200
57690
34380
2520
1980
44640
38700
64620
31770
52110
13410
37260
43560
93780
74610
82980
900
84960
99720
37260
28170
59310
97110
87300
78750
93420
97830
66870
15390
20610
38790
65430
91800
7200
50400
40680
45990
66690
11790
93420
59940
81090
84870
48420
15210
75690
64080
41670
71010
97200
8100
98820
72090
86400
270
38880
85950
45450
98640
24660
19350
78480
33660
88290
61470
91440
91080
55800
2520
59850
12150
14850
15570
90000
74520
45000
10080
20520
11520
90000
93960
76230
50040
88290
17010
28440
85680
67320
33210
66420
52740
12240
44550
40680
31500
27540
15300
71640
31500
28350
85320
89640
40230
82710
93960
38970
40950
49770
76950
69480
36270
83430
64170
60930
87030
57510
92790
32580
41310
45630
92970
71370
43830
88470
80910
72090
35280
1800
33570
67500
32580
43830
9630
43740
72000
11700
630
81450
41040
32490
90180
24570
6210
34290
89460
37530
45990
54630
33750
56160
42300
39600
21780
39780
9720
51570
24840
65790
45090
95130
43200
72270
41670
39960
44100
83250
15300
13410
990
6030
74970
8370
95310
16380
90990
32400
7380
30150
51300
1080
9000
54000
3150
9540
11700
14580
14940
63090
85320
85950
24570
97470
91350
57060
79020
99720
95670
55350
34830
51570
68760
33030
58770
43020
41580
49140
97560
7020
630
88830
56520
6390
74340
43650
74610
82710
27630
39420
93510
61380
80730
81900
51120
88650
41670
93150
15570
19080
99360
25830
28620
89820
26820
59310
78300
50400
6030
61290
71010
81990
62550
53190
87750
20160
34380
45360
71820
42750
44460
96660
18090
62010
60030
69570
42030
72000
1080
34650
29430
51660
64080
55710
69840
15660
75240
56250
44370
69480
87120
42660
9540
83610
85680
73170
30870
36000
47790
45450
57960
38610
31140
77580
2250
73440
54090
43020
77490
69390
29430
94590
72270
78480
55800
70560
73890
10890
22140
38970
88110
59130
37890
45900
32670
4950
64800
22860
94950
83430
49770
1530
10890
86400
95670
7740
92520
66870
37620
50040
46440
21780
38610
57150
95310
12150
22320
67140
90270
59940
990
5580
66690
5580
93780
15210
1620
1890
180
43470
2430
83250
60570
61740
10170
52020
38880
86400
17280
9720
60570
90810
61740
10800
27270
51660
25470
14310
3330
55980
33750
450
72180
76680
95400
84870
10710
91710
87570
98730
44910
50490
26100
27090
75960
10080
80550
50760
24120
58590
34740
76320
73350
8280
27180
66150
88920
51660
77760
17100
29070
93870
14670
59040
45810
44010
72990
94230
78660
65610
71910
45180
27630
83970
1620
53280
38160
55350
53910
68040
33840
36720
83610
23940
49500
57870
84420
86670
91080
40680
55890
11250
36630
44370
78750
29970
31140
40140
56790
83340
8460
40320
7290
38970
93690
36000
52920
13950
66060
26010
63810
8640
59400
42930
99360
25740
82530
29700
61470
42480
74070
11880
52020
49500
72090
70650
12240
24300
68220
78480
71820
7380
67500
39330
66600
270
47250
22050
5670
90
37620
18900
62460
14220
11430
26820
53370
17460
65430
13860
95670
59850
95580
90090
89730
93960
90630
22050
14490
48240
37620
37620
68220
52380
53370
26460
71550
6840
82440
43650
360
17370
68130
2610
74160
95490
91800
43020
58050
96210
2070
76230
83700
720
59670
68040
27450
70650
31500
64530
540
55260
48150
21780
16830
77220
37530
22770
51300
37080
97650
89100
16740
85680
86760
40230
72720
31770
41130
60840
68040
91080
36360
90900
29520
59130
46080
33210
69030
85320
15210
44190
7560
90450
59040
3240
48330
53280
80820
71640
96660
17910
10350
33660
69840
18720
47430
32130
10800
40410
21870
54900
42390
4860
18900
55260
10710
27450
38520
24120
8280
24300
55440
15390
1710
95670
99720
93600
99990
81900
64260
72810
60390
17550
72540
36000
77580
18810
19710
90
10080
31590
22770
69930
38430
62550
70380
54270
33750
43920
94680
28710
80730
50130
53820
76140
80820
76230
11700
57600
29970
74790
37800
64530
73890
12330
79470
50400
79020
34740
41580
9180
89550
14760
68580
19800
3510
67230
87390
43110
57600
69480
7200
25650
66780
900
81630
53190
45090
27900
79830
94680
37080
90630
79200
39240
60750
2430
1530
67140
33120
83700
62910
97200
20700
5670
53190
45000
900
58230
52650
68670
42030
72000
50220
64980
83070
72720
47340
37350
32670
58140
85500
11610
96390
5760
37170
98010
33570
28440
49950
59490
60480
96210
55260
18540
42660
19260
51390
34110
51030
93330
3240
39060
16830
27270
79920
15120
83340
39690
64170
37440
14400
13050
8640
43470
74340
9090
38520
61470
87210
1080
82260
57330
19350
79020
27810
23490
53910
44820
3960
56970
77850
6120
8010
49590
66240
64260
44550
22140
58230
83700
32670
97110
28080
84690
2610
50580
33840
27900
92250
74700
19890
23670
84960
95760
61020
62010
81180
60030
37440
17190
5310
9000
92610
25470
88380
85860
3330
91170
96300
69930
66960
72540
7650
22950
20250
57600
11340
81090
50670
40410
37260
98910
71010
9000
46980
32040
22410
51120
84780
6030
82350
72540
33480
55620
7650
52920
40500
82980
30690
85860
45270
78930
41310
31770
35460
45180
2790
75240
7740
10980
54000
10980
37800
27000
16650
52470
52290
97290
68850
71010
68940
31140
29160
29160
48240
85050
81090
91170
98730
63900
5130
25470
18810
8820
60030
83880
44280
58500
59670
94860
36180
6030
21780
58500
43110
28530
49140
82800
71280
19080
14850
44280
9810
39330
55350
82710
49140
67680
30960
20700
60030
31770
61020
13320
43560
67140
46170
57060
85680
16920
89190
14760
93600
47610
13230
90810
13410
55260
54450
3240
56520
5310
60930
80550
43380
45090
47430
38250
55890
79020
83880
36450
96480
53190
77670
71190
19260
87210
25020
32850
89640
64980
30060
97560
95760
7560
63540
58680
89820
41400
38070
30870
80280
26370
62280
75870
18180
99540
85680
18630
34200
78120
18000
19530
16020
99270
74070
80280
15480
42390
16020
72900
39060
49860
58680
80910
63720
35640
6300
7290
36810
59130
39420
91080
69390
19350
71640
43200
63990
74970
74430
3870
77130
94680
8100
76410
43650
55890
64890
18360
31500
49770
61200
51750
91890
99450
96840
85500
68130
96300
20610
67860
67140
40320
64980
93510
67410
47970
32580
23130
48690
39600
78390
70560
77400
55890
57240
75690
60930
99540
94680
96300
45000
53460
19440
96390
93240
11520
80190
5130
2610
30420
180
58050
64890
53100
44190
90180
65160
54090
93600
43200
12870
54270
11430
71280
62640
1620
8550
80100
9720
14220
81000
47880
65880
25650
70830
36900
89820
66150
14130
16920
59040
27900
82620
19800
90000
19440
99540
32670
2160
88020
49230
47070
97920
40410
31410
17910
55170
96930
58500
40770
38790
84510
68040
61560
51840
37620
23310
87750
43920
78480
60480
46530
53010
81450
76230
89910
82710
42930
2610
33390
10530
59670
77670
90270
2070
70200
73800
37710
22140
73530
49140
95400
27810
54270
76950
54000
69930
31050
98730
7110
39870
18180
84420
9270
49410
46350
78750
900
56070
91530
93420
64260
91710
90
76770
2970
23850
20790
72810
45450
29880
12690
84510
810
1890
72720
14130
35370
52110
78030
71190
43650
35640
43650
3690
4860
25470
4950
5760
9090
56430
59400
70830
24120
14130
84150
27630
85770
60930
96390
28440
48870
51840
21960
15300
22590
82800
53640
54000
76230
65700
34740
26010
46080
82710
63900
81900
91800
21780
16110
77490
71550
2340
57780
33930
43290
26550
88470
28530
39330
59310
17910
35370
63360
21600
62370
67050
32760
6210
80280
37080
99990
37260
98100
97830
12690
75330
23220
74160
2340
98190
60750
88110
11070
34380
40770
39960
88470
36720
54810
3510
36900
58140
20790
45090
44100
75240
95670
6660
12330
74610
47070
28620
85680
24660
4320
51030
69210
61650
97920
8190
28260
75150
13320
76050
68580
28620
90990
19170
61110
92160
90000
17640
19350
70380
75420
27450
34650
68670
41850
99090
15570
83520
81900
60570
62460
8100
73890
77940
80550
89190
6660
36810
95130
8550
49770
92430
75510
63720
74250
84240
83160
32490
15660
29880
45720
46710
61830
26100
93240
99450
83520
65610
89550
96120
58230
89910
58320
34920
85500
13680
3420
4500
88560
54180
40770
13590
3600
46710
74610
62640
15480
83970
14400
91530
60570
39780
25380
70830
32400
91800
40140
12420
40590
91890
38610
19080
61020
32580
16650
62100
18810
71910
9450
91620
32310
25020
76950
32220
23400
37350
74070
22230
69300
42120
82440
49230
82800
48060
29340
57060
30960
83160
52290
22320
32490
69300
83250
81180
81090
82440
55710
12870
26280
15300
68040
42660
23310
32130
45630
44010
38430
84600
53820
39960
99180
27630
75510
45270
98100
29700
23490
60390
52830
97920
5130
24660
75690
9450
60210
53100
85770
65070
98820
26550
92970
9990
40950
94860
0
28260
54090
60570
20700
11970
21870
99360
32580
35190
9540
70020
74790
68220
74880
64890
54360
53190
33840
28710
83250
0
55260
29070
95760
62100
89280
60120
35640
51480
54630
65250
34650
99270
62280
55440
79650
33030
74610
65700
12510
75420
82260
10800
2430
15930
41400
81540
73170
59400
78120
3510
36720
5490
74520
32490
89280
77310
24210
31140
12960
65250
22500
78480
35010
97740
28710
52020
92790
7020
5130
85500
59310
34470
16290
28080
83880
54720
16740
35460
50220
60030
99990
19800
35550
35820
4680
21510
21330
29790
39780
34650
33390
7650
22950
18360
93600
35910
68310
47700
96210
73980
43830
82710
94050
31140
540
78840
61020
95850
80100
5580
23310
8010
93240
11250
76320
57240
82710
52560
57330
95400
79290
21240
32850
72450
22320
72990
31230
8370
58410
25020
82980
44280
28980
68490
40230
89910
86220
90
61470
74160
99180
97110
20340
22320
82710
96300
67590
93870
24840
25560
47610
81360
39870
23220
59940
86940
80100
83880
10440
76680
82170
97920
84150
27000
35460
68490
43020
15390
57240
76770
70110
9000
74250
89190
75780
78390
38880
54540
42930
16110
95670
11430
57330
12330
84960
54900
27630
49680
62280
70650
58860
55080
96390
48060
8550
54720
50040
9720
52200
32760
9000
95400
90450
50130
88470
99540
43920
69390
78210
3150
14850
6660
62010
53550
26010
11070
44550
16830
84420
86310
19620
41400
30330
45810
48330
83610
33750
1890
79830
87840
98820
77040
15840
43830
23670
31320
70200
35460
37530
49590
97380
77940
97290
60660
64350
71190
86040
10620
40140
60120
63180
95850
98550
28440
55980
29880
93420
82350
72090
48960
48420
99180
63900
38070
88830
42840
19800
6840
39510
1800
99270
87930
40230
88290
65880
96840
90180
21060
99540
53640
65340
60120
10800
97920
3600
16200
61830
80190
56700
70200
96210
78750
74610
95400
66240
49500
52290
62910
26010
98100
96210
74610
54000
57150
2970
56070
69660
25200
51930
92160
5850
6390
89010
6120
33030
77130
22950
89730
11340
83790
31050
18270
22860
27900
65250
44640
6570
60750
27540
2430
28170
99000
88020
87030
44460
22590
75600
87120
60300
87300
78300
53820
11340
47250
97920
36900
84870
77130
5040
84870
46620
92070
32580
67950
63000
5130
23040
52290
57960
61560
60300
95850
60030
31680
44820
27720
3510
41040
51390
77130
40770
95040
10800
55350
45990
7920
45090
79290
55080
68130
80550
54990
70110
43830
87210
61740
5220
11790
21960
50040
45990
29070
95850
48420
79020
83070
45180
36630
33300
63810
5850
60300
74070
41760
50670
58140
19980
72090
42750
84510
16830
94500
75150
13410
36810
7020
94230
66690
1710
42480
82890
46080
62640
4320
53910
23220
65070
86760
72720
92430
9450
37170
87750
61470
1350
32940
29430
91980
18000
22590
92700
13680
6750
32490
58140
76230
63720
47970
65160
3240
86490
10080
5580
37260
81720
52920
52920
71910
69480
68220
21240
59490
54360
5310
70290
80280
95670
25560
44460
10080
8460
82800
5670
32580
62910
13230
79650
38610
69120
30960
34470
72720
94680
89910
52020
63810
95400
17820
7290
2880
20700
69390
77490
32940
91440
33210
78300
98100
29520
35550
15120
85590
84780
85230
78480
2610
27090
89010
22770
21420
32040
83340
82980
62190
82260
16110
57060
60030
57150
57780
28620
70110
69930
89820
79650
4860
44190
82620
44640
59940
46530
46530
27900
73890
67590
78570
90360
60300
90900
97290
74700
20970
26010
59850
68940
3690
13140
40050
12330
11970
19080
23130
14580
29070
58500
82260
7290
36450
82260
21600
72270
63630
92610
31320
49230
41040
65520
73620
89010
85140
53820
7470
28170
1620
97650
67410
3600
93510
32580
36810
97290
91260
36450
61470
30870
45990
12060
54540
91620
17640
13500
96030
33210
86940
89730
8280
49950
76050
61560
93510
58320
9810
69840
59940
2880
40140
52830
99900
3150
57690
82710
30330
34020
18540
84690
17370
24570
22680
58140
74520
93780
30690
4770
81180
5400
77670
1980
69570
68130
85680
59850
76050
11340
15570
79650
90540
61830
4860
7020
66420
6930
29610
13590
69210
78930
56340
9180
9270
23760
82530
24300
26280
10440
22680
85860
30060
69840
30690
73350
6390
65070
40860
51660
37170
32580
93780
66150
57600
11700
23670
14760
49050
1890
26010
96480
17010
97110
22050
12330
85860
46710
83790
65700
11430
28980
45180
75510
47520
55800
80910
42750
22950
26730
30240
75420
38160
89820
23130
72900
21240
40680
35550
93870
22500
25560
67050
53280
80820
95490
49860
26730
1800
25020
58320
92790
83790
6840
360
29880
64620
59130
87660
20340
39420
63630
22770
79830
10800
50130
38340
65070
24210
79650
75150
23310
92610
60120
21060
11250
91260
51570
15210
83790
95490
92070
26010
49860
71820
27720
9720
65250
60660
91800
34290
50940
9540
97470
59310
19710
39060
11070
91170
29700
66690
39600
18000
42030
86220
31140
83160
69390
99090
9180
72900
40230
90180
29520
86670
30600
32040
10530
13230
59400
90900
28260
87390
15480
29880
0
86760
28350
55170
55080
19710
87120
45360
4140
74880
90540
82440
13050
29880
83430
18450
80100
61470
91800
52470
13680
8190
50490
91080
40500
13500
17370
16470
57510
64800
60660
58320
21420
5760
52020
98820
98910
93960
48960
1170
69480
65340
41130
92160
3420
4320
29250
12870
80190
16830
34650
92070
8280
82080
51120
87480
36630
55620
73980
4860
52470
59490
80460
30060
81720
42930
18900
79290
12330
74880
82080
10620
63810
25470
1530
18450
89640
51300
51570
23400
54450
41130
60660
35460
76050
44730
85590
79560
38250
25740
8460
77310
73440
80280
33210
94500
83970
65970
37170
84690
82800
83880
17640
32850
12960
47880
88020
33660
4410
47520
68670
65250
73350
16740
43740
27090
37980
43290
98010
79470
39870
66960
44010
52830
15660
39870
32580
85770
31410
51750
89460
80370
24660
10170
31050
65340
40860
88740
70830
60030
14310
66420
87120
13140
8280
53190
46170
59760
2970
71190
75330
22860
70020
60750
21420
30780
68040
14760
55710
43290
85050
56340
55890
24840
90180
35820
41940
8820
35820
84420
48870
60300
25560
1890
92970
21150
46710
13140
25380
59580
43110
26550
70290
96210
40230
78750
18180
21780
85680
40680
58410
5130
37350
44010
22140
37710
21870
92520
52200
99090
43290
86850
74160
6660
7020
58950
84780
69210
68040
39420
13590
79740
85860
46080
19980
18900
60750
42300
54270
90810
16200
36270
540
96030
77130
63810
76500
20340
42120
80460
5670
7020
58590
88380
17370
22680
72900
45810
53460
81360
25290
73980
91710
20160
75870
16020
88740
54540
6840
21600
18360
42750
73710
6930
69660
58680
77760
47610
50220
59400
42570
52560
61110
96210
85590
94500
67050
91620
52380
63990
29880
43560
70380
31860
38160
75510
56790
62460
88830
20160
84330
38790
89910
9270
93960
51930
81540
96210
90
69480
270
40410
8730
79740
26010
70650
2250
77490
42390
85950
34110
22680
54090
97290
92610
810
29790
59400
33750
90270
85950
25020
34020
30420
13770
68760
50760
6750
85680
450
38430
63180
69570
58950
62820
14400
45000
79560
47340
12780
95040
3420
8280
3690
27990
87120
44730
45810
58770
9090
87750
7290
46890
2790
43740
99450
74610
31140
46800
62820
86130
25920
46620
38610
49770
56790
48780
99360
22950
59400
8550
25920
6660
25740
88830
84510
23310
1350
86220
35910
71190
12060
87300
89550
93870
22770
13950
59220
39420
50040
98100
16560
64530
19530
89640
95580
48240
38970
1350
53280
62280
64620
23040
58770
52740
15390
72540
87210
60750
43830
58860
58590
43290
46530
24390
540
42930
8550
990
95760
60930
64890
95850
24030
9540
53640
3510
55530
88650
11520
24660
96750
810
59490
81540
33480
14040
15840
88020
55800
9540
53280
35280
77310
59310
35640
58500
98460
66780
41580
64800
6480
43290
60390
13950
11430
75240
17640
24120
9540
65070
41940
85770
49140
8370
93420
97200
69840
3060
7380
83520
72180
83610
85140
4950
55440
54630
70380
94320
99720
32130
5040
80640
11250
60120
55170
79020
81090
79920
65520
4950
22410
28260
20700
65340
26010
48960
95310
97290
93150
74880
14760
56790
98280
29880
77310
25560
93330
88650
21240
44640
67140
81630
21420
9810
21780
85950
32850
2700
70200
89910
72270
90000
22680
52380
84240
11970
49410
17730
5580
70650
5850
83160
65340
3420
25380
75780
89910
95760
97290
34290
52110
63810
58950
34290
77400
21600
97290
78660
91260
72360
50940
27900
27810
58230
7650
42120
45000
9180
64080
2340
97290
49140
93150
27810
22140
33930
64440
28710
73080
17100
94320
39870
91710
69750
1800
20340
63900
66600
39150
44280
87480
43290
9810
17460
81450
19260
32850
61650
62460
26910
59670
55980
39330
94500
82440
71460
67050
67950
96030
95940
91080
77580
79200
60750
66420
94860
80820
5940
21150
26820
46440
98730
76590
77220
12780
47520
13500
68130
34290
41670
53100
37980
31320
21330
7110
38250
86670
2880
20250
47250
24210
33300
60570
97650
48780
55530
78570
84690
46170
40770
9810
46170
23580
82620
70290
99180
47250
52380
7470
92610
73350
73890
19530
56700
93870
96930
85770
82440
86580
96030
19440
64620
40590
37980
82530
47610
89010
91260
82080
1440
77310
15660
16740
47160
98640
54270
60480
5940
74880
65790
57690
89010
16740
10890
30690
43740
77040
27990
94500
98550
57780
60840
59850
25380
3420
13230
33660
54540
24840
82800
91170
83700
1800
83340
3600
20340
74970
54450
67590
87480
21510
12060
65340
85680
52380
90000
97470
21780
94590
7650
88380
47430
42300
83520
26820
46890
38160
41400
16020
50310
29430
12510
43110
13230
82710
87030
78930
60300
43110
26550
90540
86490
46350
5760
45810
45810
44190
72270
57060
33840
92160
40140
62550
52740
4140
89460
89190
77850
12330
6930
2700
27900
3240
37890
28350
86490
63990
41940
63270
23940
49050
59760
32220
47970
84510
89910
19620
93510
25290
81810
59490
70920
50670
74340
36270
90000
86940
6480
38070
33570
22770
360
59670
82800
42120
50760
44820
36630
25830
22680
97740
53460
92430
28890
5670
6840
51660
8460
41670
6750
14490
40950
41310
12330
81090
44280
53370
89910
10350
35370
35190
11970
16110
56880
81540
87570
45810
34830
46440
4140
3420
14220
74070
7650
27810
74070
33930
45630
36360
66870
83970
69930
58050
57150
92340
62910
96660
87840
74610
66240
63000
87570
4590
46710
6930
14130
60750
6750
4770
71460
9810
30780
95850
67140
39870
65250
23040
53100
54000
71550
7920
50490
89280
48780
16380
49770
74970
93600
23040
38880
1620
11700
99090
24030
17100
68490
3690
83970
42930
97020
45900
21510
56520
76050
45630
58410
42660
40320
23580
51030
32220
49590
98190
65160
2520
74430
3060
30150
58770
8910
34470
82620
46530
38970
19530
77580
91350
17910
44190
10890
9900
90540
61920
87660
67680
99990
47070
86490
37620
3690
25470
54450
84780
99810
38880
51120
45270
87390
63450
7020
47340
98820
56880
92340
10890
56430
62820
43110
56250
33750
96660
72090
180
1350
13140
37350
20970
92340
94050
54630
75690
47340
98730
49680
74880
30870
53910
95130
84510
98190
6930
51390
94230
99270
27090
45540
1350
42570
6840
21330
18630
19260
19980
83340
87660
72720
58950
53010
45360
82890
91620
51210
19530
55170
94770
21330
89190
58770
93690
14220
74790
5220
25290
68310
91710
60840
54540
21960
50760
40590
78750
63000
19530
55530
73170
12690
84780
16920
65610
90
62910
41760
81900
48870
98010
15930
90630
66690
77760
1710
21870
11970
44910
95220
72900
97650
83880
3060
14220
49410
96930
86310
93420
24300
22500
83430
91260
81360
36540
62910
180
180
92610
37980
45720
90450
77400
68040
72630
37890
91980
63180
46890
24300
59760
57150
21960
98190
52830
84960
9990
28350
61830
68220
17820
35820
89010
98730
76680
8370
80010
25020
37260
81180
32760
8370
19260
53100
360
80100
24570
73890
92430
14130
35730
43740
40050
35010
52110
47880
92790
58770
78390
14580
14130
90540
19260
63990
48960
16290
8010
56610
77580
93150
27270
78300
62100
68580
64440
46620
18000
26010
35730
56970
54450
24840
16560
31950
16020
91080
26550
88560
68220
79470
20430
92610
87840
17820
86940
51750
6210
62730
1170
91350
71640
66420
49410
38880
45630
73980
27990
81810
20340
60030
15660
8460
88470
92250
30870
5310
99810
52740
74790
11880
75330
37980
46530
81270
82620
24390
20160
88470
89550
71280
65880
37800
20610
24840
64260
25290
20160
76770
7920
4950
92520
68580
56880
62010
28260
74700
56700
97740
79650
38340
41760
26010
75600
87750
51300
80640
45630
46080
66060
9090
8820
56430
70920
18720
64800
53190
21960
35460
81270
31500
82080
72720
79200
51570
18270
79110
85320
20430
66330
67860
7290
5220
28530
80100
21240
67860
99450
94590
27630
9090
91710
90900
12690
51030
1980
61470
45180
31590
46890
7740
71730
85050
34380
14400
8550
36990
34650
62280
7470
99810
90630
51750
15840
99090
85590
22590
87840
39780
85410
69660
90270
6390
87030
74790
90000
42030
73080
81180
83160
37980
99360
31860
90810
98640
86850
71820
38970
41310
63450
9810
35460
73440
86130
63720
33120
7380
92700
12060
29970
98190
97470
49680
66330
2160
77490
5310
19710
14040
4860
89370
14760
46530
87030
56070
12510
49410
54090
6750
25560
89820
46440
28800
13770
26910
20160
59400
21690
47610
41130
36810
72810
65610
1800
93870
87570
62010
82980
28260
48330
20520
46260
43920
71910
2700
57060
87660
88200
61020
16470
20340
72000
52020
97290
5310
54540
86220
11430
44280
53010
54810
2070
56700
93510
68040
86400
37080
98010
7740
61110
45630
29970
4770
15570
73800
14940
3780
74160
95490
17190
74250
6120
93780
270
51300
85950
24030
79650
26010
6750
75870
54630
99360
88830
35640
31950
75330
94050
10980
25200
59670
23220
43020
47430
73080
9360
26100
22140
9450
61920
45090
94410
63990
51840
13140
7470
45270
71820
65250
37350
82710
12150
30780
69750
40230
40410
88470
26640
70110
12240
24120
92070
75960
96840
29070
46260
27720
51750
540
44550
37440
2070
43650
11790
30420
12150
29070
73980
24210
98190
93690
99270
86040
77130
39690
61380
47970
94680
56520
94410
48960
4950
27000
32490
99000
17730
18360
64170
86220
93510
3240
68670
33210
18000
74880
62100
64440
1620
16920
83880
95220
20880
54360
68490
25110
55800
57870
91260
91620
15930
89550
94410
48240
92970
44280
91080
31140
38340
5490
80280
75420
21150
13140
94950
35550
16830
39600
37080
88560
24930
2070
96030
84420
38070
28800
31680
25020
91530
48870
1440
72900
3150
20250
8280
21600
91440
97650
34110
59310
22860
30420
64710
96840
36180
89640
2610
18990
75690
180
16290
71190
18450
86760
13230
11790
86310
3870
27630
59850
10530
60390
72540
51660
79650
720
72090
68940
80460
94590
42750
87390
51210
11250
9360
35460
39330
24210
72630
56070
76950
61290
25920
30060
71010
79830
50130
79560
44100
78120
28890
35100
90360
5400
47700
70920
51390
99360
45810
16200
69570
11340
95400
91350
60930
48150
58140
85230
57510
81000
52830
18630
71460
24660
13410
5400
17100
60930
12420
77760
78030
51120
90360
2700
82350
99090
33660
50130
43020
33210
40140
17370
98100
62550
47070
57510
55260
75150
7200
15300
51120
35640
90810
14400
35280
85050
90630
33750
90450
27540
2250
540
15480
80190
48420
49770
86580
53820
18360
87120
34110
72270
48600
66780
85860
17820
98640
55080
80640
96030
22500
59580
65250
80910
45630
98460
81270
88650
54630
21330
72000
3420
14940
45090
32850
1350
6930
47340
47790
95130
39780
24840
22770
38610
33750
43110
56700
83070
20880
82530
53370
45270
53010
38070
37710
92610
24660
74070
47970
73800
21240
94680
99450
51030
51660
79200
4680
45180
14400
84960
14760
39060
87210
73890
78300
97650
69930
52290
65790
43020
2790
20700
18090
32310
38520
11070
81180
37530
270
32940
53730
34200
94950
81720
72810
53190
88830
52110
36180
77490
90900
11970
85770
62550
36720
34650
98910
33480
71190
57420
60840
86400
31680
19800
41130
67230
53910
90180
65250
19890
43200
29790
88920
49680
58050
89010
11430
50130
3780
27720
65970
53370
58770
57420
41400
41310
90810
1440
27810
70290
23400
50670
34290
38070
49410
6480
8550
35820
62640
23400
55350
20340
61740
81360
74520
39330
26820
5310
71010
37530
71910
77490
70650
16470
11700
91260
79920
31860
79920
32940
81810
20430
61650
76770
80550
6930
7290
95040
2520
15750
87750
28620
38340
68760
62280
14040
63630
51210
76680
72180
32670
92880
76680
73260
40950
74970
68850
40680
69840
23940
25650
52110
39330
21870
53010
84240
55620
66330
86940
81630
48870
79380
79560
46890
61380
30960
48510
68760
42120
98730
29520
77040
52740
82980
44010
70650
99450
59580
50670
75330
86760
49680
64440
86580
24030
6750
54720
96930
55890
9810
81900
54720
81270
40320
63540
10710
46260
72450
9630
61380
45720
78300
89640
56700
21330
81180
16380
57690
52650
94410
56340
87210
49140
50760
7740
78930
90
47340
89640
82890
93420
32220
7110
97650
15300
27810
72900
7200
15030
75150
60030
83160
18720
92250
33480
32670
65700
80460
57690
53820
83070
46350
6390
82080
92520
95220
52920
7560
92880
70920
13410
23490
53910
39870
46620
26820
40050
83250
88380
99540
33480
64980
67140
70380
60210
93240
3780
68760
65520
56880
66420
38070
9540
63450
68670
36270
26730
40770
78930
36810
21240
46800
41760
50310
28890
91080
97650
20610
77130
33840
98820
57420
56970
48690
71010
26190
49770
57960
76140
87840
19530
6030
36900
44100
98910
8370
50490
56340
6660
53910
77310
76860
34650
23310
75330
58770
59040
45900
61650
86130
70650
66060
17730
35370
66150
34740
9540
25380
24480
95310
52830
29790
34110
15840
86130
36090
8640
74160
86580
70560
54090
70110
1530
540
4140
37440
9000
90180
82350
31770
54540
59670
38160
29790
80100
12510
22320
38790
50310
81810
20970
98190
79290
86220
25110
8370
35370
33750
6120
23580
22500
31770
11430
98460
31590
54810
99900
74970
73170
84240
14760
16650
29790
90360
28080
10440
59400
74520
55260
72990
36360
71730
90450
13320
70830
44550
68220
50850
20880
53010
55980
86040
31230
67770
72630
80640
23040
53100
95490
95580
66330
6660
1350
54180
31500
28170
37170
48060
54180
68490
72270
20790
78120
60840
14670
32580
78390
88110
21600
13320
93330
10170
88830
95940
62550
15300
270
15210
67860
15480
95400
8910
75960
45450
17820
66870
15750
83160
3330
79020
66240
71280
10620
47250
38520
70830
90270
95850
83160
50580
84960
30510
5670
79020
63900
23580
18090
23400
94590
46440
48420
61920
21240
61560
6210
12240
46530
12330
11250
28440
52110
73620
74700
41130
9000
82890
19260
93510
7650
39870
17910
5220
81720
57150
90810
74790
42930
32040
77580
49320
30150
22140
11070
93960
70920
48240
13950
54000
90900
22050
68040
9540
15750
5940
50130
81990
27000
77130
26100
19530
39690
89550
99630
68400
89640
65700
35730
99090
71730
3330
92520
42390
5220
48960
32130
58320
30420
8280
33120
66060
56430
5220
89460
55710
17190
71190
21690
48780
58950
61740
50490
21330
38160
64530
68580
38070
51660
10350
77490
37710
34200
26280
36360
24120
72990
62280
75780
52290
14490
41310
45810
21780
18450
85860
85680
86130
54720
28350
2250
61560
1260
77940
93780
95490
72540
91980
36990
38430
42930
16200
13680
79650
34290
11340
25740
15840
51930
35550
32130
84780
40590
58320
18090
58590
43290
92610
37260
57510
51390
990
28260
81000
39690
60840
81180
47970
81630
26820
14940
25830
26460
48060
5850
22680
45990
4860
4500
16920
83070
25830
23580
19800
27360
60570
94050
82350
82800
81090
57240
80280
60930
70830
54810
85950
9810
78120
38160
20340
32130
99360
12960
9360
46260
65070
75780
21510
45450
24390
69030
33930
42660
19800
79920
50670
28620
95130
32220
39420
29250
58410
96390
60660
9900
71460
95220
40140
11430
85860
1800
92070
96390
75060
84240
28530
80730
79740
68490
14220
35550
50490
24480
61110
36450
70380
79290
38340
59310
72900
28980
88740
84240
5580
79380
13770
47160
86310
56070
42120
67950
41130
0
95940
56160
75060
66600
98100
85050
23310
88380
9630
26190
38430
810
50040
16830
57060
9810
97740
720
49320
62910
40050
52110
99540
32310
26100
69300
66510
5760
96480
23130
67140
24750
29880
50490
53100
71010
90
4680
88380
2970
40410
56790
30060
48240
95130
47700
46080
90000
28710
39690
8460
15750
58230
9000
15300
79920
7290
70380
58050
30330
28710
96930
36180
44550
72540
60300
85860
35370
34740
0
96210
6030
95400
59220
20610
60120
76860
53190
61560
42390
91890
47430
60300
23490
70200
74520
74340
85860
38520
63720
25110
16650
3600
43920
47250
51840
64530
31770
27900
58140
51750
74340
24570
7830
29700
23220
65070
91800
89190
22140
86130
52740
20970
67590
39870
7380
88830
13050
25650
92610
96750
76500
61920
19080
16470
11790
82620
52470
65610
30960
54630
29160
25110
40140
3960
70020
23310
64710
36090
85500
63360
58950
98640
5940
20700
38520
75690
54090
88650
13680
47250
83610
15840
41760
81090
43740
47610
94410
11610
37260
87570
990
63540
70830
9720
65160
90900
84240
3420
85050
3960
63270
98910
33390
68670
14040
37620
61110
50400
38610
76410
41130
4860
18000
72630
76050
70110
60750
45900
4050
58230
28350
33930
71640
17010
36090
39870
70380
91980
31770
22590
2070
36090
54990
32400
94770
8280
39780
51300
14400
83340
51300
90450
49140
72360
33480
38250
37080
29790
15930
69210
17640
88110
32040
92520
27450
8100
90450
48240
38250
12780
36180
25290
17910
88380
83430
19620
35010
12060
82350
54360
74700
31410
720
38160
62370
79200
48240
83970
12780
68040
22140
41670
57330
64260
31770
21420
3240
61740
11250
67500
56070
60120
57870
34650
81270
36450
72810
17100
52740
79560
58500
49230
63000
35460
83430
77490
32130
23670
18360
84510
6480
81630
87390
84690
39330
36990
5760
38340
2790
86130
93240
46350
86760
57060
79020
69570
12690
96120
20160
54630
85230
63630
38430
57060
83700
92700
97830
86400
30510
16920
37620
17820
69030
24300
98100
75150
99360
19890
39510
98370
21330
71010
34740
17550
86130
85860
95130
90990
7110
96210
72540
57060
88020
56250
43560
17640
52020
51390
40500
54810
42750
16470
83880
49410
50670
53550
85410
19890
30240
62280
57330
2610
34740
31860
52560
53280
53370
32670
61560
60210
76230
36180
36810
13500
30240
91440
26190
64080
79200
65880
64440
67500
71820
74430
76590
84240
44550
51660
20430
15120
6300
38070
2520
82080
70560
17100
65520
32940
56790
96660
25830
80640
40680
22230
15120
99990
4320
6300
15930
42570
41220
40410
11700
40050
40950
11160
97740
42390
95040
61380
39510
98820
89910
21960
92160
35370
80550
26640
12240
29160
83520
18810
24030
2250
74610
44910
25470
24300
20700
86940
8820
52830
20250
91440
35280
97470
59580
58500
8370
11880
55080
92700
360
59400
31230
88380
65340
42480
6120
60750
64440
7020
26460
92520
63090
64170
43020
10440
180
70020
47880
39600
74790
8460
74610
21420
30690
24840
75690
22680
15390
70290
13590
75420
55350
54720
56160
55350
10890
63090
44100
98550
94050
63450
32400
60030
7830
90990
70650
57060
5850
33480
75600
95760
20790
44010
96750
60120
19620
72000
73440
67860
83520
21240
94770
8100
95040
27450
50940
86760
82980
55980
72720
46440
79290
43020
25920
77400
68940
65430
23670
65790
48240
16110
97380
43200
35190
50490
68670
37530
99180
48060
4770
34200
69840
77760
51930
38340
89010
71190
97470
48060
25920
72900
71550
93780
91980
51750
70830
90360
66870
21780
69300
87390
88380
8190
44550
46530
17550
2160
99270
80820
1170
17910
3150
16470
60120
18090
75960
69120
58410
21330
88020
29790
98460
76860
78120
50130
9000
90990
2520
5760
21060
43650
50850
57240
78840
56520
35280
82440
94230
12600
12780
29970
1440
180
35190
95130
66060
76680
51390
75150
68580
13860
94050
34920
35910
15120
18360
49680
88650
80910
12780
63270
57780
68850
97290
63990
53730
72990
7740
86040
36990
62730
58230
18000
76860
57330
9630
16290
88740
90630
39960
7740
89820
33840
59130
58050
4860
47520
10440
80550
97380
53100
15300
22680
26370
70920
42120
14850
59760
65790
60390
63360
16920
22860
8730
18180
18720
16560
63540
14940
92970
20250
8280
95490
13410
1530
9090
95760
60750
2520
16920
97110
83790
29700
59760
52470
72720
86220
72990
89640
51120
18900
31500
66060
84600
94140
450
97560
60120
10800
43110
17820
92610
74700
38430
4950
70200
7110
89820
48870
94410
85050
72810
99720
31860
360
48060
54270
2160
86130
25560
90900
30060
84600
83250
87930
77760
74610
61200
11700
67410
50940
81450
16830
77310
83160
67410
92790
75060
16920
97110
88380
24480
38790
49230
38250
75420
27090
71370
86850
60120
74160
11250
44820
27090
71010
19800
94500
27000
17370
38160
24390
51120
64080
88560
80910
91170
85320
62730
39780
4590
11520
60840
8010
94860
36000
98460
82890
59940
21420
18270
79110
3060
65520
7650
2610
85410
78570
81000
92250
87390
49230
90450
83430
47520
13140
21060
75960
27360
92610
89730
83250
72450
25920
45000
21240
63000
52200
29790
39690
27720
47880
47700
99450
35460
60480
22770
94500
67770
49050
83160
43740
23760
77310
45270
74430
14310
44280
66330
5220
63180
8730
39150
79830
21510
65610
61560
3150
51750
55710
22410
72000
30870
10980
48420
21600
62190
81090
70200
13860
87930
88200
4680
92340
28080
1260
66330
37710
3690
16740
62640
54000
25830
10170
3870
3870
63720
93330
8550
97200
6120
36090
82260
64440
65880
6750
51030
20790
78300
3960
33390
46890
63630
14940
9540
99180
71190
42660
3060
95580
5490
72450
34920
58050
84780
54000
86850
70560
96930
450
29070
78300
96030
92700
11430
810
28710
82440
59670
76770
81990
99720
59850
22770
10350
91980
71550
64170
16470
10530
67140
26820
57690
76410
62370
80550
96300
10350
47520
46980
66240
21870
28620
92340
82440
32040
89640
85770
67500
25920
36090
87840
21060
18810
78660
75960
96120
3150
86310
64260
26910
56700
98010
37620
98820
21240
57870
79200
22140
14490
45450
48870
36000
1260
96030
18630
98820
48510
48780
83880
56520
14040
84420
73260
45360
69120
35910
3420
6030
48870
23760
97200
85230
11250
64710
74340
19080
63900
9450
59400
59490
49860
78930
56790
76860
42660
59670
7560
73710
29070
41400
56160
69840
63360
18450
93150
7830
97830
85590
9360
75330
66150
77850
60300
6840
47340
8730
35640
87570
47520
92250
67140
73170
96030
2610
8910
71730
79830
48960
59040
40410
91260
84510
10080
41490
29340
61380
5130
71820
50400
1980
76860
67050
28260
25200
22500
17190
33120
14310
45360
59940
73710
79920
50940
11340
38250
75870
90540
10710
96570
90
62820
63630
13140
66960
61830
90630
38250
14580
99180
80640
28620
48870
70650
21240
53550
57510
19260
62460
68940
84960
5040
89190
18450
97560
4500
44100
88560
58950
83970
44910
11790
55620
41040
20070
11970
18900
57240
54360
94950
85590
25650
64080
99000
73170
34920
50490
20790
26100
66600
66240
97380
9630
62280
27270
6300
58140
37350
93870
16560
36270
23130
17910
5220
14220
90180
3870
79380
60210
37260
19170
83250
12690
75420
47340
62190
4140
39420
35370
35910
70650
8820
42840
34110
13770
54900
55620
46080
86400
64530
9450
51390
59580
81450
23310
9720
10710
46350
55260
58950
38970
18720
5220
61110
33930
5130
72720
57600
97020
84240
7200
49950
80190
43920
95760
14850
5490
2790
64800
75690
78930
79650
23490
29340
92430
11520
70110
37530
50310
82890
21510
84240
31320
66510
54630
96030
12510
94320
72900
11250
81450
64800
52560
48060
42930
6570
13770
89820
15480
49680
19890
77130
81990
6030
28980
26190
63630
65070
43740
13320
31230
63900
2070
38520
61560
76590
76230
65340
43470
38160
59940
29970
53280
34020
34290
91890
95670
45630
4320
44280
62460
45450
79920
94590
59220
21870
97380
88290
45090
1980
9450
34200
13770
76590
34650
34290
96840
61920
63720
45270
11160
990
43560
59940
18540
60120
95400
64980
79200
34290
64440
49320
30690
70200
50130
88830
7560
5490
1890
9810
52380
64980
15930
76410
5220
98820
49860
12510
76590
36450
36360
67590
32310
37530
1800
86400
94770
29160
14580
13320
98100
67230
78480
20250
85950
86850
63630
75150
11520
41940
79200
0
4590
14940
57690
27360
80190
87300
89550
60120
49320
32130
39870
28440
54000
43560
41490
90360
50940
92520
83070
50490
91080
62730
57420
71910
9000
2340
60570
57510
17100
4590
3960
42210
94230
46800
85860
2250
97200
6480
13140
92430
15210
53370
62640
36630
70740
36360
33210
15120
50580
14940
19710
35100
71730
33570
4500
78390
21420
48690
11250
46440
26640
13050
26910
88650
34110
67500
7290
83520
13230
65700
7830
98460
12600
98010
52290
25020
13680
62460
80460
72810
46890
49770
87210
85050
93960
19080
52380
12420
6570
270
1080
15300
96300
53370
27000
51030
32130
38520
18630
31050
34290
270
7920
81540
77940
63810
96840
44820
5040
24390
52200
80370
95220
82440
42210
85230
78570
46710
1800
97110
75150
84150
38970
7830
79560
23760
87930
81810
16290
40590
5850
46620
79290
95220
30060
96570
65790
76500
9090
57420
13230
91620
93420
49500
28530
16560
7110
32580
59670
29610
64620
55800
7830
6750
19800
6840
80100
16650
70380
94770
2970
81090
62010
71100
95670
97020
89100
99900
23940
98820
66420
14940
50490
95850
46980
53010
38520
7380
3870
31140
26640
89550
26280
83520
18630
180
65070
63990
99540
80370
39690
24480
2340
6390
26190
26280
55080
10260
50760
48330
50310
41850
87210
38070
36900
88740
630
42030
13410
28350
7650
4770
68130
21870
23310
23850
20250
2880
65520
70200
81180
720
81360
61110
69570
40770
53730
24840
8640
65250
78660
32040
13140
10350
630
53550
33750
16470
36000
88380
45720
66690
96750
84780
19350
76320
20610
80730
29430
63270
91980
71010
17010
68850
57690
32040
72810
53190
2610
87300
9360
5400
11790
50040
17910
43290
41580
90450
49680
63000
65160
98370
26820
58500
99630
84060
46530
46890
48420
54540
34650
17910
18810
63450
44370
96300
98820
53370
44010
47970
25830
79380
45450
9270
70020
88110
46620
360
13590
51120
56070
67860
52920
56610
78120
47880
50850
32040
73620
60120
75960
91350
39780
68220
67950
94680
51480
9900
60930
51120
14220
10980
60750
54540
34020
68850
43830
14670
24300
77760
84960
39870
86310
89820
10710
30690
15390
6030
13950
21960
36990
8280
61200
95040
58320
1620
90630
11430
57510
1170
75240
21600
86760
1080
95400
64260
78120
51660
30060
24570
74790
19350
78840
9090
54090
36810
22770
720
76050
60300
72810
47880
78840
30780
15120
74430
38250
83970
3330
26190
8730
51390
24120
44640
33480
34110
72630
83970
55530
98280
32940
62640
630
18090
54180
12240
50760
57960
51930
32850
10260
26820
62010
54990
36990
18000
66960
67860
17910
5490
63810
3330
92340
28620
2880
7740
28260
90090
69840
84690
72720
39600
96300
16920
45360
43020
50760
41580
68490
72900
97200
40590
67590
95220
37890
91260
47700
95130
94950
34560
32310
28980
26820
88740
80460
20970
34380
13050
88920
52020
78480
90540
5670
40230
67320
21510
5670
7830
54540
93330
73440
60300
18900
37710
82710
66510
31320
79200
43740
33300
97830
69300
4950
20340
11970
95940
64350
71190
1530
16650
58320
44280
18630
63270
58410
93060
88560
52920
7200
62640
83250
68130
98820
92340
5310
15210
33390
40590
13410
31230
61920
69390
65430
89100
72450
49050
29070
80640
60300
32670
73890
54990
53370
38880
11070
89730
75960
67590
12780
82890
28710
10980
2070
27900
43920
76770
9000
21600
44370
3330
45360
43650
86940
93690
65700
26190
12150
56970
52740
35910
78300
2610
80190
50040
3240
82710
91800
25830
7380
4590
34020
24660
71910
66060
26820
32940
32310
65970
97290
1260
1350
71820
27270
39060
34290
3330
82800
40590
85680
71640
56070
92160
31590
98460
37530
98370
21780
89640
39330
86580
91710
80100
90810
55530
53460
41850
96210
12690
1170
65430
83880
86400
56880
27450
4050
84060
82440
7020
12960
37890
69930
26820
12780
15300
17910
63090
98640
31590
3150
95940
74430
49860
84870
73890
99630
1260
89820
60570
60030
57690
66870
80730
97740
65520
12960
87840
86040
90270
86220
15210
14940
19260
70920
79110
46350
6030
16650
38970
8370
29970
43650
73440
360
10350
27540
79290
20790
78300
33570
53280
77670
25290
70290
7020
19080
62550
28440
2430
84420
6120
38430
12960
78300
45090
98730
67230
42390
85590
98640
49860
37530
4860
29340
31320
31500
64170
54540
78660
63540
28890
24390
49770
23760
81900
67320
59490
29160
53640
25200
33030
18990
41130
80730
79380
64260
34290
58770
46260
5850
36810
99720
67950
57870
56790
66420
65160
45090
49140
48780
39870
99270
47700
68760
6660
46530
41130
69300
96930
88740
78120
96840
72900
69030
76590
12240
75690
54270
84330
4320
77040
60390
97920
33660
11070
37080
39600
16200
49230
59400
25830
27540
3690
23670
97470
38340
72630
46440
14760
35820
14760
47430
70470
22140
38070
96030
7560
42930
41040
41220
14310
29520
79920
43110
93060
93330
450
59760
64980
94680
67860
29610
25380
59400
84330
41850
29340
80100
2610
73440
9270
41040
79830
18630
71190
18450
78390
62730
62370
72810
82530
70740
3420
79920
40500
54180
24930
8640
48060
48780
88110
42120
28080
50130
59940
34740
2610
74340
15480
37530
83430
42210
19440
95490
82980
79380
33750
47250
67140
50130
5220
36810
73440
54000
49950
39600
94320
42840
28980
36180
37620
96570
11340
18810
96480
78930
43200
88560
8460
71010
71640
81000
50670
66060
32760
21510
75330
21060
83610
37260
25380
35910
53460
54000
43470
87300
15750
13140
60030
86400
93780
12330
10710
61560
90000
41130
55080
46080
42750
55080
15210
84240
24750
3240
44730
6840
53280
52380
35460
47790
77310
58680
88200
76050
73440
92970
40590
32310
60390
54090
64080
44280
12690
12510
49590
48150
31050
50940
57870
2070
94410
64980
42660
35010
3240
10530
92970
53730
92520
21420
35820
66960
26010
49770
78660
88830
51120
39150
56250
46620
68490
17190
9180
10170
87300
45630
94320
92880
9630
97470
84600
540
90990
27900
1080
11880
52380
68940
65070
4590
38520
92160
64980
86400
76320
84960
57600
46260
63180
41940
27810
32220
83970
55980
42660
5670
63180
57600
83340
62280
27000
6480
40050
18990
55440
12690
44370
73170
9000
50580
74430
19170
3240
50310
42930
80460
3690
49140
97650
39960
52200
69750
90990
4770
38340
26280
88470
76230
25470
12420
90900
42390
89460
45270
39870
91710
62550
60120
56790
17010
89460
93330
21420
61020
360
53460
88110
1800
23490
65880
24480
27900
64080
29250
30420
98820
82620
56160
88380
4230
94590
53370
39060
43380
80190
48600
15660
55080
62550
18000
69930
95310
8550
10890
53100
41940
88920
77850
26370
56970
23490
77400
83970
40410
49590
92340
15210
52380
23040
56790
65790
24840
56250
71100
29160
13230
62280
17100
71640
36360
28080
57330
41220
65610
36180
92340
78120
87120
13500
62100
90270
74070
28980
39330
49950
84690
78390
58410
67680
77040
14940
3060
69660
83520
12870
53010
94590
50670
88650
47790
51480
5760
67950
26190
97740
21330
12510
2160
75240
24210
82710
22500
78120
6750
19080
84690
42840
86310
1440
75240
32490
24750
13410
23940
45000
18450
57240
91980
79200
43110
41940
14940
53280
5760
92610
29700
89910
54810
54450
88110
90180
23760
5130
11880
80910
91260
33480
74070
22860
42930
82260
12510
34830
270
16560
36090
2790
57870
95580
29520
68040
70470
86040
84150
93960
990
68040
50760
91800
12960
25650
86490
88560
87930
92070
95310
29970
17730
7290
12060
76770
67680
8460
40140
72900
1080
44820
35730
65160
94050
16920
96570
53100
72270
63360
19080
1350
65520
47070
93150
88650
11700
11340
56430
44280
92160
65970
5580
29430
34470
95040
61470
69480
72990
20610
19170
55440
97020
87930
47070
55800
79560
75240
25020
89550
11790
84240
23850
13050
63810
18900
24390
15300
3240
2880
58770
900
43470
59670
66960
60930
55890
91890
25020
73350
10800
30060
70560
49590
63000
25830
46710
73260
67410
11610
72450
74610
61380
81000
11340
74520
52110
33660
63090
58410
28800
46890
6750
8730
65880
82890
9270
68580
29970
26730
53280
97020
37260
18360
94680
29970
21150
41130
81630
23580
39150
19440
24390
70560
29250
18000
40140
52200
50310
29610
21870
46260
60480
92520
83880
21600
17820
90
38070
90720
14130
68040
88740
51480
34290
52200
8280
10260
87210
99720
21150
35910
35910
62550
5670
39330
75060
720
2520
54540
95850
50940
75960
24660
360
4500
62730
84240
93240
4770
31680
31590
49410
78390
2430
97290
72180
58680
47070
77850
73530
72810
56340
65070
86850
66510
99990
93870
91800
53550
78030
39870
43740
67050
4050
44010
90810
13230
97920
43920
17730
54720
62370
39510
61650
39780
23130
75150
89010
52200
66780
49050
51300
8820
11520
25020
25830
44730
18270
63810
2430
70920
16560
99270
56970
93240
51660
9180
45990
95400
71010
16290
45450
97110
93960