1000 9684
24120
3510
72180
40680
34560
61380
45720
44640
50940
63450
97560
25290
86760
14760
16020
270
35460
900
45450
33660
11610
41490
51570
85770
33840
62010
79830
72000
16650
72900
54900
77220
59670
29340
90360
99360
69030
96930
97740
91710
4770
43560
70200
31860
19530
62010
90
70200
67230
13500
58410
98370
35640
99450
8640
76230
88200
35280
41850
71550
64260
78210
4410
82710
78120
53730
20880
18360
7200
26910
83610
54360
48420
64980
92430
58500
56430
68580
7830
80820
99810
60210
91890
98640
12690
19890
22500
85950
82980
41580
66420
39060
88290
44010
32850
65790
70470
50670
30960
1530
69840
65340
30600
45990
33030
26820
19080
96210
3420
630
41940
15660
52200
53280
90810
85050
71100
16920
4770
8460
28440
21150
80460
20700
32040
39600
81450
53100
80190
5580
67140
79290
50850
49680
74610
36720
95670
62100
76860
43920
4230
70110
49320
5580
86490
19170
9630
89730
61830
55980
39510
23760
75240
55530
47520
96210
33390
23940
1800
1260
23130
43740
9000
3150
1350
54630
40140
60390
46620
37710
4500
84510
94050
73980
66690
55890
21060
25920
48060
14220
94050
5130
75510
29250
18540
39600
50130
57150
98730
98460
46890
27360
74430
99900
35100
59580
90630
48330
48240
97380
90180
95220
32040
44100
6930
33210
62460
49680
66780
57600
16650
96390
40230
96750
65970
98370
77130
43830
74340
83070
36360
51300
39330
58140
50940
45810
15300
47340
94500
11250
36270
38970
64710
42930
44190
22410
32670
37260
2520
35190
86850
92430
77850
65250
77940
6030
60750
0
82440
93960
68670
92250
1710
5850
79650
44910
96660
45180
15120
61650
52920
19530
64890
82350
49230
57510
68760
60570
53370
15300
77400
43110
7290
32580
38430
70560
96750
94680
53100
47520
39960
53100
720
18360
80820
96930
13410
55620
28260
99270
85860
38700
59670
1260
59040
43650
88560
75510
73350
16830
95940
83880
81180
27090
6030
28350
5310
8820
78570
57510
16650
24390
73620
87570
17010
93780
99900
70110
67230
58680
50490
58500
96660
54810
76950
45000
13410
44730
25740
72630
42030
15660
96570
20250
39960
2070
33930
88560
12960
25920
38070
19080
74070
83880
87210
13410
67770
67950
77130
96750
40410
2700
36090
54180
90360
64440
33930
74160
60840
58860
60840
90360
62910
92610
15660
62730
11520
90720
7650
69840
86400
1980
7470
17280
83880
44550
12150
3870
29250
14580
450
69480
32400
59400
92610
49950
47520
73800
96750
30150
21510
34470
77940
68760
89730
3420
20610
44460
61380
38970
4050
71190
8190
44640
9450
38340
71100
62280
30600
2970
7200
35730
97110
44730
34020
78120
73080
32220
33210
96750
83880
38160
40410
1260
27900
44460
40140
61470
40410
9000
92160
22590
40410
86760
81720
39600
34380
21510
26370
59850
92970
63090
79650
90000
36090
64440
7920
49050
98820
11430
36000
13050
82710
8190
58410
91440
32670
69390
25740
54090
12600
60210
80550
20880
62730
89820
7020
56070
13770
51030
49140
11070
91350
93510
53280
8730
1170
18090
92700
60840
2700
9000
10800
19260
46440
5490
48330
85410
60840
81000
45090
77580
69480
46710
14940
69300
37260
25470
3510
69930
76500
87660
22050
63360
75240
41220
4950
46170
85770
1800
96300
5850
63090
10350
52560
68220
43200
76860
13680
19440
48240
5130
82350
56430
18720
58950
83790
93060
60390
9270
98100
23580
87750
90990
61830
98730
71550
65610
80730
42750
76950
84690
71730
37350
18090
26280
88200
12150
42660
99540
66870
32220
88830
61290
68580
31500
97920
60030
7560
52470
8010
44550
82350
11970
24750
85410
36270
42120
81360
4860
57420
57150
59670
10170
10170
15570
4410
52560
3960
78390
49140
74790
91260
90360
86580
22140
84240
39690
96030
14130
84150
22860
9270
36720
95040
23760
90540
57780
23130
53100
47610
33300
72360
23040
50760
44010
89280
7200
62370
45000
67500
62100
4140
18450
62550
96030
42300
42930
85140
88920
37530
72180
74880
99630
97650
89010
68760
26910
6120
30150
92610
77400
75060
68760
15390
13680
60210
28890
43830
720
91890
22590
51660
24300
78300
95310
88110
4500
8640
81990
54270
80370
38160
30510
43830
35280
74880
42840
51660
82620
23850
65970
2520
16110
66420
83340
29160
87300
40950
12600
37260
10260
52920
69120
89730
5580
1080
38070
99810
27720
85770
46980
63090
95130
43380
50310
82170
69930
26820
78840
7290
13770
63000
31680
54630
93240
7470
72810
41940
87210
28080
9000
52470
32580
34740
19620
30510
45990
14400
20700
81900
14580
72360
80370
83700
46620
76410
95850
21150
90720
95490
33210
49410
46710
36450
90900
84150
20160
98550
69300
30690
31500
27900
72090
70020
37440
84960
73710
6750
6390
9270
66150
39420
45180
27990
52470
19440
82620
99450
98190
45090
49320
73350
61560
82530
39150
85500
43290
60480
32220
64170
66150
43290
66240
51210
51750
13410
45270
38340
46170
65250
48330
92790
95670
64980
99540
93150
26280
57600
77760
19350
92970
90630
20160
51930
99450
23760
78750
16110
52830
95310
66600
98820
12510
70650
14670
25200
81270
7740
54270
86130
86400
27270
14040
91080
7650
43740
18000
90090
20790
96570
57960
44820
83610
69570
4050
79020
20430
82080
53190
25110
54270
24660
99090
34560
99630
71370
26370
3420
30510
47790
31320
1620
63450
74160
24930
2880
48960
35640
36630
95130
3870
22500
39960
91080
61470
39870
65610
7380
20610
42030
78750
44280
27540
94770
49950
67770
14130
84330
47610
42480
96840
86310
25830
70110
46080
39240
65970
93240
42030
33210
32850
59760
83970
74430
52740
93510
96390
91980
97380
75060
10890
34110
63720
80190
84240
82980
81270
4680
47340
68130
23940
24660
11250
55170
21240
68940
76590
15390
34290
54270
16290
16560
45090
17100
27180
45900
50760
38790
90360
77310
44370
20070
82620
48960
2070
81810
4590
56160
65340
54630
84780
17550
33030
94230
79380
60210
25110
48690
35550
7560
95040
6210
48240
58500
16920
62820
96930
63000
81270
99630
63090
58950
9540
91350
79650
53370
77130
40860
40050
32760
15660
80640
23940
51570
37350
91260
34200
47160
24660
53910
27000
9090
22590
55620
2610
90990
9090
66600
8550
65250
93870
44280
60030
23310
66600
40320
76770
89370
67320
86850
57780
24390
49320
74970
27270
52470
65070
46080
38250
3780
21150
48510
1170
55530
96570
35910
61650
91260
77850
13410
45450
23310
43560
64440
89370
26010
66780
46350
5220
34110
67950
42570
99990
72990
15480
8370
64980
37980
42390
84960
34290
81180
99810
18720
49860
18810
78930
96840
36810
91350
78030
45360
18900
10710
29790
57960
61560
39870
22950
67500
49950
31050
60390
21960
1980
95670
26910
26370
69930
76950
48240
64170
52740
89370
94770
68040
62460
71100
89550
54360
89010
19170
51840
51120
4590
31770
26370
92880
90450
65970
35280
43650
32130
36540
85590
7740
52920
63990
7650
3150
99720
57780
15750
94320
33930
61650
18360
47520
95850
3330
91890
87570
93600
80460
40500
42210
25290
18270
88200
55260
22140
95580
44460
75780
37080
3600
38430
17280
19170
87660
25920
71280
95490
22590
36720
63990
180
24930
97920
37530
11610
9450
29970
79470
4500
25380
57510
56340
35910
13140
62550
630
70110
68760
88740
96480
16650
91530
1620
25740
98910
95940
94140
95040
36360
90990
75150
21960
2160
19530
87120
65250
73620
16650
68760
58050
59490
30690
66420
61020
54540
97920
57420
44550
90540
76230
4230
69390
30780
89370
72990
99360
43110
8100
74340
1350
13410
42030
99720
91530
54990
83340
73260
94410
50670
35910
57510
19620
6300
84330
91980
24300
66060
34650
21240
17370
67140
40410
78930
45360
8460
93150
52200
75240
61560
32670
73530
80100
57510
30960
12150
37710
33840
42030
54360
97020
37620
68940
69210
36630
95310
28980
99270
73350
75870
81000
55440
91980
9270
61020
94860
88650
66330
38790
84060
99900
97380
98910
17280
68940
91980
57510
83520
77130
28530
69120
50670
96390
67680
21600
24660
70920
70560
68220
12780
46260
7470
20880
53820
69480
67860
96750
69570
16200
9000
69210
33750
74790
81630
19170
60930
65250
20160
86940
93150
62730
16110
43380
33120
36810
0
53190
95220
60840
49320
48870
97830
98910
54540
47160
65250
21960
28350
26280
85860
21330
11250
5220
69480
83070
41130
10170
30150
87300
17820
48510
75420
89910
40860
8010
74700
94500
88200
87210
60030
5490
50940
59220
63990
78840
24480
1620
9180
6480
92070
4410
11790
97290
16920
75600
84870
20880
68490
21600
92430
80010
63540
79290
54360
63360
86670
75690
35640
46350
69030
15660
66510
72720
16380
59940
96930
43200
48420
54630
24120
12690
49050
70740
86850
50220
81360
44730
31860
0
93690
97020
64170
71910
51300
42300
13860
56790
62460
67500
12060
32940
84420
80730
55260
36270
75870
30150
72000
59220
14940
10170
65520
85140
54810
6840
4320
20340
27000
82620
54180
2700
25920
99270
46260
37980
49140
84150
65250
89730
36720
4590
43650
27900
42210
23130
76680
53730
96030
63720
70650
62280
76140
71370
78570
45810
11700
8550
85590
10260
69390
88740
99270
13500
88020
56340
87480
31500
95760
25470
34650
41400
34380
91170
88470
18630
50310
28260
81810
24840
84420
53280
60570
30060
88830
3330
11160
46530
86130
49860
20250
40680
43740
95400
99000
54180
66240
32040
18900
90360
98010
54360
55080
64800
44640
38610
68400
75780
51480
34650
75870
91260
71910
13770
64710
85410
8730
60210
58770
7650
28530
85140
28890
17820
45900
50130
5040
43920
6480
5670
97650
55620
88200
19890
84060
51480
90360
8730
37350
69300
71910
26910
98370
75960
810
71550
45180
87300
29430
89370
61290
26010
44370
91620
88110
75240
37620
69030
71640
55980
47340
31230
27270
14310
68310
51300
32760
38520
86850
28170
73440
27000
58860
36630
68400
35280
86130
73980
5040
7470
4680
720
90180
23220
7110
53640
37440
63630
11340
26730
69300
23760
92610
95490
28170
75240
57240
72900
39330
33750
45450
48960
88650
35460
87300
46710
92790
46980
35640
37800
85680
41220
5670
43380
7290
50130
87030
56610
86580
4500
64260
90360
64530
15750
35100
92340
6660
18990
32220
58950
96030
65880
81540
71910
47610
62100
97380
50940
22140
24660
20430
79650
13860
35550
59400
99900
27900
36450
55980
6750
62820
61920
52200
65070
86760
80280
55170
2790
98640
57330
76320
90090
72630
44100
92340
76050
87390
96840
21690
89730
66960
69660
6930
20700
9180
69660
93510
87930
61470
34560
70380
8820
96300
78120
81180
35460
68220
73620
35010
540
78750
86220
54450
67320
23760
1350
6030
21150
69120
19980
92430
59670
14760
55620
72720
35370
45990
11970
26820
89010
78030
75240
55170
5670
67860
450
73260
42030
33660
2790
13050
54270
8370
23850
78660
59670
51840
70200
78750
52920
91620
1530
80640
98550
11610
68760
96300
1620
1620
74520
9000
57780
90450
68850
64170
51210
31770
86130
65340
87210
63360
720
17100
72180
71640
47070
68220
450
18000
80550
9630
90090
18540
44100
88290
26910
26820
78210
93240
35280
29790
38880
79110
66330
22770
2790
82800
89640
97290
47610
23490
99810
95490
540
18360
23220
73980
31320
20790
49590
66600
0
52110
8910
79740
78030
40140
73170
96030
73710
44910
45180
69660
86310
5490
89370
50850
75960
63450
55170
29700
87030
49680
1980
86310
59040
40950
20070
48240
19710
79920
58860
5040
9000
51480
79560
61920
37800
62640
66870
53370
77040
89640
1800
37980
72090
36720
4140
11340
8910
94860
73980
92250
21240
45180
86220
24210
30960
50670
69660
87930
96930
41490
24480
71550
39060
43560
97200
64710
30150
35730
37980
13500
45000
51750
89460
38520
29070
71100
41670
84060
83970
51300
92250
14850
74970
4680
78300
87660
2700
62910
61650
64890
86580
66690
62550
6840
25470
43920
69120
35190
71280
25920
540
4590
77940
88020
67140
34020
89460
20520
60210
8280
54810
44100
58140
40680
30420
99000
14400
14580
87390
84060
64530
32130
95760
50940
72270
31500
95220
720
16920
73080
78750
12960
82530
12330
51300
92700
94140
51480
67500
15210
96660
88920
48420
39780
70290
28620
50400
37440
82890
30690
65430
78660
81360
73890
67230
45900
69750
80190
60930
51660
54990
6120
24930
87930
43740
26100
61920
24390
18090
90
53370
69750
60660
41490
35280
81990
40140
14850
57960
6300
88110
56700
77850
35010
31230
74700
52110
90540
40680
8460
38970
45900
80370
75060
72450
13320
61380
9090
44010
80820
32130
79380
83880
58410
46710
76500
39240
53100
95850
68850
28440
53280
73980
7470
94230
74160
67950
72360
60660
77040
75330
82080
39690
89100
3420
5490
45180
2790
81090
8460
40500
73980
81180
82170
5580
18090
11520
83340
24660
3780
69570
45360
79650
37080
24300
42570
70830
9360
85950
49230
13410
44910
22050
71730
3780
42300
64080
68760
73350
52920
34560
5040
11520
46620
16830
96030
66510
67230
82350
84870
64620
81540
89640
74700
43110
81990
78570
68580
54180
7740
92250
20610
64800
78390
15120
36000
53370
71100
62010
79200
44010
41580
2790
360
42750
86130
92790
98280
28890
45270
56700
82620
84330
42210
81990
47160
79020
19620
96660
27900
73440
23310
59940
39870
91350
4050
22230
18540
26820
15660
85680
7920
19980
27540
60930
7830
91620
71730
61200
16650
22680
58590
8640
84600
2790
24300
93690
40320
58590
70830
4230
79560
79650
25830
94320
62730
14220
59940
38070
87120
54180
73170
18810
43380
24930
85320
20790
40950
48780
81090
7470
11520
65970
32850
35640
65250
80010
78030
84510
67410
10620
29430
11700
49410
20970
63900
54180
44730
44010
62280
45900
28440
53550
44280
59490
38610
68940
90270
49500
88830
31770
11160
2520
2520
41490
66780
55710
12870
8460
40230
41850
68130
79920
51300
68310
53820
16650
75780
16290
84690
50850
90990
24300
49140
53010
86760
87120
14040
41760
25920
17280
69300
37080
99180
900
3600
34650
8910
17100
2520
7560
68850
2610
60300
32220
630
53190
10530
32400
89100
33570
28080
74430
96390
16830
71370
42750
77130
39600
48870
40410
97740
42750
21150
79740
99360
1530
76050
40410
48150
33480
63180
49050
79290
47790
64980
64440
19350
85410
45450
18450
30420
25830
2880
65160
31590
89010
94320
16830
24030
66240
57330
17820
91440
98100
20520
26100
13950
85320
68940
49950
1890
81270
68940
52650
88200
37980
18000
65160
16740
63270
70560
42390
44370
22500
99540
98730
39330
67590
84240
35730
44550
9810
3960
68490
28350
98100
46890
92430
41940
13950
20520
30780
82980
62820
81540
90360
40320
46440
20790
72090
12060
37530
45720
8910
95400
57690
75330
22860
99000
30600
1350
40050
52830
86310
47430
35730
95040
18090
63720
94590
90900
45270
36360
68760
99000
70110
60660
44910
16560
180
10620
81630
99270
52650
26190
44370
82440
73530
24120
63900
81540
28170
61740
37620
31050
81540
1980
63000
63090
44190
98010
59220
64350
93870
81360
55800
65880
82800
63360
81630
58500
40950
4230
38070
56340
5850
7470
95580
51210
34470
63270
46800
98190
80370
13590
79290
55080
99270
18180
70290
5400
43290
77580
88020
72720
45540
70560
26640
25200
47880
50130
5760
40770
35460
85590
51300
72720
36630
34830
33390
61920
32670
30240
26730
64170
19890
34830
92700
8190
270
53100
56520
64620
76230
37080
78120
59670
75330
43740
60840
18270
84870
35730
62190
92610
97020
14130
16200
99090
12150
19440
84600
39330
95130
39420
72810
5940
73980
25020
53820
50580
15750
8550
44550
82170
33480
46170
60840
64800
22590
20250
15030
87840
84240
83160
68490
10530
30780
16740
47340
21960
83160
97830
48420
73440
3510
26910
42300
39150
58230
60840
77940
59130
10710
24300
94590
29340
5040
81810
23580
93960
6750
7470
24120
25830
84960
4410
14850
45810
75060
30240
1890
38970
43830
30060
51300
2340
95670
9900
24030
57690
60300
40770
88200
23040
13770
37800
86040
63990
96930
15750
43020
21870
49590
29520
71460
68310
77850
81540
60120
29610
12690
16110
4590
82710
92250
47070
82260
76320
99180
88470
44820
59760
89460
80280
41850
83250
9180
80460
88650
67590
79650
54540
32580
47970
24300
31230
51570
48510
41850
43470
2700
56520
94500
25830
80280
10890
95580
96390
97200
6840
4500
99810
44460
93780
4230
54540
29610
85320
61380
60210
58320
43110
13770
5760
79920
31140
7830
360
61470
75330
4410
95400
53730
96930
24300
82170
43830
8280
9540
35820
16380
26280
93510
15210
1350
67320
51120
4230
85950
3780
36270
7650
19530
21690
87750
68760
73440
86220
6930
18900
90270
96120
67320
2610
87030
180
87390
69210
40590
41400
53640
73710
3510
34740
16020
41310
44640
60660
31680
21600
16740
67230
62730
90720
46530
97290
37350
99540
67230
12780
22590
99000
13770
79290
81630
60030
12420
48870
41220
69480
94590
5670
15480
66960
95490
99270
99180
32670
53730
7830
59850
73170
67680
28890
50490
46620
12510
96570
88920
180
63720
52290
46530
90090
14310
90900
49050
4320
74790
47160
540
13230
27630
63090
92160
88830
39060
76770
41580
11160
15660
5310
58410
29250
51660
84510
47970
68760
49140
93780
62460
29250
1980
450
4590
71280
42300
29790
69840
41760
98910
31860
85950
53730
11880
50850
93690
72900
48060
29070
27630
65430
83160
55260
32490
47970
23760
27450
58140
73800
35820
82260
98280
27090
27630
51210
57690
0
84150
36360
15210
30150
55440
43650
43650
44730
50670
34830
88380
24210
56250
86850
28890
81000
8280
92250
71730
23580
12870
42300
8820
92520
87480
4230
5940
46170
72000
42750
41850
97650
79020
70830
61200
91530
25110
60570
8550
75600
52560
35010
98730
72090
88200
18360
88200
95490
91800
71730
31500
39960
56610
75510
81270
13950
97020
9630
83970
19350
37170
45540
69480
19890
25740
79650
99900
56700
44100
1260
18270
71550
54810
20700
49680
11790
3330
49140
25830
38070
70200
34470
23760
57600
85320
21960
35370
70470
47790
26910
16290
95850
36450
71100
26640
270
57420
36090
16110
7920
8910
26910
10440
29610
73080
30600
43110
11340
72630
95040
85410
77760
45270
68130
35550
52740
66060
78480
20970
51390
66420
20430
73530
48330
3510
9360
5310
13950
79110
53730
91710
0
900
43020
7830
5670
67320
62460
56610
69930
20070
84150
3600
39600
84690
3960
46890
50670
84960
47520
13500
61560
58950
89640
37620
71820
72630
96840
25740
52740
79110
97650
20340
94950
50130
33570
98820
74790
93690
61020
9720
74160
24750
53190
94770
74340
31140
4140
33570
61290
18720
9990
56250
25290
81180
74880
77130
14760
72810
28530
68400
4050
98910
66060
62730
50940
30960
54000
23940
59310
33660
68310
14220
32490
5940
87300
69570
900
75780
81990
38790
59400
57960
98460
23940
28440
77220
56520
79380
6300
73980
31140
92610
5940
37080
20880
40230
63180
97200
74880
50130
50400
28890
6120
88290
83070
36270
34110
59850
18180
58770
35010
15570
13500
55260
4860
13050
51030
51390
79740
84960
24390
49680
2880
58770
2970
84060
1350
90810
62820
8910
19710
94230
79830
50760
31140
85500
60030
44190
3780
98100
59040
90090
98190
21870
4590
15390
10170
79740
63810
92070
31410
58680
19530
44280
28530
12690
33120
94680
72000
62550
6930
28530
50310
7200
7920
18180
45450
52290
70830
65070
72450
19260
25830
85500
54540
74340
98010
48690
36000
93060
83430
15300
9450
85500
99810
73350
74070
43110
95670
34290
98190
65340
36270
30240
28080
55530
75600
16200
48510
12510
85680
23490
28530
86040
15480
82620
1080
89100
60120
92430
68130
47610
99180
80370
80550
78390
29250
61650
36810
810
31860
52470
18090
42390
32490
76050
19980
51030
52740
68760
900
98010
14580
54450
57420
25200
3870
79110
55350
49860
86220
23220
69210
2880
98460
16920
35730
51300
44010
41310
77130
90540
42840
83700
25020
4680
18450
52560
47070
24210
18720
30240
94860
56160
55800
74160
46890
28530
19620
90000
73800
37980
66960
97110
52650
35640
75780
12780
24390
90720
92070
15570
29610
84420
88290
77040
83250
90360
51030
36360
32670
85770
45450
7560
87930
34110
32040
75600
18360
32850
68310
12690
86310
11700
53550
44460
5310
82260
720
77490
23310
13950
20970
13050
26280
32040
10980
24390
23940
85140
39600
15840
77850
72810
55170
52290
47070
16200
14310
46170
29790
83700
6390
95040
78840
20340
32220
65340
47160
83070
69390
74970
18000
16920
10440
54630
71460
50850
15390
1080
51750
35370
52470
44460
41400
67410
12510
74610
54450
43650
9810
87120
95490
60930
89820
41220
22050
77940
8820
25740
68670
28980
64530
79110
54450
14490
26460
93240
180
2070
58050
88830
63270
12780
57600
29430
56430
77220
64350
64890
49590
78480
8910
82080
52650
23580
27270
48150
95130
54270
7110
95490
19170
3690
78930
2970
9360
97920
33840
51750
63000
18450
18000
27720
70830
5940
47610
23310
80280
99090
10260
64260
63810
68760
6300
47250
79740
73080
34830
99270
70920
28800
17640
50040
91440
33120
37170
22950
90270
53010
26280
33210
22410
86940
42300
36720
59670
81450
19080
71640
7020
99810
65880
3600
77040
45540
64350
81900
63090
55350
47520
57960
77940
51660
5760
92160
3420
68670
3510
45900
12690
80460
54990
21510
72630
50760
11160
86490
89820
14220
97740
91260
73620
19350
10710
19710
66510
87300
82710
21960
76770
35730
93240
98280
95580
74880
21150
95040
68940
79200
92610
75510
17910
49050
42210
93870
78210
58680
61740
87030
84600
75240
90630
83430
33030
35820
58230
74070
8190
3150
74340
12510
83430
96750
87840
65610
93060
17460
29610
76680
11700
6120
24930
10260
76590
83880
51030
23940
69840
71550
27630
29700
6660
26370
93510
50760
15480
48240
67950
37890
53550
62100
96300
36090
38880
41670
84600
76590
9630
87660
30780
78210
26550
19170
29790
81720
21600
67680
53730
63720
63990
95220
96930
32580
15570
95310
93240
3600
94050
37170
99810
41130
48870
89370
50400
69030
88380
39510
69390
99810
12240
96120
73080
91080
81990
51390
67770
23220
25020
45720
85950
99900
30690
8280
86040
78300
99450
86580
42210
49860
97110
79110
87930
90900
42570
34830
93150
42660
5670
60570
72090
81990
37620
2790
12870
31770
29070
26640
70470
95760
35910
55710
11700
22230
12060
5400
68130
78390
10800
52560
67680
19710
44550
3150
36000
33390
15570
96210
46440
51840
33570
77040
13590
85320
50490
76950
5670
96210
82800
33480
51930
36630
19890
68220
64530
95490
1350
1530
48240
78660
34560
87660
18990
14670
53460
93960
21330
73890
2340
31860
26100
89910
85950
58770
26460
53550
70920
73980
74250
10710
31500
96120
72990
52830
44460
99360
80370
14580
68310
62190
49320
14490
24930
43740
96480
63090
44010
18810
41040
50130
31230
70020
36090
53730
52020
63810
10890
83070
19800
92970
43830
19800
29880
57960
55800
91710
9000
97020
47610
40320
8640
9990
46350
7020
56610
27180
35820
15480
63000
46170
40860
72630
64800
81540
62010
90900
90270
24210
97020
79920
43020
74700
97470
69300
51930
4500
57420
5400
76860
63450
4050
20430
5400
61020
42030
6120
30060
93150
17190
4410
2790
68490
24930
82530
63540
31680
9630
48150
73980
15570
24480
65340
66240
44190
31320
53820
24930
35190
22500
37440
53460
75330
49050
87750
29520
43830
21330
56880
39420
40590
78390
53550
52380
46980
60930
96660
43740
11790
69930
67590
44100
74430
79200
18720
20970
8370
81720
90270
36990
17460
53550
16380
18180
39510
77580
19530
71820
46890
84690
34470
39870
98460
61290
37710
46080
43470
29700
30780
22410
45810
81450
56790
10350
73260
9450
38340
63450
63990
76860
14670
94950
36180
89640
93600
57870
70200
63180
8820
23940
2430
46170
52920
32490
75060
81990
7470
34830
61200
28620
27540
59220
88650
22050
16920
81000
44910
6300
86670
10890
76860
14220
30420
66690
37890
11520
10530
7380
63270
12510
93240
48510
5310
19710
85950
68760
50400
91440
40500
33030
27540
88290
53010
87480
80820
9720
24120
48240
74970
1080
26190
47160
97290
48240
58500
1260
61200
11610
74250
97740
87030
61020
94950
7110
56790
78390
21510
58680
63900
31950
86490
13950
24840
68310
61740
26100
84060
71460
80820
94590
74160
21240
5310
77130
41130
52740
62820
32220
56520
84420
70290
59400
180
11160
9630
76950
62190
24570
630
44460
21420
32310
34020
360
3060
5760
990
5760
37620
10350
91800
36630
61560
90
6210
74520
85140
42660
30780
22680
54360
66420
48870
73710
57330
19800
91980
12600
8550
99270
67950
17280
29160
21240
9810
52920
36990
7020
50490
31500
90540
49410
22680
37350
73800
56880
69210
38160
69480
39510
2070
3690
78120
85950
35460
8370
86400
60660
36540
9900
17460
35460
9270
94230
37170
79380
5220
33660
8280
630
67500
20880
88920
18000
46980
76950
42120
9360
61740
38250
53190
95220
65250
82710
16830
52740
77220
64080
15750
10620
45180
69570
80460
28980
20160
39960
91800
4320
23760
23400
57150
73530
60660
72270
18090
68670
75150
33930
76950
49770
63720
24750
70290
58050
31770
21960
79650
55710
53370
26100
35280
3960
32940
8010
91440
83610
97650
37890
81090
48510
56250
88200
52200
97650
19260
80820
55440
52470
28800
84330
15390
63360
66960
55080
8550
49770
12240
41850
99990
99720
89100
78120
75960
70920
44370
30600
21420
28350
58140
57510
75780
13770
66150
75600
12060
1170
72720
2160
36900
34650
38700
86040
75870
41400
10800
73440
5040
22140
38430
67860
58140
91620
66060
80460
81990
61380
61020
55890
76770
37260
4860
75240
67950
36360
63000
7740
84240
37170
63270
73530
77760
85050
26370
29250
46980
66150
37530
95940
20880
58950
50940
630
18450
30780
83430
41400
5940
35370
17460
97020
50400
84690
98010
31590
7380
36900
85320
19170
57780
59580
27900
47880
42300
17640
43110
4500
55170
38790
70740
2160
78570
68670
39780
61290
81360
50040
1890
58050
78840
68940
53370
2700
81270
21600
15120
13590
79650
67230
99630
41850
65970
11520
26280
69390
32130
63540
62730
77850
49500
90630
14220
65790
70560
39150
77220
38070
37710
21780
89640
36720
180
36360
56160
38160
33750
74970
81000
38610
61380
14760
42480
8550
42390
71730
72900
52200
39960
75330
83070
54090
45810
63360
76230
78480
21510
12510
75600
59580
15660
66870
13050
59670
37620
46080
49140
47340
87120
15120
79740
43560
63090
28260
2790
79650
76590
13320
9270
25020
46170
25020
45180
81270
3600
13410
65250
87750
92340
30690
47340
62550
80010
81540
94770
39240
45450
69930
75060
66510
64710
60480
58140
44100
81630
98100
11970
64260
66690
180
83160
8190
61290
21060
20610
91260
92610
71100
27360
34920
95940
25560
40770
78930
34560
32670
16110
73260
19710
64350
50580
52650
49230
27000
68040
46440
61560
99720
25920
98640
6210
67500
2970
91980
68760
97110
75420
86940
92880
3960
73080
78930
82350
97560
12960
21960
45990
12060
51300
15930
30600
36900
900
70110
17010
89100
19260
85860
87840
30960
91080
69840
71280
82080
86310
61200
40680
30150
57690
69840
24840
67500
55980
24840
21600
28170
5580
81540
84420
38160
85770
36270
70200
21510
52740
30330
83610
69660
19170
40140
17280
58680
18990
78480
82350
99810
71100
21240
77940
80910
61110
69030
52290
85320
88470
99180
7110
64350
63090
96210
85680
42480
2970
74610
21600
98640
11970
15750
540
12870
15930
77940
65520
72090
17280
21960
3600
22410
40950
57060
63270
2970
63990
49050
15930
23130
96030
10170
92340
91170
34470
57330
79290
11160
53910
66690
55530
22770
360
99990
49770
60570
37620
52830
24660
90630
16560
14490
30060
53640
58320
55260
88560
31500
87390
31500
17730
76320
69390
22770
630
40860
29160
92970
31770
53910
65340
12240
26460
54180
31050
89280
59940
40950
60750
36270
39600
13320
4770
90000
19800
8190
79020
78570
79650
86130
38790
54000
36000
40320
27450
49860
14310
37890
99630
96930
82440
26280
32400
51660
1710
45090
14580
16200
35370
52560
25560
21690
46440
63270
43470
75150
99720
15210
34740
4050
74520
18720
57060
5130
34110
17190
10440
56340
9540
67230
75960
22770
51210
96750
14310
16020
72540
60930
63180
4860
86670
37890
71910
50310
16740
990
29790
1080
23130
7740
85500
32310
50040
19350
93330
33750
71100
29250
48960
79290
60030
96300
84330
36810
35640
86940
7470
22230
79650
6480
70830
64710
48600
4950
97200
65250
52380
64080
6750
64890
66240
55080
30060
20070
92430
79200
16290
8010
27090
17640
92250
57150
41490
26460
27720
29340
55890
28440
94680
34650
540
20880
98280
31410
77490
20790
47700
38160
12240
60030
71820
63090
90540
21960
23310
19260
5760
83970
30240
76500
48690
30060
32850
9000
47340
8190
42930
65970
54090
45810
23400
78660
39960
73710
39330
24570
2430
86850
33030
36360
38070
56880
8370
26820
17640
27900
21420
43560
58500
85230
24660
67410
18900
8100
6210
99360
50490
77670
5400
31140
29070
25650
15750
93330
84870
57690
98550
8370
13410
91890
85860
66690
6930
46350
77940
50850
48870
80370
29430
71730
86670
63180
29610
87570
59760
63720
9540
29610
18540
17190
57690
36990
46350
38700
54990
56610
94320
62100
24750
67860
88470
39330
14220
90990
1980
58050
20340
58140
46620
99090
8730
98280
3690
56160
45810
76320
98640
25470
8460
49230
76320
6480
90360
14040
17190
84240
96660
85950
28080
98820
68940
34830
84600
36900
96840
31140
18090
99810
91800
15930
31320
98730
68040
12060
7110
21510
48420
65700
93600
27630
9630
32400
56610
40050
20970
56700
5940
11160
52110
12870
57060
7380
46710
17820
39330
18720
35640
62550
10350
2790
28530
47520
98640
49500
73710
32670
58860
41760
14130
16200
29880
2520
15840
71640
49500
51930
94860
26640
69750
41400
2070
16740
23580
24480
57240
75870
75240
83790
66510
47790
39150
28800
97560
75780
75420
73350
64260
6480
97560
99000
27360
3960
8460
77850
28080
97380
44550
41490
73890
31050
270
60390
96210
13410
46260
18180
63540
45450
37890
32490
37620
47700
48510
4500
26100
2520
34830
8820
45270
73620
58410
80280
2610
19890
22230
91800
48060
89820
18450
58410
26280
68130
14490
83520
44550
75510
30240
57780
37170
39960
77220
4230
3150
4950
79470
30330
21600
73530
39420
30510
12150
35370
13500
55800
24480
19170
34920
58860
21870
4230
44550
80100
3870
36540
10260
24480
9000
56070
12600
62460
68670
30240
49410
47250
82530
58770
55440
87120
61380
17010
28170
48420
27360
53100
35370
83520
86310
90990
9180
90
18630
21420
96480
26010
42120
64530
75960
95670
23040
81000
630
61200
73440
33120
68310
41130
44910
58500
2700
35370
58590
39780
56610
180
87840
67500
43290
92520
44370
99270
57960
23400
35010
87390
37530
70110
67860
9000
76590
4590
48330
87210
30330
95400
32670
96210
58320
12600
57780
73710
85950
97560
20070
36630
16200
50850
98550
31500
79830
12690
55710
81810
14400
74610
51930
59670
54090
57600
44730
26100
10260
6390
38250
43650
180
55260
36900
64890
23400
43200
38790
41670
69480
5130
44910
15930
62190
78390
49770
14760
43830
90900
49320
59130
30510
88650
62280
5310
89280
46620
59490
11160
35910
90090
22230
95310
67140
81270
30600
33210
9000
27090
64530
5040
84690
88920
89010
98550
33660
36450
22860
64620
6480
2880
23670
23040
43740
72090
7200
92430
45540
56790
70110
83880
90180
92790
3060
25110
72540
3330
21960
72180
31500
4680
51750
55440
83610
5670
16920
89910
85680
52290
12240
72270
7110
13860
92700
26190
61110
25380
65610
79200
35010
89460
49590
47340
96570
59940
50130
43560
19800
47520
15570
15750
13950
29430
90180
59490
57420
80910
12510
93240
12960
58860
72000
87840
31500
28980
32490
43380
95940
47700
29250
50760
2880
52200
37980
99810
32580
87030
95760
12960
66330
22590
32940
47250
22860
12240
45900
20340
88740
47250
64530
75150
11070
69480
59040
9990
68580
38160
33750
43560
46080
24750
77670
60390
57780
90360
76140
52380
69750
90900
28440
84330
77850
26010
23940
93780
83340
24660
65430
52650
4230
8010
44550
23040
41130
46440
27630
88020
7380
97020
60750
39870
95310
90180
67230
5490
7020
31140
57150
85680
16470
85860
79290
58410
47790
23850
90450
56160
37530
96480
57420
59670
47340
94500
38970
56790
7200
18090
77760
67500
82260
47790
59400
11700
78300
91170
60390
78840
7020
54270
88560
74430
25740
92160
69840
66600
99900
49320
62460
14940
13590
23940
85140
97470
9450
90360
38250
71550
77220
18630
9000
25380
53730
50670
57960
66420
46530
66150
89190
93060
81180
77940
72360
28350
91260
4140
30690
86400
2790
94320
23220
7470
49050
28350
97290
5580
48060
20790
95670
47520
69480
52560
84420
21240
25380
18000
86760
73800
13500
54450
23580
3780
39960
13320
63990
7920
81540
87570
42930
84600
56160
49860
630
86490
10710
50220
66330
55800
1440
50310
56070
85410
44190
21600
7470
32130
46980
66870
23760
42210
96030
53910
32940
66600
90900
51120
41580
72900
9090
85500
51840
90540
42120
270
82890
46350
11160
53640
24300
23310
48060
28080
37170
16920
69750
15570
83430
42210
75870
23760
92880
87210
74070
29160
56520
12150
62820
82440
34470
15030
94590
27000
54270
43380
52560
96210
41220
79650
21060
60660
21960
59310
85860
63900
94140
80910
20700
91800
25110
89820
4410
17460
19710
16110
79380
3330
98010
33840
17550
74250
73710
3510
14310
34830
24390
77490
63810
48780
12240
9450
96300
10080
65790
70920
1980
9630
72000
67680
32490
16830
17550
79740
37620
20790
95850
65160
1440
39780
42570
47880
82530
54180
2700
65970
15750
19440
64890
31050
93060
20790
51660
4590
4500
80010
89280
82350
43740
74340
45000
49050
36360
57060
27540
36810
93870
83520
29340
90000
80190
66150
44280
77940
16650
270
34020
87030
23130
6840
19890
57330
14940
59220
17010
82080
8550
61380
85230
53820
13410
53550
43110
97380
54000
13050
63720
56970
47970
42930
57600
7110
42120
29070
79650
91890
98640
10170
60120
62190
90900
46260
21330
96660
32760
99090
74520
83160
10530
49860
66870
84870
19980
88020
94590
50490
96030
53010
59490
16380
52380
65160
26190
20070
72990
94410
49140
99270
99630
90720
23940
51030
50580
34200
39240
83610
27990
8280
96120
9360
33570
62190
81900
13770
9540
98550
49410
7920
1440
57420
82350
64710
21420
48420
51030
85410
88920
38610
43740
6300
52470
18630
49590
38070
38880
74880
28620
21060
46260
44460
66240
19800
3870
28980
81630
87570
68670
59130
61020
21330
72270
48420
56970
70740
60210
27270
86310
75870
92700
54000
10800
12150
13230
13050
85230
49590
45990
2430
99360
22230
10260
35640
88380
16290
53010
75870
88650
82980
90900
10530
80190
34560
60120
810
52920
62280
27270
21420
40680
12960
73530
86490
62280
18900
40950
10620
19440
49320
25380
73080
91260
87030
3060
36540
61830
57510
55350
25020
84870
88020
23310
4320
54270
59850
51840
24390
73080
85770
61020
77670
81630
38340
79920
56160
16650
8730
88920
58950
16650
37980
38340
5490
78660
41040
1530
50850
4500
11070
41850
15930
77490
83880
28350
78750
79380
39240
26550
82080
19710
81360
81540
72990
33120
54180
42120
2610
51120
42570
40860
78480
37170
50670
36000
61560
73980
46350
21960
61020
71550
68760
29430
24750
15210
53280
43650
44190
87120
60480
39510
97830
83700
20430
47430
70560
18900
41220
79470
74340
16110
66960
88020
17910
180
48330
42390
85860
69210
46890
30060
41760
38700
66780
41670
61020
37440
99540
95940
36900
35370
85590
55350
79650
84240
18540
80190
35820
44190
9990
49950
93870
98730
7110
89820
36360
55980
81270
80820
7920
71550
28530
54990
71190
74070
60480
51210
98730
27270
72990
82440
71730
71730
66870
14490
59670
79380
22230
48240
18180
57600
4590
58320
62010
55080
49140
13590
60750
44370
89370
90630
87210
79650
92520
6660
40140
67500
9810
66600
71010
82080
93330
76140
17730
24570
58770
39150
95310
24660
63720
18450
87930
13500
2340
30600
8280
540
74070
36090
82080
90720
27810
73080
16470
90000
10350
82980
97650
66510
3870
68040
88290
44280
95760
25470
35190
58860
26820
81810
95760
75870
88380
42660
42210
57150
64440
45720
6480
18360
42030
7380
44370
1530
12330
6300
39600
49680
57510
64890
56520
12240
30330
1440
23940
68040
43110
26190
53640
11430
58410
50490
62640
89280
71550
80190
49860
56700
27630
20880
36360
6390
30600
70830
51210
85050
19980
29700
8640
6840
78750
87660
49410
37350
55890
27720
39330
70110
98550
66960
70470
87390
27180
95850
360
34470
65790
45810
47970
31680
89010
86130
8820
85140
95130
16560
8910
3420
56520
9270
30690
4320
10980
57510
630
36450
8640
52740
74700
4230
4950
23220
18540
63900
33480
5310
15030
97740
3780
37170
30330
65250
10890
72990
92610
55710
78840
55350
9000
43380
87030
81000
52560
92070
38520
59490
49410
49950
24120
51570
57780
99900
85140
0
11160
26730
80910
23940
72900
78750
15660
42300
65520
72090
5670
91260
30870
15570
35370
3330
2970
49950
39510
93510
14760
11160
16020
38970
90630
51570
74790
2610
51300
35100
95040
28350
72360
66240
16380
53730
18540
67050
20250
93330
4050
94410
93420
11070
9360
95580
96300
19260
90
33210
60660
19260
96480
91350
68940
40410
94050
17100
49680
43740
60390
76950
75060
56610
49050
27540
2880
18990
6480
92970
88830
23490
36000
41850
37170
56070
12420
5580
75870
90720
16020
50310
34560
22590
25740
91980
48150
97650
64350
41850
52830
38970
93150
44010
26370
15930
61380
28350
72630
21600
20700
19260
39690
67860
82350
11430
61200
32670
50490
8370
54360
6480
49230
77400
84060
95040
42750
41130
59130
95940
94590
47340
32220
69930
12510
70920
61380
19620
63450
13320
39150
49140
18540
29610
17550
17550
81360
23310
77760
49410
60660
63000
30960
34020
61470
99270
45180
78480
60390
32400
63180
16830
74880
3870
4410
46530
45360
48150
95940
17190
40410
3420
48870
89820
41850
85950
44010
19710
92520
41400
30780
86850
55800
68310
7740
87300
95040
70470
12150
36810
37620
48600
92160
43110
93960
13500
71370
360
48690
43200
35460
5490
92430
49770
59670
49950
28800
92970
59490
23940
56070
37890
50040
28710
46170
85950
51300
22500
46980
26010
56340
96840
66150
23040
46350
15120
37170
10350
16920
26730
92160
2160
19800
10350
27450
98100
23940
59760
78480
30150
56250
3060
95490
98820
37170
13050
5400
13050
62550
56970
46530
5580
74610
31590
90180
56700
83970
28080
33210
56430
29790
88920
22680
9720
1710
36630
89730
17100
72810
76860
27720
42930
68940
40320
10350
2340
94950
12240
29430
25110
30150
87570
50130
41580
86760
17370
97740
13500
21690
17460
99720
39150
67680
11880
28800
11340
92700
22680
2970
3060
9360
83610
16470
72720
52380
69930
55710
54270
99180
78930
38880
60300
32400
60570
15300
26100
15480
34830
35820
72630
71100
44550
22410
1890
13680
52020
74610
71640
92610
92790
99540
810
57420
97650
64080
42480
55800
63180
90000
44460
1980
60570
35820
21240
14490
46980
43200
62370
63990
55440
90
31140
50760
61740
38520
16470
44640
32850
12510
36720
25020
84330
49860
14940
26910
13230
47970
78120
21240
79470
63540
540
64170
8640
99810
40680
27180
57240
5490
85770
27450
99810
93870
9000
55260
33030
54810
38340
75600
6660
59850
48240
70920
71010
21960
25920
42120
96750
28440
96030
93240
13680
77400
24300
97740
71820
8640
22320
59580
69750
65430
63450
59850
44730
21690
88020
50400
40770
98640
41580
540
6300
47880
60660
59850
42570
48510
73800
91260
42390
22770
62550
32310
66870
5130
92610
56520
28260
85050
83700
74790
71640
48240
25470
47250
89460
27630
41490
56790
98820
79920
83520
51300
54630
99540
10080
67860
68850
42930
29880
55620
85320
24210
33930
32760
92520
83790
88650
77130
83700
93780
77040
89640
6840
91620
18270
85590
57780
97920
46710
47250
63360
93870
69480
99540
38880
16740
12780
91800
16200
38340
28440
91530
15930
3420
80460
75330
87210
17460
18090
18720
2160
14220
92880
79200
95580
10440
68760
78930
47430
21600
87300
37620
48330
11610
11250
450
95490
91890
61290
38430
35730
25200
65160
47610
40140
32850
66240
30690
41940
18540
50400
48510
18720
49770
40140
29430
32130
80910
96930
72450
91440
17010
32400
30870
32040
68850
55710
35280
51390
13590
90180
16110
43020
70200
87030
96300
1800
84870
93420
35550
76950
60390
15390
86310
90810
82080
12330
85680
12870
47880
75690
69300
92970
18360
85050
15930
20880
99540
94950
6570
80820
99270
63000
21780
55620
88560
60840
33660
56880
31590
20880
31050
3960
71280
67140
66420
51030
71820
61650
10440
21330
70020
68670
8010
51300
89190
31770
69390
81360
43650
31770
65700
2880
94860
72360
77130
87030
88380
77850
34290
74790
31230
82890
50760
71190
51210
35550
58230
67950
30240
71820
24030
62280
71640
87660
77040
74970
79110
8550
72990
35550
4770
73260
28620
9180
64890
29430
55170
76770
70470
67500
94950
16290
40320
37260
87480
19620
6660
17190
80370
92340
33750
22680
77580
90540
6120
71730
57510
80460
55080
39870
79920
53640
37800
97920
53460
75690
95040
92250
12060
1800
36090
72090
14400
43110
58860
52560
54630
6930
33570
47250
29430
10800
57060
95940
80280
51660
39780
58770
68850
630
90900
82980
11340
45360
11430
85140
62820
92880
12240
69570
69660
50220
10170
15660
49140
85590
41040
5400
90090
5040
51660
63720
67230
99540
20880
77760
53100
38070
51840
97110
55350
42570
13950
54270
88290
19440
12330
32580
16560
20970
41670
19260
49860
41490
84150
26640
94680
7470
76050
92430
56430
21060
56610
89820
48690
46350
37710
63180
8100
37530
59580
75420
57330
53460
19980
87480
62280
81720
33300
76950
33660
37350
39330
75870
62730
84510
44100
12330
19710
49680
25290
76500
79110
720
9000
27990
5580
16920
35190
79110
8640
28980
51120
58320
82350
56970
22320
71100
59850
21150
8460
49950
3960
9900
94410
97020
45540
84960
95400
99990
81090
43110
46800
37530
82980
72450
21960
78660
94050
9990
29610
31050
92070
40320
30780
19440
75420
38250
34650
38700
21690
29250
180
40410
99990
99990
41580
77040
65070
66600
73260
11340
74160
78750
27450
32490
14760
35280
25110
45360
54900
24840
95130
98100
40680
64530
8820
76590
27720
42930
33480
91350
56340
20880
61740
77760
89370
99720
17280
13950
80370
12690
7470
62280
3510
25650
65970
44190
30420
54900
64890
34920
44100
72270
57420
94410
33840
4050
26460
73080
89460
450
60840
1710
41670
56790
96120
25470
28800
99180
89280
36180
38070
23220
92430
62730
58590
69030
35100
67050
29610
40950
34020
83250
63540
79200
14310
33390
77940
58230
28080
80100
29610
79740
39510
31320
31680
87930
23400
41220
23580
25200
37710
73890
7560
18900
80100
69390
22770
43920
19260
55350
26010
78210
7920
77220
75240
87660
22140
95490
62190
64800
8370
23400
79020
98730
1800
6300
14220
36900
56070
76770
19980
62010
67410
9180
25020
61470
41220
12780
60840
10440
22950
22680
54000
49770
16830
73170
45900
45180
26190
450
27180
53190
60120
42120
74430
16830
37440
4410
93330
46800
75150
62640
33750
32670
78390
29700
21060
56520
77760
64350
75600
10800
32310
10530
53820
720
47610
6300
48780
58950
10080
78570
29520
75330
15030
29880
50850
67050
61290
95670
43290
28800
83160
34830
23850
72810
19710
30150
11970
98010
84780
23940
6300
64710
86130
32580
5670
76860
98280
32670
49950
50850
44190
19620
43650
72630
29160
18540
32220
64080
98730
69930
99630
63810
6930
98640
41940
75510
54540
57150
30330
8730
26190
89730
35190
67680
76320
26640
18000
15660
0
37980
48960
95400
27990
74160
41580
98460
88920
43200
540
12330
85320
63990
35820
64980
52650
99720
82170
54540
94500
32850
14670
84240
96300
27450
82440
57150
60660
75420
32940
540
75240
7290
86310
83340
45720
47250
47520
82620
3510
54630
85950
36810
46620
180
50040
75420
77040
56070
86040
80370
10260
64620
53100
1170
99630
4230
70830
1890
71550
33840
67950
71190
60390
71010
44010
75420
14490
81810
35370
3780
21060
29790
20610
1440
69840
74970
18000
12240
47250
3510
83430
57150
85500
45630
90900
15480
75780
53100
7560
67500
91800
69570
71550
28620
67680
71820
53820
30870
99000
9900
12420
82170
89280
51570
2430
5220
44100
18990
1260
17190
68850
21780
65070
59220
54630
34290
70110
56970
22860
47160
15300
37530
15570
20700
53820
82620
7830
79650
93330
54270
14760
64980
49410
79110
86760
45630
31140
99810
3510
91620
24840
78390
37980
24660
90900
58320
85320
37530
72360
83340
12150
94860
45990
76410
39420
49140
60300
76500
93960
84150
56340
95490
60750
12420
68130
67500
25200
41490
53640
51480
14130
33660
62370
52200
53280
28080
6750
33660
2790
33210
18990
87750
20970
88740
43380
48870
50490
32310
1800
49680
69390
57330
14400
8010
98730
79830
95940
6660
41400
47070
24750
53460
48060
34020
94140
75420
19080
46350
6480
18630
20250
81540
26100
98820
4050
18990
91530
69660
34470
21960
62910
18450
96390
99000
1440
72630
41310
60120
89010
91800
87480
1260
81090
20160
46170
52380
23400
12960
64890
40590
18630
59760
21330
67500
13680
87480
99720
30960
81720
82170
65520
77490
58950
96030
59310
71640
43110
61380
52740
51210
32940
41670
24120
96390
85140
37800
91440
23130
37890
81000
38160
2070
52470
74880
21690
15480
96030
6930
18810
98460
60390
89550
88290
64710
41760
92160
32670
96930
28350
42030
36630
75960
78210
40860
29790
45090
91260
45000
25470
66150
57510
61380
8820
67140
51750
16740
95940
20520
19710
59220
85590
8370
55890
94320
46980
29700
50130
36180
85230
45360
9720
15840
73890
12690
16830
80640
17730
30510
33030
73530
21420
10530
1620
9540
66870
89280
49140
59400
41580
91710
35730
18540
50580
24930
9450
68940
55800
62010
58050
36000
51300
75960
42210
86670
46440
64620
16470
88200
47430
30690
39960
98730
99990
51750
21600
62730
32400
73800
28170
11700
26730
4950
66690
19620
25830
82170
59850
65790
69750
68580
43020
52290
3240
65700
51480
76230
19350
33930
62730
72000
30960
19710
22770
92700
8820
30690
6660
13230
27180
64890
62460
40680
26730
2880
86310
81990
90270
80550
47070
66240
59760
63990
63900
23040
24930
45720
49590
27000
65070
51750
810
83790
52470
34290
80730
72540
29610
89280
8190
2700
69930
89190
76500
30510
6570
97740
95670
37800
61380
62460
48060
78390
2700
51210
76410
89550
93060
94320
16020
33390
93420
53010
28530
90000
25110
69930
24750
8910
18540
72540
81900
10710
53280
86490
66870
72540
14490
29970
84780
51120
42030
62550
4500
39510
3870
44190
90630
8010
16920
36720
85680
12510
22410
4140
50220
83970
80190
51030
89100
14490
73170
27180
91170
80280
22590
58050
39780
16830
14040
52740
46620
30510
38970
30870
78030
53100
9720
21960
20250
64890
80820
18180
180
73980
89820
80370
56970
60030
14850
14490
72720
58320
71820
94770
6930
99360
52830
45720
18630
16470
19890
8910
69300
90540
31590
85230
86490
83430
57420
26010
19890
38790
64170
75240
39960
96930
1440
43830
35550
78120
37530
41040
72720
21330
4230
80100
91530
37710
92970
94860
55620
22140
42750
2250
91710
41040
98190
53370
10980
94410
70200
83160
15840
47970
16110
81000
63810
60480
21960
43740
53460
14220
35010
62100
50490
32220
48600
6840
93510
8550
7020
42660
88110
22950
55530
68670
17550
82980
86670
36360
68130
55260
80550
90270
77400
71550
42840
58320
4410
83430
63180
79830
6570
34650
57510
20250
16200
16110
71370
37350
37620
20430
21690
42390
94140
13140
8820
75150
10890
47970
87480
87840
76050
16290
9360
50400
59850
53100
70830
49860
47970
32580
90630
97650
9090
89820
29970
29250
59760
93150
96930
96570
75510
98910
69570
49050
23940
77850
42660
23760
58500
26370
44910
95040
34830
32310
83610
13860
83520
79290
92790
64710
49770
53010
70020
4950
23490
73170
4590
52740
24030
33660
39420
67950
27270
72180
11610
41760
48600
27360
80460
97020
96840
48330
39330
23580
13050
80460
77130
13770
11970
84330
62280
57960
60120
38970
23310
65430
31410
74520
90810
41940
52740
26280
80820
10170
58320
93780
33930
16380
5490
9720
13950
54720
72180
48870
75330
25200
66600
52560
58140
94860
74070
65970
75420
82080
26730
66690
91980
62190
78570
45540
95400
54810
81270
76770
51120
49500
72090
32850
75420
44370
63450
5040
16740
42930
28530
52650
39330
87210
73800
35640
58050
43110
4050
96480
4320
17280
11880
58410
88110
19440
22500
71190
89190
57780
78390
4050
73620
52920
7830
88650
41400
35460
78930
4500
53550
21060
89910
18720
1080
78390
38610
72540
11430
90
72630
16920
87480
91350
96390
1350
29790
47430
1890
93420
1980
92610
12150
54990
23490
40680
4410
34650
95400
60030
73170
45720
45990
78750
54450
34740
72270
56520
2790
94500
1350
9540
74160
31230
33390
74430
15120
21600
23580
68940
59130
43020
80100
4410
61290
88740
38970
67500
57960
10620
4590
14220
52830
3870
450
94680
36450
13860
29250
32850
83700
51570
18000
42030
81450
68220
81180
66330
71280
71460
94770
2970
76230
34110
64980
94050
58050
79560
28800
4500
3780
19080
14040
92610
45900
32670
17640
23580
32490
67770
18180
35820
82710
86220
85140
93690
36630
88740
11700
34920
42840
13500
92070
90990
50040
61020
13320
36990
45720
10080
92340
58680
54180
69570
84870
94230
26010
62460
6480
42390
60570
34920
32400
14490
22680
17550
39150
78120
66060
61830
4410
16830
52110
13860
3330
11520
4140
15480
50760
38610
70380
47790
48330
93510
73530
42840
93600
66960
94860
25380
61470
70560
93600
92790
48780
26550
55530
66420
29610
21330
83970
82170
50670
36270
39420
49680
65880
3960
5220
37890
49950
4500
81720
49050
85680
1080
79110
76230
75960
7290
21150
51120
83520
6300
85140
60390
20790
35190
66960
63000
91530
69840
37170
25920
4590
89550
46440
47700
70290
75420
93150
53550
21870
70020
24300
83160
26820
68130
18090
18090
39870
39600
9450
62010
14310
49680
88020
78030
34650
88830
87840
95130
33030
41220
81630
86940
92160
70470
4320
33750
72270
59130
98640
14580
32940
29970
41760
56250
90540
63630
45990
41220
4500
64350
27720
82890
46530
78750
38340
86310
30780
41490
55980
96570
7740
71010
34470
78660
99360
5850
35370
72360
47970
17910
52920
17100
86310
79290
50940
20340
94680
89910
94500
24750
70200
50850
19800
49680
1080
44640
92070
74250
49680
21510
23490
91260
22410
20970
77220
95220
41940
40590
77130
79110
24930
41130
79830
18540
46530
53910
10800
37350
85140
17460
55800
81090
88200
54720
16200
42750
91800
7290
66690
90270
9630
18090
16560
41760
43740
62910
54000
36630
80640
46980
25650
24030
52020
71730
22860
54000
83070
18810
86220
75240
57510
94950
96210
91530
39690
92340
87930
81000
3600
68490
30330
50400
36630
96480
9990
38520
14220
50040
13950
98640
92430
9900
75690
66510
83610
78480
70470
5310
71460
77760
95130
24120
63900
64350
17460
89910
85500
44460
68850
87030
28530
64890
71460
64800
80190
82980
25740
94590
22680
12780
26280
46440
71100
12420
84240
3510
12240
8640
70560
55440
15480
40140
70830
6390
3780
45360
89910
20430
23670
41940
54630
83340
80010
22860
90270
37170
87120
87570
59760
28350
31320
8910
4680
28620
41040
34470
12510
30780
18090
41040
82170
60930
270
70560
4860
97740
77040
77130
30150
51120
62100
82260
11970
67140
86940
20790
90090
94320
30330
93240
41760
3960
66330
25560
12420
33480
98190
29070
29970
14040
54180
97110
1260
23220
84510
35640
38880
21960
52110
81360
11790
20700
82350
6120
86580
8460
83790
24030
61740
87390
31770
94140
99900
89820
57870
2160
69840
40140
98820
27180
55980
82890
41040
93780
1260
27990
98460
6390
57330
51480
31410
87390
73530
13950
19440
32940
28890
99990
32580
61290
68760
77850
76500
23670
63450
32040
9900
74880
66780
93150
33930
30060
79380
22860
38070
89820
27360
12960
87480
16740
98730
92430
96480
26460
72090
13770
56430
64440
53910
41850
52290
77580
40050
87930
15930
95670
85950
86130
90
37890
56970
89190
80100
54900
3960
20610
37350
91800
66240
70200
38970
13770
57780
50310
29790
28170
73620
95040
92610
95940
97830
92160
2520
5040
91260
40770
40050
34110
64350
23130
81810
38790
52200
46080
990
12420
99990
23490
80370
97560
70920
52110
64710
64620
52830
3690
35640
50940
71460
65160
95220
33660
78300
70020
87120
21240
99810
88290
90540
78030
53640
94680
93510
99720
89100
5040
57330
91260
53640
4050
52740
30600
70740
87570
630
41310
1260
83700
74160
23940
41490
78300
64170
32850
40680
92250
99810
23490
42300
37170
9720
19170
54810
67140
35190
17730
29340
21780
75510
25110
35190
44910
9900
85860
32670
84960
77940
63810
9720
40500
32670
28890
77310
65340
30690
83520
18990
19530
92610
53550
56880
94860
20610
45000
20070
97560
31590
62550
88470
65250
72000
51660
52560
5760
6300
30780
5400
52110
43920
27720
55260
47700
3060
50490
67320
99540
73890
79830
94230
79290
63810
31140
41580
82710
25200
76410
49230
43290
89370
83970
64980
70200
96030
50220
67590
71730
79020
41400
40500
38700
35010
48240
30240
9630
81630
85230
52200
46170
20070
55620
40050
43200
23760
7380
39780
18090
71820
2970
41580
3780
61650
45180
19980
88740
4050
54810
55710
74790
5400
12870
43110
82800
42390
87660
51930
49680
7920
16290
82890
70290
27270
63810
49320
41040
10080
76140
37530
44100
22770
25290
48510
64440
48420
10260
47160
69930
95400
29970
77580
97650
15210
90000
53550
88920
72360
54360
8550
81810
11970
47700
53910
25110
70560
88740
36720
55980
9630
24030
63270
76410
51120
91710
18000
57960
76770
62010
32040
84330
9360
4680
90180
66330
70560
86220
35910
54810
46980
82710
19530
80820
86850
51030
90000
61380
96840
62730
78930
39510
80010
20610
90
89370
51570
6480
24120
10080
90
63810
38430
82890
8190
31230
51030
15840
52740
43020
89370
1980
43200
59580
54630
61380
58950
64350
93060
84420
14310
35820
2250
91440
16470
59580
90720
29790
98550
44730
24930
37260
95670
12150
71820
62460
93240
13950
23850
64170
63540
17550
61290
25380
58590
94770
88470
79110
60030
76410
54180
65700
86940
35370
42840
7470
2160
88290
42030
37080
55800
52650
72450
19170
64710
39960
28800
47880
26010
57870
66060
78390
360
36990
14310
70650
73080
14310
59310
24390
23310
16650
43110
80190
44280
30240
76950
19890
98640
3330
72180
59580
84060
41940
11970
68850
19170
94860
74250
10260
40230
66690
42300
18360
48870
0
85680
50130
70650
80730
4950
92790
47340
86760
84330
62730
94770
5760
88920
90180
94410
54180
16380
84510
19170
24750
43290
2160
40680
12600
29970
60300
9450
90270
23220
69930
72900
83250
72270
36630
10800
26910
40320
94140
97470
26280
89550
45720
99630
50310
39780
4230
10800
52200
94140
50220
37980
51840
19440
43560
45540
98010
11430
4500
34470
63900
87480
93150
20520
82890
3780
29880
39240
49860
1170
87570
33210
30060
33750
42570
6570
30150
92880
21960
59130
77670
71730
53100
72000
57060
5760
61740
76140
47790
98820
540
30420
77220
7200
41670
58140
88920
95400
99540
98460
32310
8820
1710
34560
66150
48870
65070
89550
46980
46530
9090
92880
96030
2520
87300
6210
2250
18900
72450
13050
88290
17460
62550
38160
91440
45630
40410
72990
83790
84150
40320
13770
2790
95400
35640
68040
62460
53820
86670
93870
9180
42030
77220
63450
35280
42570
33480
65250
83880
17640
58500
92160
21780
37080
48780
83520
53460
86490
10170
88470
44820
56340
60840
75600
92970
2970
56520
7920
19440
57600
92610
35640
70560
31590
33660
23670
3150
24570
55710
15030
63450
12420
7650
56340
48870
52650
48510
74970
51840
16020
74520
14130
79830
10620
75060
93600
43650
1080
42030
20340
16920
64170
20970
42300
69930
95850
66240
28350
67770
88740
3060
6480
4500
84330
81360
27630
82620
57150
30510
64980
74070
87480
61110
48780
85230
18540
70560
34920
84240
43470
56610
60480
77580
57690
59310
50670
1890
24840
28350
53370
53100
77310
30330
55080
75690
73980
95400
94770
1890
79560
85590
26010
33120
99900
34200
32040
12330
80820
76320
73530
59670
72270
25560
7380
64260
66690
16380
42930
32760
74700
55710
31320
45810
86670
55530
13590
54540
73620
18720
57420
18450
53640
76320
59580
9990
74070
87750
67590
16740
86490
9900
13230
92610
49590
44640
92520
65970
20700
45810
81720
64350
46620
81720
22590
91710
9630
24930
56700
46800
48240
10440
69840
94590
1890
15120
71640
16830
57510
61920
56520
88020
99450
70470
18900
810
38070
81270
63630
51750
12600
10980
74430
29340
78480
70560
1080
60570
80910
44640
94950
56520
46260
45270
73170
99450
30240
82170
5310
87030
88110
2070
61470
41400
270
63270
96390
86940
64440
33030
48870
44280
17820
6390
38880
57780
61020
76590
65250
64890
85320
99090
48060
54810
54810
36540
1260
28890
98820
81720
3690
46530
19350
2520
44100
90270
24300
64260
66240
26010
52020
23760
72090
99360
10440
24660
20070
62460
94770
76230
94950
10620
64800
30330
3780
41490
12330
1890
29340
4770
68130
5220
64440
12420
18720
10890
41670
43470
78210
63000
11160
44370
41400
98550
77670
60570
43920
35190
38790
47250
4950
93330
8820
48780
8730
31950
17550
43290
61470
85590
65790
3600
13950
34200
71100
27720
97560
4410
15210
93780
9270
98100
22770
78210
8820
5310
70740
31500
97110
75150
39420
61740
44280
59760
81450
11880
95400
38070
83610
11070
28890
95490
82440
72900
99450
18990
73530
61020
20520
17640
71640
53820
17100
56880
28440
43650
19530
30060
8460
58140
24750
45360
20070
80190
28080
51390
95490
76680
36810
37710
22320
64260
78660
36090
40320
40770
28800
96930
42210
90450
64620
68130
17010
8280
87300
34380
71460
97920
15930
64260
8730
31770
11880
76500
99630
7020
61380
93870
26730
19800
25020
48060
74970
96030
34380
14850
72180
98910
76950
81000
99450
49230
31770
58140
47430
80190
20610
4500
78480
43290
38160
8190
23490
9540
44190
10530
3150
17190
82980
17550
87750
4950
94590
26370
39780
17370
35820
96660
87840
98010
99990
34650
16830
39420
91350
2970
98640
55080
79110
94230
81990
21960
56250
51480
66780
5310
60930
80640
83250
540
90540
81360
81360
92880
87210
81180
95940
18720
38610
96210
61020
23220
20790
6840
58140
14130
18360
39600
69660
92970
72810
25200
56340
61920
6660
61830
5310
47070
47250
90270
28170
3960
84690
87750
65790
23220
96570
84060
72090
30600
31950
58770
97560
35370
54720
46980
53820
62460
82170
58680
42840
86940
99450
16020
15840
18450
59310
61560
56700
76050
28440
95040
89280
34290
51930
3600
34920
92070
26730
90
12780
98460
56520
99810
97650
88740
6120
30600
75420
68940
30240
22410
5580
66960
48600
82710
98190
53370
60210
91440
81990
10170
41850
81630
84960
73080
14040
54270
55710
70560
96120
1980
87480
88380
28800
37890
36450
11250
47790
70200
34920
99540
37980
56520
30690
58230
6840
90450
44010
58590
55980
28440
80550
72000
51390
30150
19350
50220
41850
78750
47520
24840
34290
56070
45360
28530
7740
27000
79740
97110
21240
58950
15660
73620
36360
45810
55890
49140
30780
17190
46710
10890
52200
93870
5220
97740
11250
33840
18630
65160
61200
99450
98640
39060
86130
31050
30330
46890
18720
51390
91260
39150
26100
13230
67050
55980
27720
41670
13410
16020
8100
73440
43470
4680
31950
18900
24120
28530
92160
7470
18270
78120
50310
36900
59940
92970
44640
95220
26550
86040
33120
60840
21780
21780
22860
49590
37710
91080
77940
91800
52020
21510
13860
17280
63180
56520
76590
88920
45270
25650
64260
96300
86490
1980
16740
87210
61920
93240
57240
35370
16020
15930
78660
23580
38880
92430
85500
54270
88200
81000
55260
31050
69930
69480
99900
13860
28710
37980
71010
75420
39510
46350
70020
53820
72810
990
2070
13770
58950
7830
44010
93330
58410
9090
28890
25920
79110
57420
8460
54180
60030
84600
46170
94860
47160
21150
88110
17100
75780
62640
5130
18540
63900
8640
79020
84330
8370
66690
94680
63000
78480
45000
22680
63900
37620
88110
86040
54090
75330
40230
34290
83160
80280
34380
59670
88290
10260
89550
73800
17910
1260
38520
93420
6930
22860
28800
64980
32670
63540
95040
62460
62280
17010
3330
97560
81360
69030
86760
27450
86130
19080
56610
51480
12420
91080
22050
81540
62460
68040
63360
85140
21420
75330
14400
66150
74430
33030
55170
47430
31230
5490
18810
24840
48060
74160
36990
8280
44910
55980
61110
95760
66690
94410
1440
36810
15570
16020
45180
9000
990
81180
96030
68130
47340
45450
52200
57420
94680
90990
87570
90450
24480
12330
67860
9090
35730
27450
59580
51930
53100
35100
74340
61920
16380
87390
45000
1080
24840
96390
25290
84420
4050
9180
34020
88650
10800
50940
14670
92070
81900
19710
91080
71910
39780
67500
73080
68040
58950
3690
13590
81000
56970
33210
80550
4500
14400
7830
40590
61470
38790
39960
48690
96120
61560
98370
74250
33030
43380
8820
27090
76320
47340
40230
11610
180
59670
83520
92160
29520
20160
41940
18810
14760
29970
15840
8550
60660
16380
56610
72270
17820
52560
70470
36180
21600
99270
24300
80010
38610
51570
82440
4500
82620
26460
40500
48240
47250
77580
46350
92970
11790
15120
73260
45000
53010
9900
73260
40410
26550
51210
27810
9720
64170
31590
86310