911 9916
63630
44730
15840
63450
28260
55350
76320
73890
98640
27000
88110
62640
85950
68040
68670
12870
25020
80640
92880
23670
73440
97110
14850
35370
99450
13140
61380
68850
27360
17280
8550
49500
43110
50940
28350
79200
14580
62100
23220
89190
69750
65340
7650
68850
61650
57330
63180
20970
17010
85050
36000
1710
98910
46890
95310
38070
33030
33390
61560
61830
61740
31500
78120
58770
94050
17550
50490
50670
23670
17820
73170
40140
77490
41850
7020
94320
2520
94050
82080
77310
57060
20520
56700
76230
17010
85680
32490
27810
53010
79020
71280
47700
6660
28710
720
33480
23760
73620
59670
42570
28350
88650
59130
38340
49770
45810
98730
49590
68310
15120
71190
39600
73350
53460
67410
44100
84420
95940
20070
31770
63450
73980
47520
22680
15840
36720
54720
70380
65070
52740
72450
80460
56520
50670
72450
77850
61380
10890
45900
270
13860
19530
98550
64890
14130
44010
24210
18900
32400
41130
49590
3960
6570
78030
56610
78660
6210
4230
31140
84510
35100
53730
95850
23940
28710
41220
92070
14760
66240
78930
3060
92700
11610
36270
12240
14760
16740
24930
49950
59940
79740
71370
28350
19170
28170
47700
90810
35820
12510
46080
49320
23310
56520
46980
60030
84150
49230
7380
65790
45450
57870
77220
13410
35280
65340
18450
81180
86580
34650
52200
70650
67770
71370
28800
23850
24750
42300
29430
83520
76680
450
65970
28350
2340
1350
20520
42660
9180
29430
60120
49950
50940
74790
4410
7740
93960
96750
0
80280
59760
71010
58680
39690
72900
75960
23130
47790
25380
27720
84780
57690
46350
59760
27180
77220
64980
59850
66780
98280
86130
41490
1620
46350
18180
28530
84150
45810
56970
29700
56070
59220
52110
74520
25740
0
81900
16290
14490
58950
13230
56610
50850
98370
20430
79290
21330
76590
18180
40950
16740
38160
1980
43200
91530
62190
270
35280
66510
21780
26100
94410
31140
70830
76680
23580
37980
20250
72990
63630
52110
47970
27810
49950
49410
92700
60030
83700
81360
43020
34200
28800
26640
33840
13050
33750
67230
65070
19170
46440
57420
14310
4950
17190
30510
23940
5760
92250
33930
81810
6930
42570
6930
23310
47340
23400
1170
5670
9810
21150
27720
69660
54360
14490
17010
26550
17370
87480
58950
23940
65340
46440
54540
60390
73980
23940
21690
44460
29790
78480
71640
81810
15660
50220
58500
65970
6390
99090
40950
99720
36810
66150
56700
41580
90990
20610
54900
37080
72810
91260
6660
30060
73440
12150
64710
15660
79290
81450
73080
11070
99720
28800
98640
46170
36630
50580
11700
35280
31500
10080
76230
73170
24390
60210
95040
9180
98100
85410
89640
92700
45720
22230
89910
89370
87030
15300
89730
58680
86220
16560
36000
45720
54630
26460
53730
73170
17730
24120
19530
84780
24390
81900
53460
89460
78930
53010
88020
58950
93420
16560
25650
21780
86130
31770
3600
93600
39330
82710
78930
48690
89730
91440
59580
32850
62820
14940
37710
5940
17910
20610
74070
12060
77760
69390
55440
17820
84780
20880
55440
63540
78930
82620
26010
14220
71910
66060
52290
6030
68400
66690
47430
0
64980
21150
51390
73530
69930
27360
60840
10620
7560
15300
85410
11790
41490
11340
24750
61560
16110
28980
79200
12150
50760
98100
26910
1890
30240
63810
87480
42030
40320
66960
88200
34830
26550
12600
44820
97200
24660
64350
6030
27270
28170
92700
95850
37260
33120
1080
83070
2520
21780
28260
54990
29880
64170
27450
20610
53640
88650
72630
34200
79110
80910
19980
3960
76140
64800
84150
4680
27990
88020
9630
3240
67770
9180
1170
66420
25830
67230
29430
97830
78480
5850
24930
61470
79200
54540
73620
28800
36270
1800
1890
59040
23760
10350
23850
43380
23490
9360
41040
94500
88110
78750
85230
79200
81630
98010
53730
10170
67590
2340
17190
43380
40680
29250
42660
77670
78210
47160
41220
72000
72990
89280
31950
79200
56790
14490
28890
23310
98910
70380
83700
37710
34380
2610
24840
81540
26280
9180
21510
79020
81810
48510
37800
66780
64440
65880
86220
55620
84330
98280
64170
35370
77220
87570
76770
8460
96030
29790
47520
15660
21780
58230
74520
59310
69210
48240
10350
2610
59490
30600
72540
99540
24570
16200
22680
29430
81090
16020
58590
6750
38970
37980
86220
25110
30510
40770
10620
86130
1890
55260
47160
81000
9180
18270
98910
67230
86940
19620
44190
43200
81090
48690
38250
69930
96840
52560
92610
84690
17460
64170
86400
51480
66420
96660
57690
46800
52650
96390
37440
5580
69030
44280
16650
88650
90090
60570
83970
57600
75330
77580
89370
67320
65700
36810
43830
71640
80100
10800
18540
82890
67320
83880
77490
21330
10980
47790
49320
79470
99990
79830
63180
22230
11160
91890
69840
26370
32670
2610
70110
52470
22140
6390
5130
42930
25830
52380
40230
7560
94860
42660
86220
44190
27630
94320
83160
17730
22320
58950
78210
68850
85410
33840
23580
35640
46080
45900
60120
86670
45540
45360
44010
22140
74520
79290
67050
78390
53640
52200
21330
65340
20160
8730
16200
21780
44910
72270
66150
37350
43560
18720
55620
62280
25830
39780
60840
88470
87570
3060
2790
40770
56700
38520
73710
55620
9000
86940
24120
30690
81270
44100
30240
81900
50580
18450
15930
96570
13320
7290
72270
71190
51840
45990
17010
38070
49230
76050
84150
46350
17910
8910
27000
29880
12960
10710
82980
34380
30780
45630
20790
33930
89550
28530
28080
38160
52200
96120
90990
70650
54090
40590
64530
87660
45630
17640
64350
95040
63900
67590
360
51030
5130
72450
94860
16560
6750
19620
4950
57510
5220
99720
71280
81990
8010
28710
14850
7470
3150
54810
23130
83610
69570
1620
78750
65160
36000
71370
7110
47430
83250
10800
68760
96030
66510
51570
40410
61920
1980
6570
4500
1620
86130
13590
43560
47430
13770
79380
74430
2430
65880
90000
64980
92700
88830
90180
65700
55260
51660
78120
12510
64440
85320
33300
80370
10440
98640
44280
21510
14040
43830
85680
94320
66870
27450
19980
77490
98640
46800
78930
13770
45180
93510
59670
36360
60030
31140
97650
43200
98100
11790
68490
18540
80370
77310
30150
40410
10350
66330
90000
59400
32040
81000
63360
38160
45810
53280
38880
76320
58230
43020
86580
37080
95670
88200
62820
38070
15390
33840
32850
78030
67770
5220
90990
59580
74790
10260
2700
74250
91890
70470
15120
60120
66960
74070
55710
25020
97920
78300
3330
36900
74520
33570
15390
30870
13140
16290
8460
4140
19440
91350
31680
67590
50580
23400
31140
44910
74250
52920
99090
13590
71190
61380
72810
19620
89100
720
83790
48060
41940
53640
8910
53460
39330
85950
48330
69750
5400
98460
41220
72810
64890
30060
90720
66330
55710
39960
45540
11430
5670
60660
62010
11880
91440
46170
7380
19170
47160
1530
36000
52200
30510
68940
17370
97830
35010
55530
94410
98100
1710
7020
34920
630
23310
62010
56430
23040
61830
52380
10980
74790
56430
12600
75510
61920
33300
72810
77850
60480
87300
10620
10350
22140
63900
26460
32310
91440
1980
42930
66510
19440
87120
49230
47520
88110
46350
60480
92070
41490
52650
64710
68040
27540
18810
76320
13500
3150
42570
33930
87120
12960
81090
35640
96750
86580
22410
28530
53280
93150
38610
55170
21420
50040
77130
55620
99990
30420
25020
74520
6840
78390
40230
54270
73710
80010
79290
60120
67950
10440
73170
54090
24210
67770
92790
76410
51750
62370
36810
5940
31860
70650
55980
34380
67320
78030
32130
66510
33210
23310
630
7470
53370
63720
49230
81540
93060
53190
40050
66780
64170
34470
20070
44190
29880
13410
4950
72540
43290
21240
94860
45900
48600
94590
63540
7110
50400
24660
63540
28530
91170
99630
47160
70290
2160
17100
92970
25200
77040
900
87480
9000
97110
63180
35460
22590
79830
29790
95310
35820
89100
43380
30150
50040
5760
83250
89190
80010
82890
66510
7740
27630
76230
93150
45180
60210
75240
24480
50760
97830
76140
98100
68760
37350
75690
19260
31590
45270
51030
26550
36360
89370
22770
88560
74970
95220
36900
76500
89550
82440
53460
10530
2520
55890
70830
12420
47880
69840
74070
51300
16470
71460
32760
99000
70560
630
5760
41580
58320
38700
2070
45450
38520
55980
59310
92790
9000
8280
70920
7650
75960
50940
77760
51210
68400
51030
22230
47070
47160
79470
39420
66870
47700
88380
69120
28800
46440
25740
70740
24480
21510
77130
25470
41940
3240
68310
78930
74880
20430
52560
31770
9810
39420
7920
31500
25470
82800
26910
45630
50850
11250
33120
9450
52020
49860
11790
29250
71370
58410
78570
3690
73890
79020
24030
73170
47430
67500
33750
24120
52650
66960
91620
86940
39960
70650
34740
71820
32220
98640
77400
97830
76410
88560
9720
35190
71640
46260
51210
20970
4680
51750
44100
58770
92520
49410
59220
83970
54990
6120
16740
26910
76230
70650
4230
77130
57600
11970
77580
48150
25740
40860
84330
50130
62730
32040
13410
61020
42300
40770
62820
89190
44100
77490
80280
35370
87390
99540
95220
36540
40860
57240
28800
98370
23400
5850
35190
23310
96570
51120
55800
21060
89640
69300
35100
10980
61470
44280
30510
88830
13860
31230
61380
70110
27180
1620
11160
37800
79920
68580
81000
66330
29970
77850
61200
6390
69480
72450
67590
31230
18090
95490
83520
86760
46890
88290
36450
89730
22950
19890
31410
50310
56790
52650
98460
58680
36720
90720
82980
77760
9990
67140
9450
6480
17280
50310
24930
7560
3420
54990
80190
53280
21420
25740
20610
10620
74430
77220
79920
42390
53010
81180
74070
94860
72090
12870
87570
6030
54270
37800
90810
45630
13230
86580
86310
70200
76860
56700
70650
12240
55710
27450
65430
75690
8190
18720
62460
23400
86040
31320
34560
97830
47970
72000
92700
94950
87390
70560
88920
81630
88650
40230
45810
36540
78930
20520
27450
50130
13410
91620
12240
21240
33120
17730
38700
2160
98550
42300
47880
62730
78930
95490
27090
8550
93330
57420
45810
62280
60390
13230
95040
59940
71550
18540
63990
83520
70290
25200
47700
32130
19350
24930
53460
37440
17910
79560
91710
70290
24390
52470
83520
78300
98910
7560
60030
59310
3960
15570
23130
58590
16560
95490
17190
64620
61470
84690
67050
85950
49320
56880
50490
60660
15120
45990
61380
62820
48240
71550
9000
24840
75510
67500
25020
44730
56070
7110
87750
71100
23940
10170
32310
24570
58590
45450
35190
23940
49140
16200
83700
52560
56790
630
7020
72720
74340
81360
34470
29790
75420
42480
55440
61290
39420
58860
9720
32760
79200
85860
82710
77760
67680
91800
88110
45450
83700
93420
72000
60480
1260
41940
16740
95940
61830
34200
73710
86760
57060
10980
34200
540
66600
58770
79380
36900
10170
51480
40770
76860
32490
28980
8280
97200
46710
43740
15390
65340
15660
88470
21150
25740
9810
83430
36270
93870
12060
85770
26280
24210
83070
12150
71550
12780
45450
42840
3150
37710
38610
6570
92160
18090
83430
80460
66150
8280
41400
91710
28170
46440
26010
9630
75330
71280
55350
89100
16290
50400
33840
80370
59760
25920
1530
35010
67590
27810
42210
73170
64260
61920
84510
85950
89190
99810
31410
38970
360
26820
24570
33030
48600
33030
88920
60480
41130
18540
56250
17910
12510
54900
3780
49950
88110
17820
70920
68850
71190
60120
25290
69930
2070
40950
30420
79470
68580
74070
69390
70200
98640
7560
23040
36810
96210
44550
49590
68940
92700
1260
44640
63270
31590
34110
20340
37350
14850
79290
5220
27360
42390
98190
70560
14760
67050
74610
9450
66600
77850
65340
94770
40860
43650
27720
20160
88830
31950
10170
68760
68220
55080
8370
74430
79830
79830
75150
53550
19260
4140
2070
16020
1170
18270
22230
59940
91620
48690
66060
24030
71460
32850
68400
13050
52560
70020
61380
1260
33480
64980
51300
29610
8640
32130
1170
76500
52110
60750
80550
72450
63090
1530
11430
30960
39330
58770
30150
86940
77580
61650
96750
5760
13770
78390
27090
68310
92160
56340
77940
81270
68040
78840
93240
56070
23940
67410
76950
21150
20070
90720
4410
71370
48780
36180
34020
60120
41040
47790
31680
27720
76500
24210
36450
8100
45270
8640
94500
64530
12060
95310
35730
17640
37800
1890
18090
96300
72270
61200
60750
37260
99720
81720
53820
88110
64710
99270
91890
37620
73080
95850
59040
3780
46350
90000
32040
23940
53370
64440
12870
30960
30780
43920
62190
88830
16290
90090
19440
69660
89910
68310
81180
92790
74790
63360
1260
82440
99180
80010
61650
23760
57960
11520
58050
65430
61650
24120
64980
30690
15840
53730
20880
46260
27270
63360
70650
35730
23310
31410
33480
73710
52200
62910
3960
30870
49230
92250
90630
48060
17550
28170
87030
31230
71910
81270
65430
6750
95220
20340
25110
11700
25020
60480
59130
3690
37710
74430
90630
54270
12960
8010
37170
67770
68400
87660
11790
32400
61920
78750
99630
52650
32220
6660
20880
57600
17820
71370
7020
64350
67500
63360
93240
24570
81900
87930
58320
64620
56520
84690
81270
46980
20880
47520
18450
88740
33210
38340
51570
15300
37710
22680
67410
11340
32490
49500
64710
21960
62550
80460
83520
52110
64800
44820
20160
39510
90810
17010
91710
98280
52830
54180
98190
54990
8280
53730
4500
22140
91080
10350
56880
14580
44100
7470
38790
49680
43560
77130
1800
8550
54180
8730
47610
62550
31950
82620
48510
30330
31410
65610
8010
3240
77850
720
36090
71010
74790
92610
86760
2430
33030
20790
65070
77490
5670
72180
3510
9540
47070
71550
63450
31860
9810
67680
74520
48960
78210
24570
63900
37620
41400
40230
83790
38430
27090
70920
99990
51930
29070
90630
90180
57330
72090
4140
19170
84330
47250
36810
75330
34740
74880
98640
82530
98190
46710
4590
45990
37710
29160
49860
9360
45360
48240
78930
96390
3150
37350
86850
43650
17280
29700
72090
44460
20970
30690
69480
27630
3600
50490
43560
96030
48420
24030
75420
71550
40680
49230
44460
1170
91980
72720
31230
78210
84780
91800
39780
94410
43020
4410
75510
54990
31140
27180
59040
28710
61560
8010
98730
35910
92880
68040
40770
86130
45990
83430
64620
29520
90900
81630
36990
67320
35100
5490
90180
75510
48960
1980
30330
61560
81630
57870
94140
29340
75510
6930
9180
36630
40770
33840
86310
28890
76680
48420
11520
9720
7470
89820
61290
35820
20250
70200
38970
45900
12510
38880
72000
80010
87570
55620
12600
59940
26100
77400
44100
35370
6480
96300
10890
53640
56340
12870
18900
20430
59220
19440
76770
80730
3600
94680
32040
23400
72630
51750
46890
61920
93150
15750
34470
53730
37530
89370
74790
47070
56070
43920
7020
79830
8820
68490
1710
65430
83250
52920
59310
8370
40410
65340
76590
32760
5040
32760
37350
20610
25830
85680
11430
15300
12690
38610
38520
78930
47970
52560
98370
99270
11430
89730
74340
66510
40050
6120
1620
84150
1980
62820
82890
2070
58140
30870
90090
88380
70200
79020
27810
45720
21870
81720
74700
34380
71280
59130
67860
62550
86220
72720
90720
99090
51030
12420
74070
34920
9990
99900
49140
94320
72270
25920
47160
65880
49590
55800
70020
50490
94050
58230
81000
93330
60300
43470
35100
52110
92070
38700
56520
28530
12690
53910
87120
44190
94410
20070
15750
25470
810
85590
86850
49230
74880
38790
43110
15390
65700
36810
32490
88290
90900
59760
19170
92430
55800
64980
18450
84690
49950
10980
42660
9000
96570
40230
15930
17910
13680
26190
48420
18000
99540
96300
99360
15480
65160
23940
10530
45360
75510
71460
3420
57510
80550
19170
60660
900
65070
81360
15660
66150
48240
20790
41670
6120
70200
46440
40140
76680
50850
50940
37980
27540
58500
81180
42840
29160
18270
63900
53100
37260
82710
63990
44820
64890
19530
61380
59760
51030
6840
8190
2160
54000
83340
69930
36450
6210
39330
22500
9720
11070
51930
87300
92610
66510
45000
56250
30510
28890
69390
56970
58050
74070
49590
47790
89280
47340
58230
80190
2160
16560
15840
3510
3060
71370
53640
41400
42210
87660
66870
91260
35280
85590
22410
39240
5490
28890
98370
45720
7200
68670
24930
1710
29790
38340
69930
50670
33660
60840
76680
55260
3870
81720
92250
65970
87390
76590
49500
74160
49410
46260
54000
12420
84780
76860
95130
27090
6120
77670
28440
42300
63180
74340
6570
21600
18630
29340
5310
9720
24300
84420
77310
180
71820
30780
46890
63810
16020
47160
7290
69570
51930
90360
9990
43650
20520
2160
6570
60660
42570
71280
8460
43290
99450
8640
35370
76860
65790
8820
96480
57240
17370
30150
80910
30780
39870
60390
10350
25830
30780
36000
45720
8190
98100
7740
22770
46260
61650
12690
14490
72000
14490
30870
2160
37890
80820
26640
720
15570
58590
18180
43920
94860
18810
46530
77940
67770
20700
64530
19800
78660
38070
48240
36900
12870
19980
1710
47250
98820
49500
93420
38970
6840
58320
66870
10890
43740
85230
45270
66150
86040
27630
53820
57150
34020
74970
15480
52020
29070
24300
50130
23670
8460
15750
40230
3240
4050
70290
37260
78120
30150
6390
40050
76680
93690
2250
27720
53280
34470
98190
54000
11610
50130
42120
16380
78300
93240
63270
2340
83520
37710
1260
39420
9630
12690
54270
32760
6210
78930
88380
78120
62010
79380
20340
69840
10080
63630
85410
7470
3150
23940
8730
40860
21150
54450
47610
71280
2340
60570
18990
39690
59130
99180
92880
97110
86310
47250
97650
32940
810
23220
75690
36360
45090
27450
76950
66600
24120
65340
70200
14490
72180
37440
53010
61020
37530
68310
37260
45000
77400
6480
93240
99090
28080
40590
82350
19170
76590
98100
59580
97740
91530
6390
56250
46980
48870
39330
7290
99990
53820
7110
95850
84510
69930
20970
40950
46710
45900
36810
43740
68310
80640
3420
96120
20700
57960
18090
31860
74430
49410
68850
59220
48060
85320
86040
38160
7560
41850
50760
88650
12690
58320
13590
53280
89280
38250
93510
20430
29430
47790
98550
31770
40770
63000
92790
37080
54990
40680
51390
5670
35640
31320
95580
56700
77310
39780
76230
3780
84060
36720
63810
81900
26730
16020
14040
62280
88650
64980
6300
78480
42930
18810
74340
26730
87030
34560
68490
79290
72000
22860
75240
33840
6840
19800
6750
45360
59040
75150
31410
2250
97830
52470
63630
93690
11880
14400
79560
94140
25560
24120
92070
98910
40230
41130
33120
38430
90
66780
61740
63900
44640
63180
44370
57960
21150
84600
86220
81090
57600
18540
51930
94860
19440
77760
21060
1800
26370
51390
83610
88740
4140
30060
16560
15390
65250
18630
15390
2610
99180
76860
72000
44010
7380
30960
55980
1080
37260
36900
81180
44280
30510
95580
98010
45540
67140
26460
89910
66150
36630
26910
8010
20610
69930
26100
25650
3240
76500
6210
76860
9360
8640
93690
91260
89730
8550
79560
25020
81090
22770
80190
34380
80820
6300
69390
58500
46350
39870
43290
11970
84870
65970
48150
67140
21240
42660
66780
27720
61200
68310
91350
5580
90270
28800
9000
84780
15840
52920
17640
88650
88920
66240
39240
35460
66690
91530
58320
65160
94680
82260
74160
36450
79470
46260
85590
67140
74430
44190
93510
12780
76500
24210
13410
27720
97920
26640
8010
66870
720
7920
90090
31230
79740
38610
4950
68220
74430
25830
59490
31410
46440
88470
72810
70200
7740
72810
74070
87570
70200
78930
12240
88290
15210
18450
180
30690
26640
88830
77220
1350
32490
42480
12330
25920
43470
48870
31590
16290
80550
48420
94320
40410
88380
48420
68220
72360
35460
51120
2340
3420
68490
64170
22500
48870
61290
81000
54000
13770
86040
19800
65970
89100
14850
25920
82890
70470
98460
83430
11070
76770
90090
76950
9360
35910
360
42390
83340
80370
79380
25110
18270
77490
64080
47160
87480
5130
45450
73800
97650
59400
86490
73350
65790
91080
85860
20340
88290
67500
94410
34740
45900
5490
48510
84420
78030
39960
30240
48510
97830
37170
27720
2160
76140
76950
36630
22230
58230
70470
7200
7020
35100
74970
60120
52560
3960
4680
17820
46260
66690
51930
52470
64440
62550
88830
62460
23490
9090
5670
89910
21510
21240
14490
45360
45180
67680
18630
65610
21600
45270
25830
60480
82440
83970
52920
8730
93420
52020
79200
23760
25020
89280
56610
360
74070
45000
36720
87750
33750
32580
98730
10620
31500
79020
29160
24390
23940
25560
21510
79200
48690
1440
47340
49500
10530
49590
58320
88830
54180
88740
97020
74160
43830
26010
94410
22860
43290
70200
93690
6120
37890
1710
25380
63000
76590
30870
36540
70740
30870
34560
14940
17010
78840
52470
57240
14040
9360
88560
62010
84600
66870
80010
74700
32670
35460
9810
96480
28710
79740
3600
90360
33390
68220
94590
4050
83790
25470
88650
80460
23760
95400
2430
19350
83430
43740
70380
75780
93690
95220
94320
30150
66870
66600
44910
66150
82710
29250
58500
21960
18360
65520
6300
54810
29880
5940
94410
84420
43470
79380
63090
70740
11340
47880
810
1710
2700
29610
95490
37260
73260
87570
54360
19530
12870
57690
34830
78570
92970
64170
92700
9630
99720
33840
78480
97380
72900
13050
62280
2430
94860
10980
37620
58860
21420
10350
73350
2970
29970
84150
1170
18630
67770
78930
31860
5130
11880
35460
35730
11430
95490
10530
21960
16380
53730
94320
56070
64800
29430
20610
98820
92070
21870
20610
76500
82170
75330
15840
47070
77760
19890
36090
29160
24570
16290
22230
95400
10530
54000
83790
35100
7020
22500
41670
96390
40590
44730
14220
59580
55980
57420
8910
59760
55440
540
50760
69210
19080
20880
74520
77490
53550
27090
33840
18540
98280
6300
62010
66870
810
29430
74250
82350
45180
43920
76860
99270
86490
51210
72810
5850
54000
8910
73980
48240
67770
35550
52650
29250
70920
20340
36810
87300
61470
86760
42300
75600
85050
19980
19710
65700
95130
97560
38610
10530
16830
84150
7650
65430
9450
29520
36450
180
55260
92790
630
36630
65070
13500
26370
79110
54630
40140
19080
75510
24300
18180
19260
30690
63630
57510
3780
10080
79650
57510
92520
71460
44190
45990
77940
50400
15390
66690
86940
44190
53100
36810
7110
58950
10890
61380
51300
51210
8190
53730
28530
77580
9540
13770
1260
94500
67050
38610
22500
4860
93420
74070
28980
39240
54000
35730
26550
15480
29340
8100
94140
34830
12510
19260
34020
91530
43380
67770
71460
55530
23040
54090
81900
41580
44460
82260
67050
6030
45630
52920
34110
35190
18090
13860
40770
36990
48780
80280
74250
34470
11700
39330
72270
76410
82260
63450
77220
60390
91530
49410
49950
89460
9630
25020
22680
40320
41580
68040
39600
45540
47970
95490
58140
97290
50220
93690
2250
22140
81810
69120
9180
99720
360
68760
45810
66510
81180
49230
39060
2880
41220
50490
53460
49500
84600
37710
63990
97560
540
11520
37170
97830
64170
75960
19890
22680
89280
30420
60480
8820
2520
77040
48690
35010
41490
69210
80010
90360
1080
4500
7830
46710
54360
12780
13950
38250
14220
29970
13950
18450
36900
45990
46890
40950
15750
98010
41850
84690
69030
58860
38160
6930
31860
80910
49050
44370
83700
21780
92970
52200
29880
39060
84420
5220
0
72000
65520
46080
27630
71190
72090
50040
78930
96480
95940
63900
63630
46080
47700
87930
17370
60930
26730
52740
9540
23850
39420
66240
53100
99630
55710
8190
88020
23040
53820
13050
15840
50400
32490
4590
89550
85950
70650
1710
44010
14220
270
64080
57330
7020
54540
74340
40230
94950
78840
20520
73890
47430
84150
49950
31230
42840
22590
64980
3510
78300
33930
53730
50040
80730
79560
66960
33120
14220
49050
2340
10710
9270
58500
48330
75510
17910
53730
62280
20880
92160
95670
9360
12960
40500
63450
7560
50220
48870
52830
61650
97110
51120
15120
26550
92160
54270
85770
79380
66150
44640
59040
56700
31140
4230
94410
86400
22320
85860
4050
28980
96570
42030
30600
71550
24930
12330
990
42750
94680
83790
38880
5040
72990
37350
9000
32850
22860
41850
76950
35730
72720
5400
54180
41400
51750
10800
42570
67230
23310
93780
9720
75420
94590
49950
24930
1350
12060
29430
67230
53730
84600
61470
62370
83970
11790
7110
25470
73800
65250
3780
21420
65520
94230
18540
70830
75420
40680
38250
80190
7290
30600
11430
94050
77310
64800
28440
46800
82710
68760
52560
35730
89190
68310
53100
78750
16920
85410
59130
64620
28260
80910
35640
48420
31140
25560
36540
40410
38880
7740
4050
42300
3330
5130
93510
29790
8910
23760
83070
34740
98730
90000
99990
24840
94500
47070
83430
63540
90090
87120
84600
99180
82890
20610
9900
94500
84060
72990
64260
44730
50850
62730
51120
39420
71100
70650
35550
67500
34110
74520
31770
59400
75600
4680
4680
60930
59310
81270
30510
67770
9720
64080
97290
5130
360
48330
12060
23940
85050
58230
91440
18990
4860
4680
59760
68400
88380
2430
81360
71370
79740
46980
76950
57870
64980
35550
91440
53280
6030
88470
25560
77220
810
5310
41850
82080
89280
62100
22500
70740
30150
59400
88380
40500
49680
81450
27450
80370
12060
44820
70290
19620
58140
52020
93870
76770
83700
38250
1260
54900
11880
31770
88740
79920
16110
96840
43020
94950
21150
12960
89640
67320
93690
83700
1980
50220
53100
19620
23670
48960
79380
92430
53370
50400
21150
66960
24030
94050
19980
39960
13770
51030
88200
15390
3330
30060
99360
77130
6660
39510
81990
12330
53640
19530
720
67860
0
7560
17190
97920
60750
45810
53550
8460
39150
88740
70470
88380
97110
40140
54720
81900
2340
91170
60480
81450
90090
99900
72720
20700
65070
10980
8100
34920
16830
71190
10620
30600
74610
89820
50850
72270
33930
65160
1710
53910
5220
68040
70830
63270
12330
43830
58770
67050
86040
25560
65250
48330
94770
63090
76680
76950
10080
9270
5850
29070
94230
73260
72990
33480
0
49140
5220
26550
92340
91710
70650
16110
62280
76320
85500
30330
39960
17730
59490
33660
76590
27630
25200
92520
67320
34200
27090
59130
83700
23490
80910
15840
24300
14040
46080
10800
10080
99270
75330
90090
48780
33030
23670
65430
58410
47250
48780
57780
88560
900
14490
17010
45090
45090
56340
72900
61470
5310
21150
9540
92790
49590
92610
75060
80460
30330
75960
76680
90000
36450
66060
62820
88920
16470
15570
37260
89910
20970
26730
450
16200
63990
6120
92070
11610
6390
51570
20610
55080
81900
5400
10260
83250
52650
68490
22320
23850
83340
68760
900
6840
9000
98190
10440
51570
15750
42030
84510
32400
70200
97830
8460
65070
41310
57690
7920
2430
13950
57600
41130
6300
39150
39690
36630
15750
72270
68400
62190
16560
52110
15390
3060
33570
28890
50040
73620
85680
75600
29160
33750
26550
54900
85500
76230
99720
4500
18810
86130
15660
83250
89550
80100
28620
97560
26820
88740
59310
52920
14940
67050
98550
94590
81180
51930
19890
10080
25020
1890
58770
18180
89010
63000
33570
84870
3780
59310
51930
81540
27810
36270
26010
84510
58860
43380
74790
75060
53280
69300
62550
77220
62460
51300
16380
51210
96840
99900
71730
49140
51930
52920
89460
26280
35640
56340
10710
37890
53550
24210
32400
10530
29790
57420
79380
76410
68220
59940
60210
9090
9900
95580
96120
94770
47340
73080
67500
45990
49590
71100
81810
76500
3150
7290
69480
94230
4140
15120
15840
77310
21420
35460
9090
84510
57870
47520
2430
3600
68850
18180
19260
41400
75240
70290
43830
44910
87480
41400
30420
24660
54270
56880
88830
72540
93870
45000
69300
33750
56250
90090
98910
72090
78660
66780
48600
2880
72000
16830
82530
74790
89640
65160
51660
99000
12060
60840
74340
59310
11790
34650
60030
34200
80460
85680
14940
90990
52740
31590
16200
900
2970
37170
79290
2880
31320
57780
39510
97380
93960
59130
35190
28440
79830
9540
59220
29250
55890
46440
20340
7290
67140
8460
30060
63090
53280
66870
49140
90270
35550
30240
69300
14670
59670
69120
30510
35100
14490
80730
93060
78930
21060
80010
39510
87570
70650
20880
48960
63990
4230
48600
52560
30060
76320
90
55890
73350
20880
86130
24570
29880
2880
97290
18000
78300
46350
43920
75060
98820
77040
74970
34650
89640
43200
58320
22680
85500
66870
82260
8730
88560
60480
19080
77490
71280
98100
62190
60120
5400
96930
96480
9270
71730
70200
25560
39690
27000
71730
17550
73530
20250
79470
27450
90180
45450
27720
51210
4680
70650
40230
72360
37350
9270
76860
81810
65970
96300
14670
87750
50220
25470
65430
54810
91710
20970
36720
34380
31320
74970
12780
19710
34020
47970
55890
66420
66780
49230
92250
18720
85320
99810
14760
96660
38430
60750
86040
44820
74790
62010
5490
85230
93150
33390
72540
74520
28170
60390
22320
17100
26820
70740
53460
21150
59580
95400
15840
21690
21150
6750
45360
51840
55080
42390
87660
85500
11430
6390
33750
86220
38430
81360
74610
62190
74610
85770
5670
62640
22680
20250
98820
71550
48150
7650
71190
70650
28440
45990
17010
72990
62100
79740
19710
65520
15750
25740
79110
77130
1710
47970
90720
89910
70110
73260
44010
18090
43380
35640
79470
24660
20250
31050
34650
11250
7380
57060
35820
65430
52110
51390
99450
85050
28980
70470
82620
26730
9000
34650
26460
91710
29070
47700
83160
8910
89460
59850
27900
81090
87840
70290
44280
70650
45630
73800
55170
15570
90180
38790
61560
51570
19080
80010
66690
11250
13230
50940
50310
46350
82800
47610
80820
87570
40950
59940
17370
19170
77850
95940
14310
92340
52560
70110
32850
68220
8910
92340
44460
28530
19890
90900
48150
38970
34560
83160
93150
8910
29790
62010
40140
49050
89010
77940
91440
12600
15210
70020
95760
32400
70560
99270
80550
57870
28710
64260
68760
95670
6030
89100
78930
85140
33210
95670
65700
96480
91890
36630
57060
62820
58680
81810
41940
70290
28080
39690
32400
91800
92160
60570
68670
15480
16560
52920
80100
41400
65610
55170
20160
90900
6750
12150
31860
8370
95130
92790
29790
35370
31950
46170
72450
67410
49950
84600
26910
36630
38790
58590
31590
17820
99360
88650
54360
9180
71460
49410
92610
30420
30240
11250
6750
42570
31230
26280
93150
62820
91530
83070
35100
20070
76140
62460
46440
3690
64530
98910
72990
85950
72990
8910
43920
4590
71550
12600
7020
96390
19800
9000
97560
9810
70020
93150
59220
9540
33930
57510
71730
34470
84240
60750
66780
17370
50850
15750
3330
84150
49680
98910
71640
8280
29430
50670
16380
21420
25470
88380
59130
17550
65610
38160
61920
71460
58590
38970
97650
39600
50220
87390
81090
3060
90000
46080
59220
79740
66150
34650
81450
30420
14580
19440
41490
82800
97020
35550
36990
33840
88830
66960
32850
43740
90180
87930
25740
89280
50760
74070
36990
34740
13500
98910
39150
1440
92610
26550
33030
68670
56070
83430
85500
39780
63000
71730
69840
70200
85590
21060
91170
10530
20790
32580
47970
21780
46530
86490
2790
36990
39600
80730
18360
12510
83790
30600
59760
74160
0
17100
16380
84870
86940
19440
31320
72270
97200
23220
24300
33930
59310
16650
51750
82980
33930
35010
65610
97200
88470
81720
99000
47340
18000
49680
95850
16470
39960
11790
44010
32400
20070
20790
94860
51210
70020
72180
21510
56520
17190
5490
77130
3330
48600
7560
70470
91080
50220
80280
66420
24390
13230
87750
19170
85770
73890
6480
95040
43830
56970
62370
68580
5040
2250
17370
81270
77490
91080
50400
14490
45720
85500
42120
16380
32040
6840
66330
1080
71550
46800
20880
51750
33300
9630
70290
16200
79380
85500
48960
49950
79740
37350
92340
72360
34380
13680
89730
41040
76950
59940
48330
40680
9720
67680
84150
68580
47250
9990
49140
16560
10800
64260
33300
55890
90
55440
31590
1710
54360
56790
91260
3060
77400
33930
46080
74430
4500
51390
40680
67500
90720
84600
25380
46440
32490
26370
81090
56880
84780
9000
40500
22320
76680
83610
73350
16290
73620
91530
17640
20700
93600
27270
5040
6570
82620
6480
70740
19710
24840
9540
76050
83340
93600
58320
42570
93690
71190
53910
28170
44820
11430
7560
14310
66780
31050
25830
43110
35370
3240
61830
80370
90090
30060
96030
33840
30690
2970
17550
93780
69300
27450
71190
20340
81270
70830
62730
26280
65250
87210
99720
15210
81540
64350
40860
19440
18720
20700
49140
51570
47610
99900
44550
66060
18810
630
4680
88830
7740
83340
86850
50040
55890
30330
48240
35910
85050
45000
58050
32220
21240
55980
93240
82800
99090
73530
15570
26910
52470
48150
31500
95400
67230
39960
4500
67410
99360
58770
56880
96390
34380
46350
63180
14220
18900
63090
92430
98370
20970
67950
11700
23760
96210
94590
13140
43560
80550
88200
63720
39060
33750
64170
57060
57330
79380
45360
32670
54990
18810
77040
91890
90990
94320
20700
6840
41850
77760
10080
61650
8010
85320
20160
93420
94410
90540
56520
35820
44010
35280
44550
72540
19530
77220
12330
60300
33030
26010
92700
16920
51750
47070
3150
83970
22950
69660
38880
34560
75330
51030
10620
20250
34020
34560
97560
59490
2430
79560
66060
3600
62190
18450
2610
54000
71190
50580
43830
7920
10800
1980
66150
66060
92160
97020
15480
12420
58950
20610
16470
76680
36810
33300
36270
24390
49590
27360
53010
64350
90000
33300
79830
92430
2430
59670
27810
82350
15570
1080
17100
66420
36540
60210
7290
78300
50040
50490
70920
85140
44370
31680
83160
25200
71010
86400
21690
31680
94950
6300
1080
42660
57960
30600
29700
27990
80370
40230
95130
18720
37710
99000
17100
17730
24660
10890
95940
31500
900
19440
69120
41940
1080
31950
69480
60660
78660
27990
56070
40050
28080
34200
50310
6750
47610
62100
52650
61110
19170
64350
25200
11160
16920
5580
78300
37710
71190
83250
13590
63990
27270
25200
17820
96390
94590
55620
58230
630
14490
75150
42030
36540
83970
85770
5490
18270
30780
88650
55980
2160
9990
17370
30150
14130
25740
80280
57060
38160
90180
16200
78930
19710
95940
46710
70920
68940
51930
1980
18180
84960
66060
20880
99990
7290
9810
15120
82080
56790
54180
40050
46260
9000
64080
46080
52110
93060
96210
17640
89100
53910
56970
11430
50400
44370
23490
64170
30330
93870
45630
56430
23940
79200
50220
21150
3510
92250
91800
35010
82080
90090
37170
36720
42300
66780
97920
6750
46440
89550
4860
88200
22230
50130
40950
77940
1800
94140
85140
60210
27000
71190
13500
49140
88110
46980
33570
94860
61200
44190
2340
76860
80280
81180
61110
40590
30690
49590
8550
56610
4230
70110
86580
82530
64440
93780
19080
41310
40680
61920
58590
27720
7290
28980
87030
23670
49410
79290
22680
9720
92160
22410
6300
51210
92610
50580
22590
57420
91080
47970
56430
42750
36720
62280
26550
76410
28170
74070
91710
89010
74340
62550
4680
49320
83880
60120
94950
75060
30150
23040
40860
5670
96840
58950
20970
11700
37260
61200
28620
56700
99360
8640
41760
40050
13320
84330
3240
2970
88290
3600
67590
23940
71910
28530
46170
21510
82620
58140
15660
60480
21510
40140
13230
77130
29700
73890
92430
38520
83160
36360
68310
95940
33030
80280
70200
450
16290
40590
69300
99540
67590
46350
71100
72270
2520
9540
11160
52470
80280
44100
84060
93690
82170
93150
67860
4590
85680
6930
80100
7740
72990
36540
74070
85770
5850
80550
10980
84600
97020
35010
19890
76590
15840
10980
29430
57510
94230
6930
450
10980
55260
45990
83160
53370
54540
54450
42480
94050
80370
81360
71640
13410
15750
72090
97380
76590
14130
3510
75150
30780
6840
4050
94140
95040
37350
94410
84960
97020
24120
62010
17640
64440
97020
50040
28440
76500
68850
50850
38160
76140
21060
8730
57240
990
75870
180
38790
68490
55530
60930
68580
36630
70920
7380
31770
19170
47160
66330
98280
65880
20790
23760
33210
81000
37440
94860
21510
57510
47520
26100
57690
81540
25920
95130
41490
60570
52920
40230
49680
70290
53910
6840
29610
62280
93870
26640
34380
16290
85950
70920
82440
98640
56520
74790
91800
99000
82080
37620
31140
44910
78300
82080
14400
52470
85590
6210
49590
28350
93420
10710
81360
3150
53910
32040
88470
17730
49860
16920
56610
540
59670
22050
32400
98910
61110
9360
94590
96300
38700
75060
41670
21150
5130
51210
78930
22770
43110
42840
69030
11790
65160
37080
71910
17910
37890
83700
60660
41310
64530
59580
31950
86400
99990
85500
57780
21870
73890
66510
3600
73980
20610
33480
82080
97110
14040
8370
36090
33660
32310
58680
3150
5580
29430
89190
97380
84420
15570
65610
48870
71640
63090
99810
55980
49140
44820
98010
40950
71280
12870
16470
55710
6930
34200
28530
55080
76950
1620
30600
78660
84420
67320
5670
89280
47070
7380
77400
87300
55080
77850
59760
35640
15840
84330
67950
64710
97560
31230
39510
57150
68760
78930
76950
3150
43560
24840
97740
12690
7560
37170
97020
78930
45810
65880
1530
71370
75060
38250
15390
65070
93060
71190
82080
95220
92160
37530
74520
80640
54000
630
5850
86310
13140
12690
56970
6750
42210
79020
9630
96210
99180
85770
58140
97020
55260
99720
67680
68220
16200
720
30960
85860
94230
26910
73440
20160
53280
40860
90450
75510
36900
51750
20790
93870
53280
6750
21600
10800
50040
20970
94230
69030
27900
36450
1350
32670
91980
21240
95940
67050
1710
87480
51480
19890
87840
56430
11250
10980
38070
37440
11520
62460
83610
23760
7650
55530
78750
79740
49500
66780
72270
91170
79200
7920
73710
80550
31320
47880
88110
31770
70290
72720
23850
24930
98550
22590
45360
71010
67680
99540
95940
89100
93240
90630
29250
21600
30060
54900
89370
32400
24930
84150
37170
17730
56430
27090
41670
97470
87840
97110
81090
16380
97380
34830
180
74700
93870
29790
95040
60840
31500
86220
53100
28440
49050
73080
55800
27090
15930
78120
68040
94050
30690
33480
17100
84060
85680
17460
13680
39960
43380
1080
75240
98820
22680
28620
810
11070
99180
94320
71280
10260
49140
7290
64170
64170
22230
21420
64800
69840
8640
13500
68580
27180
94140
48600
35820
990
70560
1800
69750
24210
73350
25830
98820
49410
26730
13680
75150
5040
72360
92700
57690
59310
18990
94320
12780
86400
31590
64350
61380
59310
12060
91440
38880
9810
28890
85500
45450
55890
6480
39690
4770
16650
8730
7470
74610
91080
45810
47880
97920
44640
65250
31140
7830
39690
52830
39240
48150
36810
54630
15480
77850
23760
12510
12690
18990
57150
18180
18270
83790
40140
87750
18630
36090
89280
54720
46350
4590
60930
49950
45270
71100
51300
77490
81900
30870
9270
1260
76410
66960
63180
52110
33300
86940
50760
31770
90900
61560
79380
33480
35640
71370
80820
85500
27900
58680
76950
59490
75330
89820
37890
20970
49590
34290
59130
55260
73890
80190
4230
4950
29520
360
20970
69030
47340
2610
63180
54450
93510
61830
38430
80460
17100
47070
61020
60210
90
86850
1440
69390
42930
2700
58320
5220
22320
16380
29430
52920
5850
51030
38430
93960
6480
91620
74070
82800
270
53910
32580
38700
67590
65520
8010
36810
72090
32670
94230
20250
55530
62100
37890
22950
3330
5400
59580
8370
36900
94410
97920
78210
40590
19440
52020
47970
31770
66960
97740
97830
55530
99810
36810
65970
41310
37710
49050
5580
2250
13410
20790
73080
90270
96300
24030
99090
9540
86040
19800
96210
84870
72180
78930
73080
72990
73440
16830
94770
25200
20070
26640
30420
27450
96120
94410
47970
2880
91440
86580
46260
41130
99180
91800
6750
28800
13050
44100
6660
21510
58950
20160
88560
16110
99450
63090
18360
15480
23490
65340
77670
99450
83790
82440
15480
38340
24480
31050
74070
62730
68940
66510
80370
68490
63630
54630
39420
6390
50220
87840
38610
31410
76500
15570
11880
66060
75600
23580
91800
39240
3960
13410
5310
56160
20970
98100
18450
78390
60300
93960
86400
57600
83340
69300
9270
38430
76950
34200
98730
44730
96300
67770
37080
93690
48870
82890
65610
84870
23130
61560
23220
44460
81990
78660
52380
45180
86400
39870
65340
97740
25740
85860
63720
51030
67500
24030
75960
15120
13320
23220
33390
32490
36990
80460
82350
34380
77400
7830
35280
15750
93330
5040
84240
63180
51930
31770
1350
90270
21960
22320
24030
95760
58590
23940
61020
17640
9450
51030
10530
83790
52290
88560
65790
98730
10350
34650
33210
92970
58680
50850
6210
20790
76500
54720
50940
79650
58770
36630
21330
81270
81450
10710
86310
86760
78300
71280
54360
17280
55710
37710
90180
72270
46710
9810
10080
70470
76500
9180
33300
41670
29610
92790
5940
33480
58140
59400
40050
17280
79920
33390
1170
23580
66960
75510
88830
82260
1980
25920
32580
8190
37440
98460
72630
95850
65430
35370
97110
49410
72630
75420
88290
75420
10620
1800
15930
96570
94500
55980
60030
990
95760
66780
16650
2160
14490
10980
1710
70380
30690
95580
24030
94410
79110
24030
36810
43470
6930
36180
75960
63450
99450
71910
90630
85410
53640
71010
89100
5130
24210
33840
49770
56790
21240
19800
76050
97830
63360
52650
58500
13860
56160
17910
84240
58050
66330
32490
78300
37260
7110
28440
20070
59220
11430
40950
24840
95310
74340
28980
25290
16200
87390
15210
23220
69930
49230
82440
91980
18810
78660
86850
86580
40320
49590
71190
64980
64530
89010
18630
96300
46980
30960
45630
70470
86310
25650
720
15570
97380
6840
15750
63540
44100
1080
64350
37080
9180
30060
24390
57600
35370
37350
1260
89730
73440
76050
8190
15480
0
99000
26100
66330
27630
12330
42570
39600
71460
98640
52380
34740
94680
61020
23670
14670
360
63630
35190
71370
1260
7650
38880
45720
97830
6480
14490
19350
47970
79200
3150
28890
28260
46440
57240
78030
65880
32670
93420
93690
87480
83160
79200
11970
70740
46170
26370
78930
4320
95760
65880
39780
4050
73350
61830
34560
4050
66690
3330
52830
12150
44910
39060
21960
8100
82800
16110
37980
83880
9900
71280
43560
62100
6210
44100
79740
6570
50940
7560
57150
21600
9270
25470
61110
54810
41130
19170
68850
11970
23400
66060
67320
33750
12150
81630
62460
79470
60120
15480
83880
88200
15030
16470
14220
90270
74700
48060
65160
96930
79920
77220
56880
54630
44010
2250
51030
40590
37350
96750
90
89280
71550
38520
84960
18270
36720
9000
43110
88470
90360
65160
82800
71820
6660
19890
29880
37710
70200
16200
47070
73620
78570
65700
6390
93510
3240
58140
69660
52020
62820
63360
83700
93510
64440
55260
67860
20790
99360
45810
83430
36720
76410
54450
34830
44190
41130
43650
49860
33930
75330
97740
66870
54900
56250
36540
38880
59400
63810
32040
65970
76230
46440
11880
71190
69930
4320
89910
58320
81540
50400
77220
19170
38250
93690
87210
91350
20070
22140
33120
44370
9720
91440
49770
58590
65070
43110
35100
55260
97920
33030
74610
50940
3960
72900
93330
57870
12420
28080
74610
93690
44550
94500
61200
78660
54450
3690
73440
43470
44190
49320
69750
23400
1350
49140
71010
1710
98550
91530
62010
16560
42840
5220
6210
42210
71550
94680
44820
31050
41220
80010
97110
71370
14040
83340
37350
83160
20250
13860
82620
87210
76770
83430
76860
85860
52200
68940
86580
70830
12690
55620
77670
20430
60030
31500
86040
50040
14760
37800
60030
53280
97020
20520
44910
85500
45900
90990
79020
1440
37080
96390
9360
13500
50130
38880
48600
67950
32850
53550
18630
84150
99090
81180
58320
57240
10440
10800
11610
22140
89370
9720
50220
66780
53820
79920
17100
38430
22500
62820
48510
99360
50220
8640
44550
59220
71640
3510
57870
51570
2250
55800
66780
61020
20250
19530
92610
54000
42660
55440
49230
86850
13860
36990
97560
60840
9720
24480
89460
23310
37440
49140
33210
34110
82440
82080
80460
67590
62190
19350
41490
56880
84960
85770
4230
11340
82260
80190
270
26640
4050
74880
12780
31860
76680
80280
73890
70830
29250
24570
72450
2520
50850
79740
95400
43830
39150
13950
55980
82170
24030
64620
73440
4860
2160
12240
93150
67050
66060
23130
27990
11070
34200
31410
77130
51300
82980
72630
9360
6210
53010
78480
58050
87570
85860
35730
92700
21870
62640
3420
48330
91620
27900
8640
26010
10800
70290
45360
84960
50580
77850
70200
1800
80460
35100
31950
91080
65790
63450
67860
75060
74880
16740
88380
23310
50670
45450
42300
7650
57510
7380
1620
62640
51390
87660
3330
2790
46080
86400
27360
44280
94230
33210
18090
15120
58320
26190
64350
33930
36000
49500
40590
45720
54540
39510
1440
8910
49770
33570
9540
29610
76320
49950
39780
61920
18630
62010
49140
66240
69120
56700
29070
18090
92610
50400
59940
68850
39330
26550
54900
92070
85320
66870
78300
6930
29880
30600
19980
46800
37350
55800
58500
31050
48600
20520
51390
23310
10800
53190
56070
31770
64800
19530
88920
68400
97200
98910
14040
7830
31680
37080
47250
92880
52470
42210
23400
69930
1620
25470
5400
49590
73440
44280
16920
79020
63450
89190
84510
96570
62820
19710
10440
85410
55530
90360
45270
97830
4140
74340
81270
720
20970
3510
62190
95130
36270
20160
23130
52200
90990
39060
99990
82080
45000
87120
87840
68130
11160
9180
22500
78390
70110
70110
49320
9630
27810
34920
9630
630
34110
60120
86760
96930
93870
3510
82350
26640
1530
40050
38700
81990
79200
11880
31410
15570
80910
77940
93960
35100
58860
33480
50400
70110
3420
61830
21060
16470
52110
70740
38790
21330
3150
8190
4500
16650
15480
98370
6930
77400
60930
71820
91890
41130
38700
82350
61110
96120
9270
77400
45630
64890
1080
45540
26190
64440
98010
87210
90810
64080
50310
21330
13050
93600
81720
14490
57780
55440
39330
46170
97560
25380
79830
2790
1170
21960
2790
6570
15120
36810
57870
27900
95220
19530
72810
36900
68400
44550
25920
58590
33750
48870
88830
84150
81270
36090
74340
66600
46800
13410
93690
18180
16290
4680
89640
10440
56610
7110
9270
31950
51750
28530
4410
6840
51480
31050
83880
81720
71730
35100
68490
39600
4680
80910
11430
94320
41400
8100
15660
13140
94140
37980
96300
79560
58050
54810
43560
82170
71550
82260
13590
93690
2700
21960
62550
67320
4500
40320
64350
43290
87840
36900
63000
44910
67050
53910
32040
87210
33390
32850
47700
35100
14850
57510
90360
98730
15750
79290
28530
50940
6390
17280
23760
13140
60480
47700
61290
62910
39420
83430
76860
47790
24750
37080
34020
27090
61290
85230
48150
54900
13050
84870
23310
71100
92250
49680
57150
43020
98370
18630
43290
19620
26100
17010
45990
28260
30690
58770
9900
60120
4140
97650
37530
19980
10800
61740
4950
75240
13770
9450
42930
61920
21870
99180
59310
5400
9090
3690
20970
42480
81000
13950
61470
92160
27270
49140
28890
78930
14490
8190
43650
29070
13950
73530
39690
62820
39150
20520
14040
80370
94230
88830
49230
56970
95580
90630
25380
37350
90540
75960
79110
40410
8370
62460
8100
49410
38700
25740
62550
22410
62730
52470
85050
41130
27540
50130
81990
70020
52200
13320
5850
31950
99990
32580
5580
44640
80280
89820
25740
16110
99360
46080
58410
73350
21240
16560
68850
63630
63540
35010
95850
77040
93600
22050
2520
36270
56880
96480
70470
55710
8280
41220
55620
25380
52290
96750
82800
32940
14310
20610
83520
540
64530
58050
10800
83700
44820
66510
62100
88110
14670
33480
8280
23490
6300
93330
37260
450
58230
12690
8100
68670
52290
73890
82440
34740
53730
31860
6120
68940
94050
73260
9360
7200
3420
6930
53820
360
80280
39330
63360
24480
54090
35370
98190
15120
76770
72990
29250
84240
33840
47340
81090
29340
81270
99180
73440
5220
49950
19890
86400
59400
11700
94950
63540
13590
87750
65250
27810
16560
25830
93960
68760
35730
84600
52740
73440
30780
5760
92880
93600
77580
2160
6480
11340
42840
35190
94410
94950
11160
16470
54450
92970
35370
61290
1800
80730
14490
79200
50850
83790
74790
53730
46440
88290
4320
99360
6120
56880
57960
58050
79380
54270
62370
95580
4950
17370
28620
77220
70020
52920
14400
35370
71190
71370
49410
78840
13590
24930
13140
22950
90450
66960
49320
16740
11610
42120
70560
54360
62730
80370
73980
34650
81900
96750
69300
61470
86850
7470
1890
67140
87300
94770
58140
79830
37800
90720
30600
18990
30510
44550
72180
7200
91350
74430
53280
50310
89100
630
40860
99180
89820
19260
23130
52110
61110
16020
33930
96660
20160
25020
21060
69840
70020
88920
26820
74790
25380
50040
13950
58500
48690
48330
29340
22590
90720
34830
49680
64980
36270
72990
62370
28620
81720
93690
79380
51660
10620
41760
53640
89460
24840
23940
15120
24030
72270
18450
12150
32490
360
37890
92610
59760
90900
80010
32040
18090
99270
29880
10890
97200
99720
34830
77850
23580
83700
87930
40500
1800
37890
55080
2430
5490
4590
42480
12780
16830
50940
64080
65880
21870
74160
91170
37800
17460
99000
2880
6030
16380
60210
29970
81000
67320
12870
38880
6030
67590
44640
36090
34560
85860
0
57960
77220
83520
26370
68670
720
23040
31230
43020
73980
28080
15120
71010
52200
62190
14130
22590
42030
82350
20700
50850
52110
4770
41220
75420
32760
16110
90720
99000
35910
4050
99540
4770
84960
70650
59760
51660
36270
69660
68940
27720
15930
26640
27000
98640
33480
9270
49590
11790
96210
52380
54270
37890
69840
28800
35010
64350
23670
630
69660
68400
92970
37890
61740
74970
45450
540
3240
91620
78210
20340
5760
23670
25560
98010
97110
56430
62910
63900
78390
63540
64530
90450
75330
24570
30060
60480
55710
50400
25110
61560
5940
77310
59220
68580
71910
3060
5130
4950
46530
54990
80550
33930
67410
70560
15390
59400
63180
42120
81720
29160
15930
56340
98640
65160
63720
12690
67410
81360
83250
76500
34560
67230
13320
57870
37350
4320
33030
80280
54720
74160
65070
41940
19260
85950
25380
11610
65160
71280
55350
73530
34290
93690
42390
30060
16020
91170
34650
99450
28530
99180
26820
57240
20250
62100
67770
55530
35100
77310
91620
58860
75510
810
30420
20340
48780
8550
16020
19260
23670
96840
87840
57150
40050
86400
4410
26280
80190
25290
84240
24480
49680
57870
49950
42120
7470
63270
36360
73260
13410
55350
68310
2790
4590
65700
15210
16830
75150
97110
82890
60120
94140
29790
10260
79920
67140
23760
56520
95310
10890
61740
52110
76950
35190
40770
27630
27450
43200
60030
25740
41760
1530
90630
72900
45540
65430
2610
99990
18990
27450
13050
33390
20970
51570
18270
10170
3150
91170
11340
27180
67950
12150
9540
52470
52920
72450
31140
52560
25920
71820
37080
91530
20880
18180
73350
40410
17190
75690
29700
10530
97110
67140
79560
47610
10800
50130
17730
8730
62190
38970
50580
50490
65340
71820
15210
1620
89820
75420
94500
8640
75420
11070
13320
41850
24480
62370
16740
17730
23850
83970
25380
88020
61020
33120
65880
7650
61200
49680
93060
37980
29610
42210
47700
72900
48420
50400
59310
89820
39330
13590
47700
7290
64080
51570
50670
72270
81540
14220
40500
35460
67230
42840
99810
51390
12960
99900
49320
75240
58500
19170
38880
14130
99360
64350
86220
14040
54540
34380
27540
44100
19170
86490
5760
30510
37350
91530
91710
96210
54450
13590
92520
33390
91080
93690
36090
56430
76680
59220
79470
9270
27000
87930
24660
73530
29430
75150
36900
30780
96390
18270
74700
62550
89280
85140
19800
74430
42210
66510
37170
42660
81450
25470
7380
45270
42120
32220
9900
76860
92700
64800
50940
63090
52020
73260
88020
5580
74160
71640
69210
67500
65520
53100
71190
85320
9990
20340
61650
97110
78030
15480
12330
20250
67140
62820
25650
10800
21060
33840
90360
75420
41310
2790
64170
51120
720
54270
19890
26550
15120
11970
62010
96840
99360
94860
8640
97830
94050
63630
62370
29610
33210
60840
43650
62190
53460
12870
96210
26190
24480
60570
71550
810
9000
54900
59040
30150
48150
97380
5580
10530
23220
20070
87660
41310
18450
29790
51300
97740
28980
54180
88560
15030
56970
68040
36360
92430
4950
4230
65790
4680
58050
22950
36450
76770
56970
17280
69210
27810
31500
82440
14220
21600
44190
41670
88650
85500
42930
66420
65700
90900
12150
64260
29880
8460
96570
52740
79020
85050
89910
73890
58230
56340
6210
63900
6840
34560
35280
34110
84420
9450
27450
18090
73890
70560
23580
91710
94320
4050
99450
75510
57240
48960
34650
9270
15300
81180
47790
85680
58140
19710
21060
99720
74340
82350
95220
92700
75420
90270
43470
0
9810
45720
31320
78840
34740
87390
85950
23580
4860
61110
61560
82350
64170
4230
91260
97110
56700
27090
62190
99900
36630
93240
54270
66060
95400
2610
98010
2340
54810
81630
78390
15480
44730
29790
76590
36990
21870
48330
51660
65340
65700
9360
89550
55350
93240
19350
27090
50670
97020
34560
72990
21240
55620
23040
49770
21150
43200
10980
82890
30150
11070
3510
44910
77310
29700
63900
42210
62820
31950
11340
75690
26460
5220
12510
72090
83520
63000
42840
81540
90810
16110
42120
5040
99540
92880
33570
75330
34740
17280
50400
88380
19080
13140
64350
76950
10800
19260
70560
3600
48870
1440
52380
30960
71640
82980
52920
36090
10710
75330
42930
73800
68580
68580
71100
48330
51750
36630
43200
89280
35190
51120
97200
77310
61920
58770
75960
10800
50220
69030
63900
36000
99720
37710
55980
8100
450
77310
37260
51030
22500
46800
39510
36450
78660
89010
97200
23490
31950
44280
14400
38700
90630
66600
28440
64260
55260
47070
88290
540
47880
88830
71820
95940
97650
35820
86850
27540
7830
68130
89640
72180
22950
25200
76770
54090
7650
23040
60300
2340
2970
70560
69930
36090
50850
27270
38880
42480
66690
49230
59220
66780
34020
81900
1620
72180
10890
84330
37530
62820
21510
2430
87660
90540
64890
41220
26640
5040
50040
90360
95310
3960
69750
71100
49590
28710
35190
94050
8280
74700
14760
98730
33840
4230
81360
34470
75060
89010
29880
14850
63540
78030
55530
14940
51210
45720
67140
98640
98640
90810
21960
57510
20880
20430
41400
83610
73260
77670
43740
4500
8190
66600
11430
28080
50940
62730
34920
38970
14760
27450
62820
4050
74250
56970
52020
72000
7200
90900
30600
53190
19710
64260
81000
40950
33300
81990
62910
80460
86490
87840
26910
96120
36090
25110
540
37350
32940
86760
73530
2070
35370
69390
89460
67950
52290
81990
10980
45900
61650
49230
11430
36990
81180
86400
63720
91350
93150
35730
18270
12960
84420
77400
55620
27090
42480
6570
5940
92970
6660
1350
27270
50130
83880
64440
91710
37980
55800
1080
37710
87840
60930
54180
56070
11700
53910
44460
73440
81180
80640
82440
87840
81000
79290
16650
45270
81270
32670
94950
42750
45990
5670
28260
72990
97020
62370
67410
31140
38430
36990
91800
13590
18630
93960
41400
87210
53550
58140
27450
47160
66150
63630
35010
73080
91080
11970
46620
74160
44640
35100
20340
38880
87210
20610
38430
66870
28170
53190
25740
16380
85950
69570
92880
89640
63090
20250
73890
14670
53190
45630
78390
8820
46440
17730
16290
32040
57150
38970
38790
52740
32310
88290
41310
24570
78570
58500
21510
45900
30870
10530
86130
15210
23670
18630
98280
67590
51120
87930
6120
70650
20340
12870
88830
85500
29430
38610
58140
61830
34920
15120
58860
21870
63000
28710
67410
56970
70020
87210
270
79830
24660
86580
14850
18090
6210
95940
35010
90630
77490
41220
2700
1080
4320
73170
58860
2700
25830
48690
68130
52740
43560
77940
53190
69570
54270
60570
18540
26010
93150
64440
54180
22770
10620
97830
72720
80550
52020
13950
90450
74790
77310
68130
56700
18090
92160
22140
75600
72540
33480
85230
45540
41220
29970
30780
73800
77130
66060
82440
82530
76320
69930
71730
24030
64080
22050
56070
36630
51300
21150
76500
39690
98190
90450
87480
37260
74070
67500
6300
83070
55980
30510
99630
32310
30960
29160
60570
70380
23670
58050
87120
28980
75960
69840
32310
65160
91440
21690
1620
60570
99900
29250
87570
38970
86670
21690
15210
44190
80100
54900
53910
20430
69750
49230
47160
46620
3780
91170
43110
31770
97920
63810
57600
6840
31860
50850
93960
84780
11250
94410
87030
51570
34920
65250
69390
31590
85230
77490
19710
92070
22950
34380
1260
58230
70740
16110
29520
25560
4410
80190
52200
23850
58770
30870
51300
82440
90990
77490
19620
34740
43380
48960
49770
87660
71910
31680
73890
40230
91170
22050
78390
99090
40050
47340
49950
46260
67770
89820
89820
30420
15120
25380
15750
84780
18990
50940
99090
45900
75420
51120
12600
30960
10440
51660
10350
70380
31410
82890
30150
67680
83880
47340
87120
61650
33120
41670
35370
87840
55170
70470
71550
8010
15390
66690
67590
86400
19530
69750
81090
88110
67230
87660
20160
27180
8730
8640
3240
16200
6480
73440
87030
81810
86850
78300
26460
23130
47880
59760
99270
81270
39600
3780
27090
16920
32220
87210
43110
98550
89460
23490
11880
47880
11070
46800
79470
11520
87030
60210
47160
25470
87480
61470
7560
23220
80820
74790
57150
62730
18180
56520
27090
34470
10530
43380
10440
6030
77670
19980
81630
25380
29970
14940
84420
60390
68130
76590
61020
52020
37980
54630
50220
39420
41490
30870
7920
8190
47160
59040
51930
43830
98550
63540
92430
62010
23940
42300
19260
79110
84060
17640
95490
20340
51660
84870
54000
97740
42030
19620
98640
26370
12690
88740
6210
49320
90270
69030
53280
77580
68670
1800
22680
30060
58950
45270
26640
94590
21690
22410
27900
48600
52290
89640
42840
93420
22590
40320
15120
74610
96570
80460
90540
17460
89910
8010
69570
27720
71370
2970
58140
42300
22590
51120
1890
45450
73710
38700
57780
99630
43110
75870
26730
77310
20070
32760
96210
3960
46800
27090
83520
26820
81180
83790
10710
18450
68040
22230
84600
26550
45990
78570
68760
56070
86760
90630
55170
33750
51570
39780
97830
99900
93240
62100
33390
93420
8370
79380
23220
65520
9360
8820
74880
77400
1530
6120
62910
15480
87480
51570
64710
68850
39060
20520
85410
82440
24570
66960
42660
3600
71640
30330
48600
29340
39150
42750
80190
35910
45450
17100
38790
32400
69660
90090
46260
44370
75600
93960
51030
93150
80820
53010
85500
22320
47700
84780
51930
66150
71370
28890
42750
26370
25830
83160
51930
4410
12870
50400
38610
96210
38520
64710
50220
12690
40680
63000
37530
82440
61110
98730
25380
72180
88740
21330
84510
44910
27810
5400
8640
24030
82080
19890
95760
90990
52740
77580
3600
57780
6390
61470
28710
19530
51570
53100
8460
92160
14940
76140
90450
53730
90990
91170
73980
46530
39420
47790
42930
92430
29070
20520
64350
31320
1440
9990
54900
50670
90180
22320
53010
88110
65070
7560
14850
69930
83250
61560
84870
75690
91350
30870
75510
12960
90270
20070
99810
72900
48510
69390
13500
88290
77400
61110
17640
63090
8640
1080
37170
18810
50580
36990
20250
87480
28170
82260
19980
90540
81000
46800
4680
90990
21510
3330
62550
57960
3060
13140
66510
99180
45000
91890
3510
8280
38880
73260
94500
46260
71190
94680
18000
86400
71910
14580
72090
64710
90630
54540
80730
6390
57960
57060
61290
90090
43830
95400
63000
54090
4140
62550
51390
12150
65970
40320
23670
16830
34470
90810
78840
22410
96930
28890
87480
6120
30870
89370
94140
61650
39060
31320
34470
67680
50580
4320
83250
79380
55170
17550
99450
94230
36630
56880
56790
35190
19440
53280
8370
37800
53910
24840
69210
76680
6660
85140
4320
17550
14670
8280
83160
86130
36630
52830
35280
60030
48510
24390
14490
73710
56520
1710
84870
29160
24570
31320
1350
20250
25650
12510
65430
97830
5310
84060
23760
20520
80190
20250
47970
77850
75240
19530
22140
84780
42930
45090
58500
17370
4050
91980
83430
95940
57330
4860
33840
76860
91440
76950
72450
8370
45000
78750
75510
40590
15930
36900
99810
38880
72900
64980
85680
93690
47700
80370
90900
64350
52560
68040
2070
7020
38160
3600
73080
88380
88110
79650
86040
75600
18000
94680
80460
62010
65700
78390
66420
60570
16650
5220
18810
84600
55980
46980
56250
14220
96120
67140
69660
47610
55890
39240
25470
28080
66240
41130
37710
49230
91800
36720
4230
44910
43830
54450
92070
22230
31230
9540
38160
76590
40590
97920
47430
19080
18270
86760
71460
97740
74790
43650
75600
62010
39960
66330
12690
20880
47880
47880
75870
76770
56790
82800
67770
23580
70740
28440
33390
85230
3780
33480
2790
12960
32670
27180
66690
73260
20430
58680
43290
57150
89280
98730
19890
65520
70110
51030
38790
35910
36990
38430
67140
62190
41400
39060
15660
8010
59850
14850
49590
32130
49590
67950
86130
78390
55530
30240
44910
36720
7560
98460
98460
44460
52290
28170
62100
73710
69570
30600
99720
38700
72270
77850
80190
27270
73350
42210
86670
49230
88470
3870
61920
95040
31050
28170
89730
22230
99450
43470
13680
75960
41940
43470
4770
66240
720
56610
13590
70920
97650
13410
5490
27360
67050
50310
89820
22500
30060
97830
31500
59400
63270
96300
84960
11250
46980
95400
29340
74700
14670
14220
36000
2250
75690
24570
62280
28350
74340
85680
95040
27090
36090
44550
2160
10710
24930
46710
86760
20520
74790
29880
2430
90360
48420
51660
42390
23490
50220
21420
38880
93780
58230
64350
54810
59220
47520
83070
96750
58410
99540
8010
79290
88020
37800
49770
64890
78300
59940
98910
2250
96120
46350
69210
12240
50400
42750
76320
19170
34200
71730
82800
30780
92790
10620
68670
82980
72540
39330
10530
93690
64260
62190
98820
3420
80100
61470
95310
87750
47340
63090
21870
18810
86220
97380
87750
44730
94140
13860
74970
70200
18090
13320
47790
66780
7650
23670
18090
98640
1530
22230
96030
39690
92070
77400
78480
84780
55710
27810
74250
87570
44910
44190
27540
55350
36000
17280
76590
38790
15480
12420
15120
72090
96660
99360
22770
36630
93330
15930
35640
63900
40410
78480
3690
53820
12780
5220
58410
8910
48240
84690
78930
19440
91260
1170
97560
37440
33660
99090
80910
31410
89010
21060
86130
62460
63630
99900
47610
17100
86310
8910
87390
14850
4680
40050
9540
61740
62550
91350
96390
76500
13050
16110
76230
82170
450
56700
81270
57690
85950
5130
50400
61380
63360
66330
69480
84330
59940
39420
99990
23760
64350
43290
53640
89010
45720
20970
54360
89550
71370
92970
6750
9360
38610
62640
39690
73260
70470
65790
50490
5850
33480
39690
22050
8910
44550
94590
93780
94860
10890
92520
88200
36900
53460
5850
98550
62280
79650
75960
28170
93600
5670
28800
41400
81000
10530
12510
34920
40680
5850
87480
68760
70470
91890
81540
40050
54000
83610
22950
40230
86040
4770
89730
31140
2070
28800
65070
44010
11340
75690
15840
85320
48870
67230
74160
5040
66960
13950
54090
41760
810
59220
68040
67680
86220
1440
54630
48870
54000
60030
12420
95850
62280
56070
53910
54720
25740
68760
49680
36360
66330
10080
81360
92790
49680
74250
13860
36720
7380
14490
38250
88830
4410
46890
10440
2070
11790
80370
86580
18900
48240
28890
12960
81990
35280
21780
58410
80460
34560
89910
90180
85590
97650
74970
79290
26640
63990
18090
83610
41310
94230
31500
64260
40320
64620
53550
83520