929 9142
99180
19080
80100
21150
33300
18990
8820
42030
75780
41130
36180
31410
4410
42210
56610
77040
94320
82800
92070
37620
8370
13770
58230
2430
7200
77040
40590
40680
23220
42390
25290
34920
1800
89370
27360
54540
20250
43470
71010
39780
39510
39420
900
80100
32490
5040
71370
13500
60750
30960
39690
56700
70650
36540
12510
22950
85050
70740
98370
23940
10530
78750
69390
63990
37710
69480
64890
61290
26190
15300
28170
26460
94410
39690
13320
77580
99270
900
99360
46170
51570
54180
80370
58860
90180
48600
20610
27720
47070
40590
75600
86220
58320
45180
71640
74970
62100
59940
4320
32760
4320
37980
23220
98640
63000
79470
16020
43020
19080
84420
94230
33750
57960
8640
55440
68400
8460
1170
47790
64620
29250
35910
82620
32400
44010
42570
41580
24750
99360
82980
6570
74250
84600
26550
37530
52380
92250
69390
70740
28350
51570
87120
80010
80820
47880
68580
59220
10620
54270
43470
39330
64980
11520
26010
13230
82440
91890
51660
50580
99990
42750
16830
73530
15120
69660
2250
32760
56970
43380
79740
59220
4770
97110
27180
41400
35100
19890
67410
15660
89640
22770
35730
21420
95760
17280
99900
14580
48960
27090
52470
8910
69570
21060
66690
90630
60300
85410
38970
68400
38340
49050
70380
64080
38520
36000
87120
73620
2790
98910
1710
53730
32940
13140
67950
12960
96840
21690
79740
83970
58410
55710
72000
29610
95940
58140
26550
78570
9990
58050
17640
79200
37260
28980
86670
46800
26640
450
57420
41310
10710
95040
33750
48330
6030
48060
65430
69300
57150
49950
48690
270
21690
79830
55170
15480
2250
39420
93060
29970
6930
540
77040
64890
98100
47520
74790
54900
31230
38790
73710
83520
34830
49140
84960
6210
75060
36450
41940
65700
4680
9720
20970
69390
84510
92880
88650
96660
90450
86400
37080
32850
33210
79200
67230
34380
8010
6660
42030
17460
83970
6120
8190
15300
20970
9180
86400
14670
82530
74250
57420
61920
5220
34650
38340
92070
4320
75150
40500
49230
27180
75780
49320
98640
97740
60840
58950
81720
7470
89460
15480
70290
16380
85050
15480
31500
89460
67050
14130
19530
20880
94770
53550
87390
76050
26460
38520
28080
61200
59670
5220
93870
43470
86400
26010
37530
50040
3960
99000
75420
25740
34470
79470
64350
40410
4680
73440
15300
33570
35280
90
76860
22050
53550
70650
10800
88200
87120
95940
69030
1620
99450
80370
62280
12150
76140
36630
88110
74250
57780
12240
96120
49590
51120
21510
62820
72540
34380
69120
16020
49230
73800
48420
64800
54450
54090
5220
13320
84060
57780
34740
70470
30420
71730
97740
54270
36270
71010
59670
42570
43380
66240
69120
26460
54000
85410
59130
90090
79200
1620
71730
84060
7470
76860
56610
93780
50130
31770
49590
24300
86580
96030
2160
71730
98550
34200
22590
10800
89910
28980
46710
50670
56790
97020
83790
810
51300
32040
43020
68490
27360
95130
23040
11160
52830
63900
37260
5580
9630
61740
44460
29430
91530
83070
35100
2610
57780
6480
12510
39150
12420
11790
48330
90900
78210
50310
48780
47970
63450
25830
30060
99810
97830
9810
97290
99630
15930
41130
9900
69930
29970
98010
71460
44460
91080
87390
96840
89460
46800
1440
27000
22680
6120
82440
54630
95850
56430
99180
46980
33480
30690
67230
15120
67770
46260
78030
84870
26100
68130
51390
61380
62820
71550
32220
58770
23670
44190
93060
53010
56970
69030
69570
19170
27360
68670
16650
79560
76410
1440
8280
47610
49680
99000
2520
45090
8820
64530
29970
79650
26010
67140
25560
38880
28530
57780
78210
900
3150
37710
89730
79650
55080
25830
43650
88830
53640
27270
77490
1260
58050
39330
13320
53370
27270
16650
77940
52470
55260
69120
90270
70020
37350
66510
60570
58050
56790
95310
91620
25830
88020
1170
30150
67140
59580
43740
29700
14490
17460
47250
58950
81630
39870
20790
56880
900
60300
30150
42120
79830
26550
22410
12600
82980
34470
23580
8370
74520
31500
3600
4770
21150
15570
27450
14220
15750
40770
72090
24930
52020
86670
92880
8910
50580
23940
85860
69930
68760
25020
21960
72900
69840
540
52470
31680
71190
33750
18720
67050
57240
63180
50130
60210
86130
37170
92250
31860
14130
25920
87300
15840
76230
65700
20520
66420
90
80100
94680
18900
75510
59940
90090
67320
1710
9450
52560
52200
83160
92970
65520
76680
92970
19980
37890
96930
29430
44280
81000
76500
91350
6840
79290
98640
65700
24660
51480
81360
74520
93960
5130
76950
7380
13500
26550
76140
86220
51930
58410
45990
89820
70110
37170
68580
34470
37530
40680
26010
47160
51120
94950
81270
93690
80730
27990
72720
80910
47430
40140
12060
92070
62190
57150
41310
95310
90
19350
24480
29430
85050
76950
93330
17640
89640
1800
13680
91350
48870
0
70740
45090
40320
41760
270
18990
11430
23490
65880
59940
97740
58680
72450
37350
16110
56160
38610
6210
57330
1890
86670
2880
92610
8550
23940
60930
37440
23220
31770
77490
60030
58590
99450
23580
24750
98640
50670
82980
78480
12690
82890
35550
64710
990
22770
60570
94680
85140
7830
36900
30420
95490
89550
37710
96300
17460
34920
44550
60840
15480
71640
16920
76050
59670
45630
98640
16650
39870
21060
71010
30150
28530
96120
54630
64260
31590
16560
39960
67950
51930
96750
60030
16380
11880
63810
98550
79650
61020
2250
72990
83880
80730
76050
4590
54630
65520
87840
14400
50220
50850
6480
7740
70740
56250
87570
19890
76590
31770
83970
86490
55440
16200
92250
78300
77850
73260
20700
44640
73890
96840
55440
900
99540
58860
72360
38880
63900
94860
57420
22950
78840
44100
88020
91980
2520
76860
30780
45090
67860
93780
32220
29160
8460
21420
90270
47520
55080
67140
54540
96930
88650
67860
17280
89370
98280
56700
58950
47160
55890
24750
74070
27180
90450
55170
35100
2970
1710
20970
62460
91170
33030
90450
59310
47250
27000
12420
4410
7830
48240
47340
33840
1710
44820
65790
77850
75240
2610
13320
64080
13590
82800
77310
13320
5220
38160
38700
72720
23760
21330
95940
6210
39870
7290
77940
7380
44280
87210
96120
7830
46080
71640
27540
24570
24390
8190
66330
92790
30060
22230
37890
92340
19170
23490
98190
63090
4770
66060
28710
1170
94770
77670
61920
33480
39780
24750
18810
23580
12510
47250
70650
80100
72630
25740
97470
89820
45000
4950
93330
24570
51120
21600
60930
64350
65070
57690
16470
55440
63000
68310
88380
66780
93690
46980
23040
41670
61020
23220
97200
91350
82620
34290
77580
28350
37350
27270
900
64080
65070
94860
29520
49320
23940
18990
94770
70920
88380
71910
69480
74880
1170
13860
48330
61740
38700
1080
33660
17460
4230
5130
93150
26460
49320
36450
26730
62550
69480
76410
41490
58860
90720
28440
24840
32940
32490
13050
30150
16290
87840
53730
39420
78390
14220
82710
17280
25740
8370
48420
7830
57060
16560
87660
91440
38880
22950
60750
75960
97920
49680
900
89910
41040
36810
55170
87750
84510
8190
45990
82890
26280
40950
83430
93060
15300
29070
36000
31410
6570
97380
45540
18360
38880
13950
59400
19350
51660
12150
41400
50670
2970
15300
22050
16470
10350
32220
27360
35460
99900
91620
33660
83430
63720
7650
91980
84150
14220
29520
24300
7650
59760
28980
31050
61650
93960
12330
68130
86130
30330
44910
56790
75510
51390
64890
97380
21060
77760
30960
75960
44820
35550
73260
60750
87570
11880
11250
39690
79740
22050
6300
19980
38610
35100
32310
46530
72810
72810
10170
24570
98100
96840
83520
90810
78750
91710
47070
37980
1440
28620
20610
27540
29700
69930
66870
63450
76950
36450
41220
11520
20970
55350
5670
78840
33030
54630
86580
99630
61290
51840
72990
90180
26460
98460
12780
67770
96750
16020
38880
94140
23220
61380
99090
35910
40140
69120
99990
63990
87480
38520
64530
75960
58050
90360
12420
70470
92700
66330
31140
75690
93420
80550
44100
83520
68220
70380
73260
35100
85860
66690
22410
74790
92520
32850
97650
30510
19980
95490
18180
73350
86580
41760
77760
38700
57600
44010
85320
92700
76050
79200
9720
84690
8190
91800
43110
95130
80550
21330
22410
25740
64260
10440
30600
40770
55710
13680
88560
6840
38340
29700
77670
78840
92970
69840
35100
20160
54810
3690
56430
30420
25110
55710
49140
87390
50310
6930
60660
31860
32040
98280
44730
29160
54900
26820
54180
52290
25020
76680
84600
40860
48690
50760
80550
51840
37980
29520
18270
35010
52110
79200
17550
55710
7380
56880
97740
95040
24300
36720
24930
37890
83070
16650
85230
33210
3510
57420
44820
46530
9360
85950
99360
43740
60930
24390
47430
21600
18360
62280
12330
19890
54000
28350
89280
82710
49680
3870
36540
79920
38430
32490
98910
16470
6030
99630
46350
90990
22500
66780
66510
35910
84600
54360
56430
74970
76050
48060
68400
11970
57420
60840
29250
66330
20340
48690
29070
77310
42300
51120
14040
51300
50220
72000
54270
83250
32220
84690
92340
57420
23940
91620
30330
23490
77940
10260
12150
630
56340
37080
88830
39060
86040
62730
18810
94500
69120
42300
14310
77130
58050
74880
50400
26010
10980
32130
47430
35820
64530
44280
31050
39060
31500
36810
14490
47970
80910
3780
37350
54000
59940
45360
14130
30420
78930
77220
64980
22590
75330
1440
81900
76230
78390
16380
56520
18540
85950
39510
54990
55620
87480
3960
74790
80280
80820
79020
47430
97110
99630
43110
4770
76320
32940
81270
70200
42750
81990
18090
57960
44460
98370
82440
82170
82350
40950
32850
75960
99180
50310
91440
45090
3150
20160
80370
2970
65610
32040
77760
21870
6570
92520
75330
78480
67500
37980
20880
24840
91350
31050
88020
90000
47520
85590
81360
40320
62460
60750
17730
47790
44280
84870
22140
78300
56790
38070
6570
32850
87750
81360
41760
38700
18540
78930
58050
55440
71010
54270
22590
53010
65970
39420
8910
80280
60840
20250
15030
7560
2250
72270
43650
8460
59220
65610
18450
39870
82080
27990
93600
53100
67860
89730
3510
73350
14940
88290
61830
66150
24210
41220
67230
31500
18090
39240
17640
82710
42840
39600
2970
45630
99720
63540
88740
66960
84780
20790
95760
24930
47340
68040
74160
66240
59670
59850
23580
36630
45630
54810
6840
30510
99900
28350
67500
80190
20160
89010
78750
66510
75690
60840
44280
3330
41850
15570
22950
69840
70650
92070
33570
53460
88920
89280
22140
6480
85320
43110
63990
31500
68130
53730
29520
70740
84060
34650
20700
450
36000
12420
44100
46980
76950
38250
40320
17640
16740
82440
82530
82350
80190
15480
94320
67050
54360
9270
50220
2070
17460
76860
2700
95760
95670
43920
78300
34740
57060
9630
13860
62100
34650
38070
29160
6390
15660
49950
79380
78390
88740
33840
77040
26730
21240
1350
42480
10710
71370
65160
25290
98550
11700
36900
98190
97470
18900
13770
72360
75870
83070
75780
91710
45270
92340
29340
80370
61110
85860
30780
9990
62550
57960
12420
25830
99450
26280
36720
95940
59580
53280
96570
70200
6210
6030
56880
75960
96840
93330
71820
270
69930
84690
95940
3150
70200
18720
15120
36180
44460
13680
58590
76590
27720
75780
13590
22950
70200
66240
12060
76140
27630
93330
99090
27810
11160
24120
34110
48960
66600
7380
66060
40950
88560
58680
26100
44280
77310
8370
87210
21780
45360
5220
82440
19080
19890
23850
81810
60120
270
69120
67860
60030
82620
10170
71280
37890
38880
86670
1170
40500
20700
63720
14760
62190
60660
52920
91800
19350
65340
65430
25920
84600
87930
8190
67230
18900
40680
89100
59490
17550
31500
93690
54900
96840
94950
7200
43560
90720
57780
86310
64620
18360
39510
900
86850
54000
72450
95130
1170
43110
46350
77580
61200
83160
11970
29520
1800
33390
8370
93420
57960
28260
81180
97920
87300
14490
84240
81000
56970
30690
93060
88290
48330
4950
87120
93780
70380
38880
1440
48960
26100
1260
96300
11610
15480
41850
87660
36180
37080
52830
27360
52650
67860
20610
89640
78840
1170
12330
44910
18450
17460
30150
28710
1800
36000
79650
75960
24030
47250
86670
45900
7200
26460
72630
16740
7200
80100
28890
79290
61110
23040
20790
42480
46260
93780
89460
71550
61110
9270
92790
93330
1620
37800
28530
18810
65430
58050
79020
62640
56790
43020
20250
77040
85230
11520
13320
94500
16920
8640
44820
17460
42300
39060
49050
65790
98010
56160
95310
41940
67050
8010
52920
71730
82440
89370
51660
77130
22770
58770
59040
22950
37440
63360
55800
8010
63090
25200
14130
63540
18990
26550
63540
96120
30780
71370
8640
35370
35730
27990
45360
990
97560
78840
47970
98100
50760
7470
82800
46710
8550
3780
55890
50400
74250
69840
44010
79020
16740
72720
95310
65340
19440
97650
4050
25110
99540
45630
92790
7110
55800
92070
66870
99720
19260
39600
37260
2430
6210
87300
33480
31590
41130
85770
73170
85140
20340
68940
74700
90540
45000
87300
72090
84060
630
80190
56340
55620
62370
75240
79560
91620
50850
40410
28170
9000
45630
93600
61830
58500
53100
23310
28440
34380
19170
50850
33480
77850
35640
14940
27900
54360
81000
38430
37710
16110
7200
92070
61740
16020
83340
39600
21510
14850
16200
72900
72810
98910
40050
1620
1170
90360
80820
34290
86400
86130
72720
96030
91260
55980
49050
13320
30150
57510
73890
48510
61560
2160
70560
46350
13320
52830
12690
51480
13320
89910
30870
15120
26190
85140
71820
19890
82620
35280
36450
4230
40320
15030
31860
23040
98370
80730
17730
47880
75150
50040
99180
70560
47970
11520
85410
53640
2430
52020
98280
95760
10440
17910
90360
53460
15840
83880
62010
67050
77670
53820
99270
18810
81720
13140
50310
11970
5670
63810
30510
16560
30150
64800
40410
7020
65520
94770
77940
41130
72900
62280
80370
17820
52650
60030
50220
58140
26640
3060
15480
98010
92520
58320
32940
62730
48150
27000
76950
32310
17010
47610
66870
76950
40860
84690
68400
92790
96480
74790
37980
85590
41670
51480
79650
65970
74070
21060
45990
23490
37620
63810
73710
59580
7920
90450
35280
91710
63630
45810
76950
46710
97830
17100
6570
17550
18900
83070
44550
14220
44820
82080
75870
67770
67320
28710
10170
76320
360
66150
540
6210
84330
94770
24390
96930
6480
23850
41400
26460
77130
62370
16830
23490
44820
76860
84510
14130
47700
98190
17010
47700
44730
44370
68580
24390
15300
76230
70380
69390
40050
51120
28620
42030
73350
6660
49590
92160
96300
31230
84870
99630
23400
63180
40320
32310
53100
16020
98190
80730
90
88200
34650
59040
95580
18900
51210
23760
26370
54090
58140
89100
25740
60840
55170
17100
8550
44370
28710
83160
20970
83520
27090
68580
33390
85770
37890
62550
66510
36630
21060
28350
29520
90360
97470
72360
56700
20520
23580
20250
72990
14220
55710
40140
25470
8190
80100
71640
90000
64440
29070
75420
74430
19530
81090
26460
86490
6390
20880
54090
11880
53190
52830
28980
68040
51750
29790
83070
98010
85590
60210
92970
60480
85950
95040
39780
68940
15660
90900
94320
74430
96750
86310
26910
22230
95400
83970
95580
8820
75330
97290
78210
9900
57240
40140
1530
97830
43470
58320
63180
42210
82440
2160
20070
80820
41220
19980
96030
88110
6480
27540
41220
11880
78030
40860
55080
23760
68400
94770
54990
86850
85950
51120
31860
93960
21150
67320
40140
29430
81450
69750
63900
66870
37530
6390
34110
89190
22500
23940
73620
95580
1890
46080
11070
34110
25830
81540
61110
34740
6390
50220
6660
10710
43830
94860
99720
66060
44640
2880
18900
58050
11160
74700
27360
35730
540
10710
25200
68130
9270
24750
78300
88110
95670
6660
69030
80100
10980
93780
89280
27090
96300
83790
39600
29880
85410
79290
56160
54900
11700
72630
53820
81090
83790
9090
54900
65610
44460
41670
92610
83610
98820
63270
45180
31680
41850
45990
59490
65610
33930
24120
43740
12960
7020
1800
17910
39870
97200
52470
55350
630
46350
57150
38610
66330
60840
49950
47340
38430
69660
10440
67770
8370
66780
65880
73710
31320
18450
33930
29790
69030
31680
52290
85320
60480
86400
97830
43020
18450
97560
7920
76680
32670
35010
28800
34290
73530
52200
18270
70560
72990
77220
20340
97020
25020
90
70830
82890
68490
72810
26910
91080
52560
47700
81990
64530
95040
37170
45090
42300
22410
81360
15120
14040
13140
24300
810
96570
900
28980
71550
17910
59580
1710
92520
75690
94950
26100
18000
48780
25560
95850
78570
53550
55170
10890
86670
69390
28440
31950
62370
37620
1260
22140
85950
39510
19440
89910
41040
92430
5760
57600
540
6300
31140
22770
66420
59580
49320
72090
90270
91440
12420
46170
18000
16560
50220
34470
270
81180
18990
14220
73980
75060
72720
77400
60030
43920
90
9270
67590
38790
66420
3510
94230
93510
53550
75060
47070
58500
14040
64170
32130
18450
99900
19170
20340
51570
92250
57510
56250
68130
75870
34020
23040
31770
65070
92430
30330
36000
95670
25560
96930
71010
72090
62100
41580
28530
65880
73890
70650
71820
56250
4950
24300
43470
37530
85770
37350
71370
85950
19440
59400
99000
46170
62820
32850
86850
52650
14850
68220
69480
11790
58950
73260
15390
70560
53550
88560
19350
84330
74070
10440
29070
17460
95850
81090
81270
91440
22320
29250
20340
85770
93960
75060
5040
10530
81360
46530
1170
39150
8550
62100
71640
47880
98280
77220
58050
83160
5040
46440
65160
6480
33120
41220
19620
56160
10710
49860
53460
8010
540
85050
6750
69390
27720
81630
98460
83880
38880
43650
59040
51480
58680
16200
33390
88740
64170
95220
15480
65430
66150
21420
71910
35010
26280
91170
45450
44370
83340
83070
52020
99990
83790
18630
69480
33210
19710
83610
4590
10350
83430
810
9450
71370
47520
93510
16290
62460
32400
9360
9810
24480
99000
36090
89460
42210
37350
60750
2880
89370
32940
41040
39780
5760
87120
35640
50670
96660
31950
1980
70740
73260
44370
34110
99720
17550
21690
41220
35910
64620
94410
6390
61470
5940
66420
64980
47250
25290
44010
20880
42930
68400
10620
72000
53910
81000
87210
24210
81630
29250
46260
35460
51480
51300
45630
20790
19440
38160
86130
54630
1710
68760
34200
82350
26370
52470
14670
73800
95040
18000
31860
60840
84240
89820
65880
1890
33480
53910
3600
94500
50580
72540
60930
63090
66510
11160
8640
50760
17100
88470
99540
76410
57240
64800
98280
11790
23580
53100
59850
77940
92250
69300
11700
87390
39420
24660
79200
5670
90630
50130
17640
6750
11430
17550
3060
96750
31860
67860
85950
27000
33480
96030
47610
76320
94410
12060
3330
53820
63180
86400
81270
23310
50850
89010
97110
75600
86850
44010
23850
22230
34380
78660
4590
11160
56790
55530
58500
60570
3240
17910
83700
96840
65880
38340
92250
82890
93780
16020
2160
25380
8820
87030
18630
1080
90360
22500
86040
72180
55620
60390
24300
93330
88110
13050
64530
5760
30420
37170
46890
8280
33390
49410
36270
23670
75780
27180
3510
53100
90000
23490
19890
54630
97740
57960
7650
35100
21780
24120
14040
48060
38970
17730
71190
95310
3240
56070
64980
12420
49140
11160
96840
630
93420
10530
29700
21870
19800
48780
21870
65790
98100
83790
2340
35460
39420
58860
24660
24390
5940
85770
27810
35100
8820
60210
3150
84870
92790
5310
13770
27540
74250
27810
67230
40230
92610
35190
20880
74970
52830
58860
20250
78480
6750
11340
81810
76050
45090
3060
81270
50130
44100
86760
33210
96570
95400
54540
97110
10080
42120
76680
99360
9810
38160
64710
86670
21780
15660
0
34920
24660
41400
23220
71820
69840
56340
53640
35010
3510
29070
73350
48420
12960
86130
84690
89010
90
53370
32220
96300
42840
90630
28080
37350
88110
16020
22230
95760
31410
59490
36810
35550
65610
11430
17280
95760
13140
630
9990
64800
27810
19080
63360
72990
75240
41400
83430
27810
59940
15930
45180
37080
23400
7920
95670
14670
94230
82260
96210
46620
22050
91530
24120
17460
52470
78210
69930
4860
54360
25830
96390
72180
79290
29340
61110
40860
36540
28620
1440
14130
90810
94950
82260
42120
36630
90090
72270
77940
39060
92250
53910
56070
9540
77940
79200
5490
14670
74250
58770
29160
97020
2430
62190
2070
23220
27990
65430
53190
63540
75150
61560
15300
2250
95670
61560
18000
91440
39870
45900
54180
99270
15570
47610
92700
8730
19350
40320
49950
22770
18180
74520
40050
43290
67860
74160
6210
3420
99630
32040
29790
96300
67680
80280
85590
15660
18810
89730
85950
31680
69930
30240
900
92700
99360
57240
27000
15750
82260
90000
69930
67590
80910
37620
27810
12330
8460
62550
2160
98280
20070
18630
32670
52290
43290
64890
59580
61650
6570
56700
83610
74880
39690
29970
77760
82170
4770
87120
6030
99810
12240
15210
19710
4590
31950
20880
72540
70200
55170
23490
43560
75690
31320
20880
2430
33210
91980
81540
19530
33660
66330
68130
14760
43740
22320
44100
20250
89910
77760
91170
35640
73980
65520
91530
4680
79470
4410
53550
3780
9180
58770
67590
66600
51390
97020
97110
19980
53190
33300
78120
55170
38610
68670
65070
86940
34650
12330
14490
14310
57420
8190
52470
54540
90630
20700
83880
23220
3600
56340
12870
77580
17910
12330
57330
21780
48870
83340
78750
34110
47520
27090
48420
89100
60210
89640
42390
86580
80010
52740
98370
46170
51840
54720
86310
80640
60660
27630
95130
13140
48960
75780
49860
11700
36990
76950
73530
91440
36990
97470
36720
56160
18000
27000
21420
61830
15750
46620
83340
13140
61830
41760
45180
69390
42210
89280
84510
3870
86670
99270
7470
96660
34470
70290
24570
65880
92070
58770
49320
98730
27900
82440
79380
28440
18270
28260
31320
86490
24390
49680
90180
39600
69660
59400
81630
64080
33030
45810
46530
45630
68940
91260
5760
55260
38340
56520
56790
29340
71010
14490
68310
32040
45900
60930
4230
71910
16650
89460
37350
30690
12690
90900
55800
55170
63720
11970
89190
4500
82260
4230
16020
3780
34650
27720
56160
95130
40140
50940
27000
82170
94230
79020
32220
64620
79290
15660
98730
40860
6390
70560
8640
44640
4500
25110
43110
4410
44550
95850
41850
72810
81450
80280
35550
47160
79740
79290
38880
9540
44100
41670
15030
8370
89910
77040
51120
25830
75690
62460
52560
14490
96300
25110
48330
57600
63360
810
22860
4590
23040
92430
36540
70830
3960
41220
13320
80280
64440
79830
77130
85320
34740
74880
9090
86400
26640
32670
18450
39780
46890
24390
31500
47250
95850
79740
62910
13230
22950
79110
54000
88200
74610
8910
1710
7470
26010
45360
34020
51390
50130
87120
99360
28440
4950
74430
34020
96930
32310
85680
45000
70020
34290
22770
99450
4410
10350
33480
69750
90900
95850
71370
59940
96930
5760
1800
83880
33030
68220
50850
82980
48960
43380
56880
32400
95670
74160
94050
63810
1260
26190
54540
94680
19080
42570
48600
68850
2070
82980
66870
90990
4590
33840
18000
60120
35370
72810
87750
43830
24210
96570
89730
17820
87930
66960
70560
55350
15300
45720
99000
36810
7290
53730
23220
82530
99000
12060
60480
76680
29250
42120
9450
7380
1080
8100
59220
83520
6120
10080
97830
39240
70830
2520
28980
5850
50580
11790
79290
78210
85410
55260
27630
48690
89100
91620
51930
20970
75150
1350
54900
65520
11160
74430
90540
25380
7020
98730
72630
95580
78390
31500
73890
69210
71190
4950
99900
63000
70110
4950
73890
42300
10440
56970
65250
1350
92160
93240
68850
87480
16740
96570
79470
52560
77040
84510
34920
54990
36180
720
38970
24930
82620
80370
58950
52290
14490
15210
8190
80820
10800
48240
96210
6930
32400
56250
55530
32850
87030
21420
42570
59310
58860
44190
67860
45630
3420
27090
9450
67770
76230
96210
65070
79200
16200
86850
95400
40500
34560
32220
97110
57420
5850
26550
16560
74700
2430
56970
68580
74520
51840
22500
80910
8460
98550
52200
77490
71100
73080
19620
4590
69570
96570
50760
59220
77310
97560
33570
19260
30960
93060
90810
53730
33210
89460
13500
76230
3150
10080
99630
40050
93150
8460
12600
13320
99990
4950
23670
56880
33210
15210
4140
5400
4140
40050
18090
47160
46800
20430
70110
18270
84420
77400
44370
60660
9000
91080
33660
61020
11070
42660
7290
37980
6120
94410
53910
99810
16020
19800
30960
99180
31950
94860
3420
26640
69300
10440
27900
39150
8550
67050
52020
38160
19170
76050
18810
43560
50220
57600
56790
31320
18900
53550
81630
82350
57330
13140
78030
65790
18000
75870
65880
52650
84870
18450
73980
5220
73530
42390
47880
28260
20790
29970
63270
44910
59310
28890
74970
69750
64170
95760
50940
72360
44010
13050
7110
47340
55710
58320
97380
54360
54090
7380
97740
59310
66060
57240
33120
75330
85410
8190
73530
35190
81450
7740
84960
88200
21960
14490
57420
83610
95670
31410
11340
44730
82710
68310
46530
87030
93870
28440
78210
22950
38160
53910
29430
37980
86490
10080
77400
86760
45630
42480
74520
14040
9270
41580
81270
43560
14940
20070
53460
6750
54810
97740
80280
74520
32670
54810
55620
91080
34740
17910
3690
40140
53640
21870
2340
80730
17910
36090
38700
34200
43650
74610
41940
70650
59670
59220
58230
29520
67320
42840
3060
23310
70110
29700
24300
40050
93510
93960
94410
63090
85230
90450
10350
82260
61920
25560
630
38520
11880
12510
89190
81090
35100
95940
33030
49410
84240
1710
90540
88920
62730
96570
88560
62640
58230
45540
5040
53820
44640
37350
96660
88650
19710
95670
63810
85050
16470
81810
1890
58860
49590
22410
71730
21870
69210
31590
27900
73800
69840
46620
14760
26370
65880
35730
60840
26280
7470
25830
23130
5400
92340
64080
24030
88920
91260
76320
18900
88470
88020
94680
57420
29610
94770
15300
71550
8820
5040
50580
25380
88650
46350
3240
22590
59220
23760
42120
38430
90900
6030
38160
5760
810
12060
46170
76410
69480
56340
3780
91890
7380
9720
28530
14760
76320
42480
11880
42840
450
35460
94320
28080
82080
6210
46080
5400
99720
54540
34020
83610
29160
39690
17100
6660
18900
49950
62550
86940
65880
78930
86940
61830
82620
27450
2970
64260
24480
18360
78840
55980
39780
69030
9900
13410
35100
92880
77490
69120
65430
20070
1800
2880
15120
35010
72450
99540
33390
29790
40050
94500
73170
32760
40500
82620
80100
14850
25560
88110
26910
44190
13950
21690
57330
75960
59130
61740
28440
29610
37620
28800
39780
56070
74430
360
43110
51660
89550
75600
50040
99270
90810
54360
450
89100
24390
63630
75870
62010
41040
9180
8460
56250
28890
70380
31950
77850
1890
46080
42750
60750
39870
74790
79200
11070
34920
15390
39420
71820
8100
29430
79920
47340
47790
81990
4320
180
70290
47070
92790
22860
46620
85050
66240
34200
88560
8730
17460
11700
80010
82440
55440
44190
78660
82890
97200
82620
12240
3600
8820
31590
57960
180
88110
1620
43560
49770
59040
27000
91620
78210
16560
81450
92520
36900
56610
48870
59310
89910
72000
51030
90720
76140
88920
4590
13500
70830
24570
96750
36540
99360
34380
67050
85500
38520
70470
82350
66600
89460
52380
44460
84690
14760
14220
84870
43200
1350
13320
92610
10710
83250
40320
44100
36990
14670
35190
71370
73530
39960
30690
74880
31410
74610
4500
14040
19080
90450
81450
1620
98010
37620
38520
51840
73350
64890
88200
80910
1260
82350
72810
24120
68490
80010
56430
31500
61740
61830
88200
66330
79290
47880
75330
27090
5760
47700
99540
4320
21420
30600
76770
51750
98460
23580
15390
53640
15390
31410
31140
37530
14760
97740
80460
62280
51750
12960
35550
18630
27090
8010
59400
91260
59490
99900
18180
92970
82080
35100
28260
17910
33210
93960
10620
1800
25020
50220
12780
68310
74070
68760
52470
9630
9450
96660
57330
77760
64710
67140
94140
78750
7740
98100
55350
28800
93510
95040
1710
41130
76680
4860
94770
11790
81000
54360
86220
78210
1260
54630
39870
86040
66420
75600
12870
44280
95400
63810
79020
2250
41220
99360
37710
97830
31500
26100
26010
31140
60120
99630
9630
47340
77400
180
62730
21600
85230
34560
89730
72360
65610
59670
42390
83520
42930
14220
45990
18630
41760
75510
29520
44730
80730
5310
810
11610
85410
89550
41940
37800
20250
5130
53460
80010
17640
3600
62820
83790
30870
75060
89640
38520
36810
95850
85320
5670
55530
20070
68310
54720
28170
44190
41670
58680
55980
45090
83430
7560
7200
24120
96660
5040
19260
82080
96480
59940
97200
20790
76770
98550
45000
56520
89460
27270
74970
12600
16560
80730
84420
69840
15930
78660
8730
14400
67410
35190
65970
82350
56430
91710
73080
54720
75240
59940
7380
98910
64080
86130
13680
57150
72180
25830
28620
45720
81900
57780
73710
98370
64350
43920
91800
43380
73710
6570
68490
97290
43020
35100
76410
37350
37980
55800
18720
58950
42660
10440
72090
80820
97560
91440
23760
95130
81000
42300
63450
80100
5130
19170
85860
52020
63540
75510
29610
74430
78390
6210
66960
22860
48780
92880
98280
30510
71730
15120
12600
17100
88380
63270
49410
19980
99990
13680
47970
85590
37530
74790
48330
15930
11970
74880
68850
44370
74790
73350
38970
93600
72900
25920
85320
17460
89640
43380
25560
72450
55260
92700
66060
67770
69480
75600
96120
75060
41580
51480
76230
51210
9000
17280
58230
83250
9540
45990
70110
70650
84420
58860
81000
46800
39690
6210
35100
53280
68670
64350
22680
74430
15750
4500
27270
13680
30420
60750
86220
66420
19890
57600
2880
59760
11520
52020
22680
56250
92700
95130
37800
45720
86040
49230
3150
25020
27900
20340
37620
42390
35190
84510
11790
81090
65880
95850
62910
26910
56070
54990
67500
99720
28890
86040
13950
34020
31230
44820
9990
61830
34920
28080
49770
75870
32850
74880
95130
56250
2880
8460
74970
17370
99090
42840
67770
65880
94680
82800
60480
45630
76950
82980
65340
12330
28440
15030
63000
77850
68760
67410
18990
49410
33930
21150
97650
99450
13320
45810
80280
9450
80730
66510
87480
63810
62100
92430
93690
4410
22680
97830
42750
60480
83070
25020
24300
9090
82980
81630
27540
27900
38340
1530
43830
13500
13950
7830
30870
26100
77220
79560
3420
22590
35190
58230
72540
83070
40860
77760
82620
17100
1800
15660
76500
41310
75870
35730
32580
86310
35100
96030
57600
14760
63360
82620
1440
49590
84060
30510
1800
18090
17100
32490
10440
86130
48240
18000
36450
97380
36720
77670
48600
84150
42120
69660
32580
59580
42030
2070
69750
76320
14310
23850
90810
24750
81180
74520
27090
61200
90540
41850
58410
77220
19800
70830
66870
32850
83880
43830
23400
900
65340
16470
10350
55170
67410
83160
32670
31590
86130
35910
55440
93240
85320
15030
89730
51840
17640
89370
42840
83340
78390
83070
30960
96660
99720
21240
11430
59760
55440
16920
47160
21600
81270
23310
60930
17910
30960
36000
49320
73980
39150
37890
16470
68490
68130
16650
87390
56070
99630
81450
35190
83880
56070
5040
5040
85410
44640
42120
98280
95850
21420
4140
43650
54360
55260
87930
22410
13230
11070
82170
66870
86760
69750
51750
48510
53370
34380
6030
95760
68130
76140
34560
72990
24840
63360
67680
44820
13770
48150
91260
8280
2250
49680
49140
21510
810
56160
69210
23760
97290
38700
20880
79740
63090
180
29250
37800
4140
12420
37620
94500
42750
73980
70380
5310
18540
59040
7290
80010
1260
11880
87030
14760
53730
26730
34020
75960
13230
75060
51660
69300
18090
54990
42390
54990
46260
23130
42120
55890
54000
3960
24570
53460
21870
23040
48780
21240
91350
88470
64080
95580
15390
35640
16200
9270
91800
74430
54810
3870
65880
36270
8010
19710
36360
360
43920
67950
28350
7830
60480
33750
76320
26550
76500
79290
6210
22410
42030
73080
85680
58770
50580
81000
80100
36090
19890
13950
52650
68760
17910
46530
95220
53100
270
55800
19980
62550
23670
89550
79830
9180
95580
73980
47520
88830
40050
1080
38610
78660
22680
26910
67050
98370
89460
78570
59400
67770
9090
90990
79650
27900
44280
76680
66780
8010
57960
32130
3960
53640
42840
93600
37890
48240
34920
19080
19710
63990
54990
52560
65160
48870
81810
32670
30240
17190
79740
540
83520
69300
90090
42750
13590
95040
18720
85050
7560
10170
80910
58590
31140
83520
60750
45720
60210
97110
87750
86310
75240
93150
62910
27720
1890
93960
13410
44190
42480
14940
14580
41850
73440
92070
37980
41580
85140
55800
54990
14130
76140
77580
70380
94500
3510
79290
40140
47700
65610
56790
39600
88470
34290
61920
15120
76950
90900
11520
50220
18630
48150
29700
49590
81270
49140
40230
87210
51300
16110
95490
1080
0
27540
1080
44550
19350
47610
53640
76410
84780
31500
180
36000
86400
61200
17010
68760
6840
30330
83160
91710
29790
21330
24390
37980
41220
59850
58140
71460
91710
8370
81270
72540
53910
38340
8640
19080
81360
54900
81810
91530
51660
99810
23940
46800
61020
62730
26820
69480
22950
99450
27270
75960
72360
83880
22320
13950
38880
54180
48060
82170
43560
84690
2880
46530
95400
80010
91620
54990
36450
3330
41490
6840
51480
40950
50310
32760
66330
56700
25470
5850
47970
30240
52290
97290
64440
50040
56700
88020
51660
75780
52650
98100
34830
85950
88740
34920
75150
55080
73710
65880
43110
92070
85860
47160
4230
68940
52470
12870
45540
26730
84420
25470
88650
79920
90540
71010
46620
99540
74340
68850
18900
51930
14850
20340
72990
27360
82980
2430
97920
72270
26640
54990
41220
42030
99000
12870
15120
88830
80730
73530
65970
88470
19890
15480
66510
34290
78840
64710
59400
88470
71190
8460
85140
26460
27630
26460
62910
35370
51930
31590
90720
85140
4410
29790
93600
55530
30060
64530
46800
87840
11250
82350
51480
24930
98100
85950
72270
1620
5310
87570
75510
47700
59760
48150
74250
71640
17460
16380
95400
64440
10800
18360
18540
74070
85950
80370
33030
87570
22410
50760
41760
14040
95130
32040
21330
81000
43200
22140
3150
98280
98730
62280
50040
93690
42300
59670
23310
33210
6390
98370
93330
57690
76050
67500
67680
15660
80460
27000
19080
98640
68580
21870
24390
37260
40230
90990
12240
17910
58320
38250
17550
52380
37620
11790
53460
76680
49140
9450
94140
91170
31770
43920
7110
54180
89640
93240
62910
29880
98550
74520
64350
41850
93420
66150
90630
62010
64080
30600
46170
55800
28710
91080
89910
5490
16650
49230
28440
81810
57960
10620
99450
17010
2070
20520
1800
67680
14940
36990
40770
15300
1260
92070
90
18090
31500
73170
23850
16290
35910
32940
75510
49140
90810
95760
25200
23130
52290
79110
37080
62730
89550
32130
86940
63000
41400
14760
67770
9720
66150
26730
73620
7470
40500
5670
55710
23040
37530
61290
71010
75420
35640
84690
72630
95040
26550
14760
23040
29430
99180
79830
75420
26550
78840
5670
20160
47880
73530
74430
62820
43920
95400
27810
54270
49500
20430
75600
76140
54090
75510
83340
5670
95940
32400
6030
56250
15120
27900
64080
60390
63000
12600
78480
34020
61920
56250
86760
32670
2790
51390
29160
52380
11070
69660
95310
18270
27000
14850
16110
71550
17100
58770
36720
14220
39510
55710
92430
28620
47340
68850
95940
64890
92970
11610
82350
34470
49230
41580
85500
89370
53100
29790
74430
54450
15840
40140
14220
73170
25920
74520
69840
3600
43470
62190
93510
99000
41490
98100
23580
40500
38430
3960
56970
32040
78840
68490
15210
63720
17640
63000
49140
10440
13590
20970
96300
75960
14130
51570
42930
30150
54990
69030
47340
83160
58050
29700
7200
79110
35640
5850
92970
65340
74430
78120
45000
9180
61560
39420
92700
63360
41760
96750
39600
93420
19980
2250
10890
32130
66240
44910
98820
85410
13500
84150
9000
61290
13140
13770
63900
23760
7560
84150
55980
73800
27900
98910
90000
64710
76500
14940
88650
78930
60120
40860
1530
41580
38880
23580
47250
44190
93240
34830
2970
68580
23220
14940
78930
40140
59670
540
50580
75240
43920
45180
32850
40950
22680
33390
17730
39870
18360
39420
88830
97650
82710
45990
90
23040
14850
32940
31140
63090
86040
63090
16740
15660
78210
990
55800
26640
55440
51210
40680
75420
86580
31500
55800
41670
12870
25020
45360
74070
13770
33390
67410
67770
45180
24210
91890
69660
17910
23490
76680
60930
68580
49590
91080
29250
27540
24300
26550
11430
30690
45810
41490
18990
93600
5040
72900
11160
87930
88200
61290
98460
9630
89910
69300
60030
59130
88830
15390
90540
29790
76320
47340
73440
91620
52650
24030
70650
59400
30510
89820
64980
29520
35190
51660
65070
14580
20070
75330
59130
45540
44730
74250
31590
96390
68040
80640
16470
99720
70470
68760
90450
58320
47790
27810
630
15210
33480
98640
35100
3870
64530
87480
88470
86310
27630
52020
68580
40410
53910
30330
4230
21510
30420
88290
32670
40680
95760
70200
54360
41040
14670
4050
34830
71460
34920
8820
66330
79020
36360
67680
99720
71460
37260
81720
36000
33300
68850
27810
38700
89280
18180
1440
91440
62910
86400
44910
93780
98730
62190
72990
25740
5400
2160
20340
37530
44820
72270
85860
73440
1530
18090
14400
9810
28350
16740
4770
51030
48960
51210
450
61020
40950
42930
52200
81450
66420
99720
38070
47340
36900
29880
44190
3150
70740
74250
45810
3420
23400
16020
61830
1620
93960
31230
21150
67590
66960
30960
23400
63360
24480
24300
38250
47160
65790
62460
48960
70380
71820
91170
83340
36900
60390
14220
63720
31230
50220
95580
63990
96930
32040
5310
78840
89640
29430
22860
86490
65160
79650
70830
27180
40770
33390
20880
35820
85320
18630
78840
23670
22680
13590
27180
12060
91350
28710
5850
23580
79830
72630
83610
83070
34740
5580
14400
44820
7650
38070
80010
68580
99360
34830
22950
60660
71010
80010
70830
38340
33480
48870
84420
1890
450
61290
54900
76860
8190
82530
21420
42750
90900
80370
91080
27180
5220
39870
28620
95940
36090
35820
98640
87570
77670
74970
40860
10170
36000
1980
12960
98370
67860
92430
63630
33840
87210
45270
24570
56340
29970
3690
48330
86850
4860
46710
85500
95940
44820
95940
2790
28170
11340
85410
87660
54810
93780
38700
12510
90990
57600
25290
28980
54990
8550
5760
96660
64350
74610
4230
13230
14130
28890
85050
64260
94410
59670
4860
67680
98820
81450
78030
85590
53550
16200
98910
72450
5850
77220
9810
88290
51390
87570
95850
95760
10530
22950
65070
75420
99450
80820
17460
44730
31500
59130
33210
45360
52830
69840
76770
76140
47340
77310
53460
9990
23310
68850
43560
77310
7920
58950
78120
42120
12060
98190
8550
73800
31230
1890
6210
25290
28440
38070
26370
57780
6300
24390
52290
88380
82530
65430
78840
80820
96750
35550
66510
19800
68400
41850
630
67680
62370
15210
89460
64530
24660
52560
73980
70020
34920
82530
41850
57870
10710
23670
77310
42570
19080
98730
39690
14040
75780
43830
55710
71280
7020
2700
99900
74880
64620
43380
3420
81720
49320
79740
57420
45630
4500
41760
60570
92520
58050
54810
20340
9270
59940
72810
64080
34290
57870
82350
79650
39780
86040
90000
16470
48420
84240
27450
98730
66150
1800
61920
63090
66150
40410
66870
51840
22410
1440
17910
79110
64170
12690
1170
15840
93150
22590
42390
80100
9000
31050
6390
6210
77850
63990
31410
13230
54000
21960
29250
6480
48060
40860
46080
70200
31230
27810
71640
98190
63900
71370
76050
28350
88380
59310
90270
24030
37980
40950
96930
20340
30600
39240
79560
44100
49950
71010
51750
5760
18540
30330
83340
8100
900
54990
66240
33300
65970
82080
80280
15390
46170
81450
49140
88380
41220
39600
21690
27720
85230
18270
76770
57060
76140
62190
24660
5760
59220
40320
47610
63270
56700
21780
41490
50130
32220
27900
30600
99630
59310
38430
44100
32670
59940
89280
42480
82080
62370
35190
18360
75690
34200
3690
67770
52020
89730
32400
49680
64260
18000
2520
12780
1530
65160
37170
89640
96750
85680
57420
35640
41580
84600
29520
89370
56520
8100
82980
71820
85590
27990
11250
95490
65430
46620
53640
94320
9990
42660
62370
77040
63090
72720
80640
56700
73800
68580
30780
34380
59310
66510
20340
32130
12060
9720
42570
6120
57780
45180
18720
63630
96210
3060
72090
36000
36360
17460
52830
21420
16740
82980
47250
46890
30330
52290
46080
93690
3240
69390
16200
58230
77130
98910
55530
79740
180
84780
55620
59400
37710
67860
74070
82980
2970
10620
93780
22140
86040
19980
18000
84240
23850
77580
27810
90540
7290
10440
96660
88200
6930
66420
44730
58770
55440
65070
43650
85680
630
6660
23850
55170
94500
94410
9090
69570
22320
6210
96480
32490
97290
84690
8550
45000
13500
8910
47790
59040
90270
46440
63360
47970
9720
50670
53910
19890
77310
46350
3510
64260
21420
83430
60660
51480
22230
59130
88110
59490
1800
75960
4770
73440
89010
60750
4770
55260
87120
27000
9450
33750
49230
80820
14400
28260
81450
64710
54090
49860
30870
6390
37350
54810
84780
80280
65520
96660
12960
27360
77580
11340
3780
60210
69300
50850
21510
95220
38340
94770
17910
4680
65250
38790
7470
93420
25200
99990
87840
79470
86490
36540
65700
59220
36990
40140
49050
50400
6480
29700
57330
17010
41310
43830
54180
34470
56610
75510
28440
55260
1890
84150
62910
9540
44280
6390
34920
73620
84150
32670
75510
66240
48780
22950
16920
30420
98640
15930
22770
44010
42840
67230
91440
720
91530
87840
25200
9450
5940
39780
46260
68400
7380
15300
49590
77850
13590
12240
90090
28980
4590
65160
85950
94140
32580
66150
19620
66330
35550
70380
84330
62280
21060
15390
71190
73710
21960
71010
87390
76230
97200
68850
56520
48510
87390
44460
93960
74880
58230
79830
84870
98550
24030
41490
18720
51480
9270
66420
12150
85770
92790
3690
32850
11340
13860
69750
33930
75330
13860
20970
93060
42210
88560
40590
74430
18090
27180
42930
20790
61740
73980
94050
61920
67230
89820
16380
28800
22500
14940
66600
29340
87570
65610
87210
79020
91350
30780
66150
59670
16740
96300
55620
54000
81540
8730
94230
57690
2340
97470
79110
36180
64440
76590
39240
85860
3960
83340
42120
17550
35550
91980
98640
53100
29610
73440
31950
27990
54810
31320
31410
98370
72270
97830
29070
69930
8550
22770
81720
99450
73080
23490
30330
34650
93690
86040
61020
50580
66240
87930
81720
95580
10440
17460
14220
46530
8460
62550
70650
45630
84600
91080
30600
35370
31230
46980
23220
48780
46350
21870
38070
92790
19890
88110
71730
40770
79470
79380
52920
89190
2250
92970
24840
55800
80370
75960
77400
14850
89550
75420
31230
69570
5670
42030
37890
81630
66420
63360
23940
43650
93870
10260
43560
96030
57060
23400
47070
990
87480
97740
85410
13410
27900
27360
44010
90630
35010
18360
8640
72900
89640
62910
54540
93510
97200
47790
72810
28800
9630
39420
75870
47790
90090
46440
54180
21240
14850
24930
84600
21420
90900
62640
63090
13680
35730
24660
6210
64170
46890
42660
44190
78390
10440
90000
29970
41310
52380
2790
23760
26910
6570
72180
96210
89010
69210
20880
66780
97560
1800
74250
59130
30240
39780
84060
87660
66240
47250
58500
36270
99630
73890
95310
99000
93780
49140
6210
12060
85950
50850
23220
17280
60660
8820
44010
90270
84960
26910
59490
28080
13230
53190
18450
8100
98820
57060
36360
39060
31680
32130
6030
30330
87840
35730
37440
32400
97650
95040
55620
5760
41220
43920
6840
9990
43560
62640
72540
14310
79020
21780
65160
90270
32940
85590
47610
16920
95940
72990
17640
92880
94320
28260
87390
76320
79200
64350
67680
89370
1890
84060
27090
81720
40500
42480
26460
43650
25560
85140
48150
24480
97830
32670
43380
1710
27900
40320
84960
25110
91530
98370
45810
87840
180
21060
48060
12960
30150
88740
33120
51300
32040
65880
67230
58140
31050
89010
98460
84420
34020
24840
16470
36450
26370
50760
89100
88740
540
4950
87210
30780
44910
51300
63720
65970
55620
70830
94770
63540
28530
48600
75510
16920
73890
14040
27810
94320
18090
11430
11700
84240
86130
53640
22950
49860
14580
53730
4950
98550
96120
33030
1440
31950
82980
24930
48420
93510
83250
2790
94230
60840
38880
90630
13230
91260
84510
93060
13500
28980
27990
49230
4590
49140
74700
31950
90810
70830
81720
7290
64980
2970
63450
38790
67680
37890
15480
12240
73620
55800
90360
71730
2520
40050
44460
99450
64080
86220
8820
73980
12960
24570
32850
52560
28260
71730
49140
81720
89370
25200
86220
22680
85410
43110
14760
63990
50580
87570
34380
14760
84240
96750
1170
34650
2610
61650
71550
48600
96840
37170
30600
66150
63900
29970
11610
56700
25290
67050
39330
68940
21600
21240
35190
45720
18540
59040
90090
2430
71910
13230
53100
54450
30330
66150
3060
98550
42210
26460
21690
9810
44010
84780
32670
2160
5400
91980
97740
48510
86670
21510
50580
48420
94950
9900
62280
7290
41310
29880
64080
35460
98550
11340
27810
52920
60660
51570
84060
12600
14490
80910
56520
69750
60570
12870
46260
41310
2070
68670
25200
48870
22860
62640
66510
79020
98370
94410
16560
80190
77850
13230
24930
86850
33390
52020
43380
14670
32040
540
18540
33750
10710
92790
95130
70560
89190
28440
30780
10350
60570
33570
99540
57780
49680
77130
96120
53100
3870
56970
88830
900
48510
13770
540
50490
50670
74160
59040
1080
79200
90270
54720
60840
6570
55710
64260
93870
19170
51300
19170
81630
31230
64530
30150
49860
74160
77220
86940
65880
71100
41850
62910
31860
69300
89730
36450
14760
18000
56700
36900
44550
48240
70380
24210
93690
28710
94950
48510
26010
98010
25830
16470
32670
17460
54180
35100
33210
83700
87570
360
58500
99990
30690
73800
34650
2250
38160
20520
98190
69570
34020
98640
69570
56610
96210
17100
28440
5040
52470
50040
24660
19980
27630
91350
61560
32310
60030
48420
12420
51840
68580
20700
50670
31230
34560
27900
75870
9180
18990
89190
81360
4050
95400
29790
17370
15840
14490
11970
35550
51030
59670
54810
41490
10980
53820
32490
49500
19620
42750
86130
21510
99810
37890
45540
85320
3240
2340
72090
52740
74970
52470
17910
40050
63360
900
69210
88290
19890
94680
80010
96570
67770
28170
95850
27990
6390
6840
56160
14670
540
72810
91800
76410
13050
96750
15390
68130
65970
37710
32760
43560
15660
36360
53820
35100
34920
18090
41400
82980
84330
82980
55800
35010
52650
4410
90810
52920
59310
99090
25470
10260
26910
83160
84240
87840
90720
79290
27810
79560
90090
42120
30960
63360
65700
96030
61740
51570
29430
14130
88290
26460
49500
7740
41760
19980
20610
51480
73890
70650
14220
74790
78030
88470
30600
50400
92970
41400
12960
72360
85590
78390
45990
30960
1710
88380
25470
83520
13410
40860
76500
77400
99720
40590
77670
17010
18900
47700
89730
73530
36720
37980
48240
15840
17010
44820
24120
62460
3060
73260
76140
19170
10530
37440
30420
28800
50040
58770
44100
50310
26550
37620
99450
97650
19260
13860
91620
50040
52470
66870
34470
85320
74970
94590
6120
83610
38160
51570
89550
95580
83880
63540
28980
25560
66240
78570
47880
9360
82980
67410
46440
59850
16650
17820
54900
53460
97290
74700
47790
21600
75420
59220
51480
63540
67140
41760
48960
68760
23040
59220
54180
5580
11610
72360
35550
81720
50850
11250
49230
35010
98010
6840
82620
30420
48240
10890
78840
98010
27540
37620
17460
36990
13950
73620
85860
49410
27090
20610
71820
6120
40860
51750
68760
67590
8820
55620
720
39330
8280
52020
67410
1620
58230
49500
20880
93870
24390
28440
95850
70110
70020
42840
41850
51750
50850
70380
1350
52200
8550
57150
23670
49050
6840
36360
60120
96930
8640
79920
66420
16020
30240
13950
89370
39060
42930
73980
41400
89460
37260
35640
93150
25380
23850
61920
53820
89640
27540
44730
21150
63090
79830
51120
26370
28080
33480
55260
55800
58500
64350
92790
94770
35280
21960
34650
97560
11610
71190
76410
10260
65520
27720
20430
54540
50940
74610
55350
55890
10080
73440
98100
81540
71100
23130
13230
89100
19530
26280
30960
27990
78930
9000
51570
65880
23490
56430
13500
49320
88110
45000
20880
80460
41130
45000
81270
21060
72360
93960
61650
45360
86220
37980
84150
61560
48240
2520
46980
36180
69390
17370
75780
25740
3060
78210
16200
31770
67410
36540
33120
61290
43290
4770
63360
7740
450
10890
49680
1080
38610
43920
53460
46530
69480
15570
78480
95310
6120
47790
90360
14670
60120
79920
71190
36360
13500
27000
61290
39240
79920
30960
80730
82440
4500
58320
29250
44010
13140
44190
180
98370
22050
58140
45630
35820
2790
85860
87210
49860
7830
93150
62280
16830
10080
64980
43380
2520
52740
76320
83430
9090
7740
51210
57420
45810
26010
38160
88560
55170
18990
32220
5580
47610
50850
91710
32040
14220
88110
67320
92160
17280
39240
73260
27630
85950
28620
65970
16290
92520
54540
60840
73080
52020
73710
55350
81270
61650
18180
58500
36720
270
90180
93240
91800
47610
72990
16830
27630
42390
61020
73620
93690
61470
76680
7110
30330
35550
54000
29880
54810
61740
65430
71010
29160
44910
37800
27180
79380
18540
49140
39420
93780
67860
74880
78750
57960
98190
19890
9720
58230
52380
53910
22230
19800
11700
78120
29520
67050
78210
6570
46170
6660
3780
56340
14400
59490
59040
71910
45180
46440
57960
93510
14400
62730
92340
55620
64260
69840
46350
25020
89190
35730
3690
45540
85950
78750
8370
90270
39150
66240
76410
34470
29520
97920
67770
56070
49950
34290
71550
61830
64620
19260
59670
68670
82800
74610
78120
99900
45180
18360
83610
2880
63540
23040
44010
11160
71640
58770
6660
25560
25650
9990
4410
59760
83610
72540
2340
61200
83610
69570
9450
52110
51750
64260
6300
64080
21780
1800
14130
72450
25200
34650
78390
73530
31860
38340
56070
41580
70380
28890
8550
37620
94230
66600
94590
94140
96570
4500
19530
11520
90180
31050
86850
18990
3600
9180
31860
5310
95130
44550
6120
43020
73080
810
21060
80370
91350
25200
90720
6930
32310
92880
84420
77670
89370
45630
62010
66960
84960
30510
72900
60210
75330
66870
53910
95760
27990
88200
56880
2880
22500
69300
66240
25290
88920
4230
8730
29520
6300
9270
13230
69840
5940
29070
60300
5130
40140
4230
3240
98370
98640
4770
72540
44280
32310
57060
26820
61470
66330
34380
9810
91080
8010
18000
5850
30420
84780
72990
62730
7560
83430
8280
74520
72810
4770
23310
23130
40140
67950
91080
61110
5580
86760
23760
24840
11610
81990
78570
29790
74970
25110
35370
28440
91440
91800
95850
6480
78660
36990
29610
20340
63090
82620
26910
53190
16650
3240
52740
59130
30150
22860
50310
78300
10260
86040
55080
7110
540
12600
30510
9270
96300
27720
45270
33480
43200
46440
67680
15120
25200
19620
33030
99720
1800
99090
92520
23310
38250
25470
43470
89460
39600
15210
0
88830
59490
58950
15750
98910
97470
63810
65700
43560
54180
44820
34650
61380
95400
49140
76680
58680
83790
59400
84420
99720
99270
37080
77490
58590
39060
75240
14580
62460
27540
83970
73080
74970
10800
86940
8640
70560
14850
63180
39060
2700
38610
35010
78390
67230
11430
76230
58410
36090
17460
82530
17820
55890
30870
11880
91080
28080
16380
27810
3870
71910
56790
90720
9180
30960
21420
97830
45990
83970
20970
85950
14400
16830
19620
51570
90
26550
65430
26460
75870
6750
34830
95580
40500
6120
32490
68130
47070
97470
12780
68400
18540
34380
91980
42660
87570
65340
62010
45630
48780
52020
65070
65430
36450
40140
79740
7020
90000
2430
68670
29700
61020
29880
73620
77490
76860
54990
78030
99720
87480
11430
41850
6570
39060
69210
87030
10350
4050
12690
89550
82260
98730
33390
7200
13050
32760
18540
55530
97020
20700
59670
61110
32940
98100
51390
96480
65520
31590
79920
98010
47700
25560
69930
44640
40140
93780
24840
33210
91260
51930
62370
61110
34920
33840
31680
59130
18450
22320
12780
34830
92160
80280
31860
39150
66780
64170
5940
39240
3060
14400
22680
38790
15210
98190
26280
92970
65700
69480
91080
53010
68760
68940
59040
6840
23490
97110
5490
80640
77580
79650
36630
94140
90090
93330
91440
84690
32850
5130
49320
8730
97920
99000
70290
93600
35010
69480
53910
76950
67500
53730
69570
77040
66960
86490
15300
73980
23940
91800
71460
5310
24030
92880
2160
89010
47250
40770
47520
87930
6750
77940
8100
96570
31050
50580
9990
42210
88380
64170
28080
90990
9810
32670
22320
34110
86580
98190
85680
60930
50400
88920
81540
35280
88470
37260
64800
44820
30780
45810
11250
32310
40320
27090
69750
7020
23490
60930
180
85950
22860
29430
15480
98370
48780
39600
71820
84960
48510
32580
43380
96840
65340
61380
8370
92070
44730
36540
37710
1620
15570
51300
93420
89190
27450
9450
16200
52380
12780
58680
27810
39870
63450
59310
68040
28980
64800
47700
35460
11070
50940
12330
71820
77760
83880
65610
7290
61200
69210
27000
28260
47520
77850
23580
80910
10170
69480
94770
89820
83250
71550
44190
61110
48780
28260
23400
10620
50760
2340
83430
73530
6390
17550
92070
47070
76320
52380
21150
38700
75690
68490
99090
11610
65160
12780
38700
62100
39510
77670
90630
30780
58950
30600
92790
13050
23220
80550
43470
40590
49500
22230
36720
36630
65070
84600
21690
54450
83430
61740
13680
2430
7200
56880
11340
75330
55800
84060
29970
41490
990
47070
15300
51660
57150
72270
10980
99540
71460
95310
82620
3960
65700
69480
26010
88200
99720
25830
93510
45450
78210
58140
59220
16380
29340
63720
61020
66510
9090
11070
26100
73080
45090
38070
25650
53910
22590
23760
1260
40860
20340
39240
54900
69660
90360
32220
68400
36540
35550
39150
26370
18900
85590
77760
13050
74700
32130
63900
22410
82170
22050
17370
85230
97740
10890
68490
72270
84960
98550
55890
42300
9000
64800
28620
95220
13500
19890
73350
36180
48690
36540
27000
18900
68400
24390
11070
50580
9360
73080
6210
43380
52470
39600
6750
30330
90270
43920
51120
13500
29790
18360
31770
55530
70560
26370
58230
48420
32490
8910
49860
93510
64890
20610
61920
32220
98190
37890
43200
59040
37350
84060
11880
47880
65250
54270
15750
96210
10440
25830
80370
26640
13950
85230
24480
2520
38880
53100
90000
19260
49500
29250
56610
99090
18450
67770
2070
68580
270
87120
89010
25290
17280
2610
63090
89550
10080
39960
84870
31320
5760
70650
53820
82980
57330
45450
66420
65700
5580
36630
83070
99720
50130
19620
78930
64890
16560
5490
62190
30690
26460
36450
35010
45720
82350
12690
90540
84870
12330
93690
65880
56700
75870
28080
45720
34200
23220
60570
26280
40230
72900
39060
76860
45180
89100
68220
55440
21510
95850
34200
64620
69750
84600
92340
13950
68670
60210
63630
64350
71910
64440
36900
93510
62910
30780
66780
34560
9900
32220
21870
77400
16110
53280
20070
8910
85590
47970
55620
30330
43740
99450
44460
990
13680
57330
15210
46260
77220
64800
97920
62010
42840
22770
50220
72990
99810
97650
39780
54360
71460
94770
58410
41940
93420
49680
68310
82080
92970
26100
19980
43380
94590
69210
42930
53640
21420
97920
29880
27990
8190
48780
23850
8550
29970
80550
53100
46440
10710
61020
46980
80730
63090
11520
85770
66870
74700
22320
16290
66330
3420
65070
34650
56340
81270
72810
97020
71460
49950
32490
39240
15390
50580
79020
71640
270
92520
71100
6300
75240
37350
67230
72000
95940
42210
49860
37170
49410
15930
20070
63810
8910
31770
5670
32850
97020
12600
49770
26190
34650
91980
92250
27450
84780
72360
57240
83610
7560
15030
9360
1350
53370
82350
80460
54360
36900
92700
65430
8010
85230
35730
22860
20700
95940
64440
45720
59490
97560
89460
84780
42300
18090
28980
13860
53100
77400
47880
42300
24480
75780
95220
16560
20790
65970
53010
33390
70650
22680
7020
13950
52290
96300
6840
41220
57870
4050
76140
50850
89190
82800
88830
3510
66600
88380
41310
76500
37890
41580
58860
43200
30870
38880
68310
74520
1260
22320
14130
8910
33750
23760
4950
70560
66330
70470
54900
15390
95580
91980
12600
52830
7920
4950
36900
33750
56430
1530
18810
7650
42570
58500
20790
71190
39060
9180
45990
9090
98640
42930
7200
60930
75510
4230
33840
62370
83880
6660
39600
24570
11880
63000
1620
78120
33480
14940
54810
35100
76320
87930
74340
23130
41940
94590
44640
26100
57510
55530
2880
11790
630
92970
46980
46890
10620
13320
96570
25650
93330
21870
53190
57600
22500
44820
74880
34200
87930
45810
22230
72810
41850
96750
49770
96120
64710
29610
92520
74520
34470
79650
9000
43740
38970
10260
20790
30510
88920
61110
97650
7380
83160
75510
43470
93240
78840
61110
40050
87750
78210
66600
88920
43380
32760
12150
900
3240
14940
1710
72000
270
48510
10530
53370
97380
87300
77130
7830
37980
630
180
63900
87660
84150
49050
66960
72360
20250
44280
66420
39060
27720
20700
20430
59130
52110
42390
12780
74700
43110
55080
77220
94680
44460
95130
45630
42930
55620
19890
86760
31950
57960
54270
38790
46170
66510
92700
17100
46260
7110
28440
65070
67320
41850
31410
41400
89910
72630
43830
38430
30600
32760
20160
57420
87120
49680
79650
15120
17190
26640
80640
23220
77760
48600
65880
61740
27990
43380
75960
85320
36900
14760
75150
93690
82440
33660
88200
51750
42570
96930
87120
33030
93420
99900
84600
2340
46170
83790
76320
88470
81630
47880
77760
75960
20250
18360
25470
41850
15930
45720
30870
98190
89100
86580
36720
82890
53100
64800
49500
91170
82890
630
95940
27810
45900
270
99090
13860
55350
54090
28260
17640
90990
6480
71010
79560
58230
64710
56340
92610
37980
25740
76230
12510
69840
11160
25110
4050
98280
65610
8910
25200
12870
55530
83430
25470
92880
58680
91260
60120
19530
4770
35010
87660
19170
59850
40410
57420
52650
16920
30960
1170
54990
57150
87840
61380
4140
49590
22410
63720
26550
94590
46440
1530
94050
12510
9000
97200
11430
20700
49860
78030
55530
85770
53730
18810
36360
43020
27270
25290
86760
41130
29880
73440
5310
66600
49950
810
39690
70380
15750
23670
68490
64350