1999 10000
16830
5850
74520
57420
47700
61020
65340
68040
96660
67410
31320
27090
7650
35730
79200
93060
36540
54810
58500
67590
18270
16290
7650
66870
15300
40140
82710
73890
30060
22230
38340
6300
65070
19530
81720
67050
76680
630
37440
21150
18990
40320
64620
73350
360
78030
28260
93510
63900
92700
59220
88110
32490
99630
98910
4140
12330
29520
73620
19710
15660
60570
43470
4230
83250
87750
36000
62370
7560
52920
55710
41400
27360
32580
13140
2790
70020
21240
48600
71100
18270
5220
10080
35640
20160
40320
13410
41850
32400
60030
95130
71730
53190
84510
24750
24480
43740
20880
66960
8910
54810
95940
60930
45540
86310
47880
38070
44370
74880
8190
15660
15300
5760
78030
33930
63450
81720
82710
37710
44820
97290
23850
60570
95400
33840
66780
92790
82710
89910
24840
85050
35190
25650
67770
28530
48420
78030
27810
70110
96570
49230
62370
96840
65970
47610
93060
99540
8640
49050
2970
50310
3060
76860
75420
38790
45540
45360
990
13230
76140
75870
5040
56520
7470
64890
63090
79830
4410
22050
30060
85770
16380
90540
98280
29160
50130
72630
76230
33930
64170
27270
73710
17010
59220
66420
61920
53550
2520
82890
37620
26730
1710
17550
64890
43110
44370
47520
48510
78570
23670
13050
55710
5130
76050
62730
64440
2880
12240
13590
7200
69480
42570
51570
4680
54270
70740
80910
69930
79380
65070
50220
18000
27630
29880
11970
51570
88650
1800
97020
89100
94320
29430
63810
11790
9000
38610
7470
44460
18180
12780
3150
99990
72540
21060
14400
94230
63630
49950
79020
79290
56610
12600
37710
37980
82170
78030
30510
24660
31950
53550
78480
54720
50400
9270
26100
37530
73260
66780
16290
8190
92160
62730
22230
26730
8280
8280
7290
9270
76950
6930
81810
76050
74070
9810
75870
47340
96120
39510
46620
69570
78750
56340
42210
11610
94410
86580
90
51120
98190
5760
57060
66870
34650
63180
55710
14130
29970
65880
15840
82620
66510
22770
68400
6210
79290
26010
34830
94860
25020
54090
34470
52650
32850
96120
92790
97830
75600
8730
28800
50040
60660
73620
76590
84960
84600
18990
90270
27270
59580
90180
6840
61650
21780
39060
86940
43830
41400
28080
66150
11430
78390
18990
24750
74610
55440
61560
22950
11700
630
47430
76680
9180
2160
14400
39330
86220
25200
93510
20430
20880
66240
39060
91530
68760
630
27540
74700
7830
80010
14130
90810
35100
97470
37530
11970
45000
51930
54630
82260
69840
63720
73170
95400
50310
94680
39780
96660
90180
6660
97110
43740
92610
32040
17550
13410
71280
13410
8550
80640
85500
52470
30240
94500
23940
98910
57780
40950
53910
37080
53100
22680
87570
44550
91170
26640
49500
45900
93150
43290
57960
25920
48600
13320
51390
41940
85680
50670
23130
32400
90720
68490
17910
44280
34110
43560
74970
79290
50940
81540
99540
75240
58140
78930
25470
50130
67320
55530
29070
63090
82260
9720
7380
24570
96390
61560
67050
30510
64080
76680
9090
26730
63270
3870
39780
29610
99270
55620
89640
96930
77220
68940
3690
71820
26460
55890
31410
53370
99090
87570
97920
39330
99540
45810
69030
20790
27810
75780
41130
54630
93780
35730
27360
70110
66600
10890
35190
630
98820
59760
8010
65970
1350
57960
33390
90990
70110
63630
73080
52560
6570
25920
94950
5040
55620
73170
34470
16380
21870
27990
4140
25920
64800
54720
70560
54090
94410
78840
97020
87030
89100
78750
66600
97020
27810
18000
65880
93060
46890
4500
21690
24030
97650
810
2070
67140
31500
90540
99720
57240
81450
15480
18000
50220
57600
56790
3240
18810
98640
32400
75240
71640
31860
55260
990
14220
85410
37980
75870
39600
8640
57690
3870
1890
61380
57780
56160
93240
62730
10620
74880
73260
17280
97110
43740
60930
61560
72000
38610
30240
30600
45900
83430
4770
34020
38520
3600
36180
73710
28710
50490
81720
84060
45000
29340
80640
21420
79020
6570
28260
85950
6750
81000
5490
53910
63720
20070
42390
73440
90540
17010
41760
84780
15390
69930
54000
30510
93780
33570
66060
12240
39420
14490
25830
14130
84780
65520
94500
21060
37710
61650
6660
50850
18090
43740
57600
81630
18540
61020
29160
16470
46170
53190
34650
80010
31770
60120
45990
95040
23580
22140
2700
43290
65880
85230
15840
38700
80280
59580
40860
68220
32760
14850
74610
92340
74610
3690
17370
5670
11700
23850
17370
10980
62730
51660
84240
32490
51030
87030
16560
9180
71460
10530
90720
12150
21870
9450
87120
71370
21150
6030
83700
38160
85950
38790
52290
30870
47700
67770
89010
25740
6480
76680
50940
63450
62100
720
73350
10800
22950
55800
2160
46350
13860
99270
76950
20250
97020
27450
38700
72270
99360
87930
32580
66600
13680
64710
38430
6030
56250
13140
63360
90900
54180
45180
31500
76320
15930
82530
15210
13050
13680
68310
71010
60480
46440
46440
11250
87480
70110
15840
18000
44460
80370
82170
51390
67860
54810
86670
20790
38970
78480
16200
52650
31950
57060
49140
42210
76140
72090
45000
7290
95580
59490
14310
86220
44730
44910
67500
65250
69120
30330
48690
60750
11340
27900
37350
80010
69570
79650
11250
95400
48780
44460
1440
45720
7650
59940
51660
84240
78300
3060
90810
18720
93060
94410
43470
94860
78480
45270
80730
81090
80460
92880
90630
67320
4050
37260
63450
40590
90360
43830
77490
67860
82800
46530
88470
95400
82980
35460
28800
33840
82260
89640
7560
54540
91710
74970
16740
12420
94770
45270
53910
7470
79920
66330
4590
70380
68310
91890
42210
66060
86220
69030
34740
85410
24840
46800
14580
45810
2340
80640
57060
82530
57600
18990
9900
2520
69120
5670
91440
14220
83790
17100
49140
62550
63090
2880
12150
47250
50310
67860
21600
11430
64080
23580
54180
28890
63000
17280
31860
32310
33030
80100
36450
29970
34110
77580
33930
55260
98370
55440
61740
73080
78300
77400
99900
90090
65880
13770
81000
79470
15210
18900
74070
2880
79200
12690
55080
13320
96750
12780
48870
93600
51030
27270
22410
94320
97200
63810
42930
87300
38880
36720
4050
23580
3690
18720
33210
54540
62370
25470
97290
30600
80910
1530
25290
58770
18090
96300
55710
85050
97650
720
63450
63450
35730
35910
85410
11340
41940
54090
34110
41670
94950
51750
47430
88650
19530
14940
38070
43470
28620
5850
70650
38070
54270
72270
82260
9450
79740
66690
28800
29610
98640
59850
25470
15120
6300
43650
81000
1260
56250
22860
57870
26370
1890
51120
98010
21510
900
34560
77310
74790
93150
41310
26280
5490
14130
38970
99000
47430
46890
82530
43650
30330
23940
82170
39240
56610
60480
5400
6030
26010
59040
58950
19890
47970
90990
19800
47700
23850
49050
78030
18270
61740
82170
14400
2250
71640
69570
40140
63090
46260
49770
70740
96840
40140
94140
1350
78120
7470
48600
59130
53460
44550
73620
92700
98370
9450
61560
37530
18900
54630
1980
11160
62730
90450
38250
63360
94680
90540
69390
63090
92340
1350
99540
31590
50220
11160
32940
62910
30780
6030
16470
67410
11880
47700
45990
30510
42480
51660
77130
70740
32760
81360
65520
31590
87930
31140
48600
34470
85230
66600
90630
86130
80550
76230
74340
87570
63450
87120
1080
17280
31770
85050
18540
96030
68130
77040
17190
87570
32760
6660
63450
64710
71280
32400
1980
64080
72540
88020
57780
37350
90450
76680
95310
16740
43110
51930
21690
62730
30690
71370
89640
30600
12690
26370
72990
91620
59310
61470
52290
9270
86220
62730
33480
19170
94500
77670
43650
86490
69210
33300
4140
13500
32940
76590
84960
31860
42210
25200
56520
19980
77940
6840
59310
55170
92700
40410
60210
75060
52200
48690
81720
38430
15660
6120
72270
21330
39060
54360
29790
41040
87300
90090
52740
5580
76500
44370
53730
53820
48780
13410
19260
54090
40140
85770
85410
19800
61110
15570
3060
6120
54540
66150
83430
1800
33480
29070
75960
97380
47880
76500
50850
24300
46260
68220
94680
13770
15660
63000
1530
85770
91170
90000
95040
34830
45450
48600
24570
67950
95760
70380
47250
46080
96840
36450
10260
27990
63360
7560
93330
44460
42570
16560
63810
39870
26190
92070
96120
51120
47340
91440
65430
9180
39780
99360
35730
9630
76770
31320
9540
78570
3060
60210
97110
46620
65610
29790
93150
13320
56970
29520
62280
16650
49500
31680
52380
10980
31230
83250
67590
97200
540
21780
27360
70650
7380
3870
15660
61650
29700
66960
17640
3690
20340
270
30060
14220
93690
86220
30690
27540
83340
53190
9270
52200
67950
56790
7380
33300
69930
41310
36540
41400
63810
98460
41670
5760
36630
39600
19800
79110
65790
59400
82620
30960
95400
90180
19350
9270
98820
31860
39780
88740
74970
65790
52470
68490
79380
47430
63630
14130
3780
95130
10350
88290
96930
43740
79650
83520
79740
32490
50220
36720
54810
79470
25110
9900
26460
95220
22140
90
58410
29520
73620
4770
93240
44280
41040
79020
4410
91350
50040
53280
64350
80460
51750
56250
70020
75060
39060
900
19350
47700
56160
25020
30150
30780
5400
96750
88830
20880
87570
52020
12510
22500
4680
56700
95220
99810
64260
13140
89820
95490
19980
12330
14310
18630
84420
64620
96030
12780
38160
8100
13320
65970
45360
2700
54180
98550
53910
53910
36360
37350
16740
70650
71640
94770
15390
38250
22770
69300
95760
60210
64440
77580
73800
59220
43920
37620
10170
85050
89460
22590
43650
79740
23310
99720
75060
28080
17190
71010
48240
66510
18630
41490
75780
49860
21420
94950
7560
95310
91080
73350
69300
38430
22770
3960
79650
58320
47880
56430
74430
35460
93960
88020
37800
62460
51840
62370
86670
29520
29790
7470
11430
29340
26730
23490
77400
34560
58770
84870
22230
16020
98730
15750
91710
50850
49770
60300
52830
16110
41760
63540
72900
84420
65790
78210
31140
26460
98730
31410
72450
18270
38880
44730
98190
32670
70830
27990
69570
93240
81990
39960
56700
37890
6210
59310
50310
6840
74070
20520
70740
72360
22590
57510
85860
19980
71010
84330
55530
42390
2070
54450
52560
52830
71730
18450
14220
8100
81270
46440
65610
2970
57420
43470
34200
55800
63990
63900
8190
3420
46980
71010
14130
16920
65790
59310
38880
60840
94860
77220
96480
5580
85140
85500
28800
38430
8010
39960
1440
32490
54180
55530
78300
29520
5940
36630
84870
34920
63630
63000
86580
66420
47340
99270
25740
94500
1800
35010
2880
19260
67050
91980
1530
28890
8730
55080
80820
91980
22050
9000
5040
25740
19530
42660
63090
57780
40140
90000
90990
21780
50400
96750
43740
43380
55440
78480
52200
52560
29340
33120
52470
43110
68760
71820
81630
91620
49140
89010
32040
13410
10260
11970
58770
89370
3330
65340
60390
3960
94050
50490
91350
89460
92970
38520
12240
29160
50400
23400
69030
20070
97110
37980
75690
59490
52920
26820
78660
62280
21510
80460
35550
10350
9630
72900
23760
64890
69300
47430
13140
93330
83340
9630
52110
59940
41220
23310
61200
3150
10350
57960
94410
84240
53280
55710
47610
83970
70110
20430
52020
62100
41670
17370
11700
28890
64260
1800
94050
70200
68670
95220
76590
74880
20070
75690
93240
54180
7920
28170
95130
24480
59400
28620
68130
96390
29970
23040
15120
53730
31680
20430
83430
43380
41310
14220
83970
37530
94950
79380
35730
81270
94050
90450
5130
54000
30600
81810
58230
70830
61380
4320
92970
14580
90270
23310
51390
24660
60480
17010
87930
23490
35100
27540
76680
95220
31410
34650
73170
29700
97740
40410
80820
30240
60660
75780
3420
36000
12240
12420
72990
61740
89370
35550
33660
36270
81270
6840
19170
86760
23850
45810
35730
7740
66150
90540
93060
28170
10710
61380
29880
66150
24660
19980
80550
96030
37620
66510
9810
54090
60930
86940
65790
55710
41670
2070
64260
48240
2430
80820
68940
73620
91260
57240
65790
810
60570
71820
90000
44910
4410
65970
5310
75330
90450
80460
6660
2880
99900
78030
89640
56700
90000
7560
71910
25110
57420
13320
62280
56430
29700
54090
67050
6840
11520
98910
30150
25110
52560
31500
16830
30060
57600
4140
18990
52830
18900
25560
95580
40860
59670
94770
16560
91980
18450
12060
91170
59220
81720
35910
55260
71910
21150
52380
99360
26100
6660
49320
18000
85590
13320
72450
54540
19890
33120
15660
71010
36990
54450
86220
42300
68490
16380
63450
46080
14130
5580
7920
15750
87660
94320
42030
6570
48780
38790
45990
99090
51570
82350
27180
8010
23130
71370
90000
5580
90900
62190
60390
15030
36540
94230
59850
360
66870
96930
89460
83340
8730
59220
53910
45360
42840
97290
61740
85410
55890
43920
22590
23670
10440
84150
990
32580
5850
7650
32220
10260
77940
77850
33570
64710
61920
51030
99360
16110
64800
10710
54000
23220
23220
27180
73980
61740
88920
77580
86040
6660
59670
52470
65520
10080
91530
33030
43290
89190
28980
31230
63180
74250
29520
9720
62190
99360
4680
54630
99540
38610
20610
32760
60750
25740
34740
49860
71820
55800
2790
47700
6660
32040
92700
69840
8730
29520
33210
77130
52650
30060
24660
52020
54270
59580
78120
77670
52200
51570
93240
73620
14670
76050
41670
59760
27990
73260
59850
68310
3600
39510
6300
74430
32310
25470
9810
83250
17010
39600
37080
78660
3960
64980
70920
38790
64170
23940
17370
18270
6210
53100
40680
46170
46260
83700
20250
99450
86940
62550
59760
82080
2250
66150
90000
89100
45270
55170
5760
57420
10620
29070
99900
20340
86670
82440
61560
27090
2610
48960
32220
38160
46350
42030
9900
3510
57060
43920
32580
75420
45000
90630
57780
31950
7470
91980
5670
80100
30060
93330
52200
66060
56160
55800
24120
42840
91260
53100
82620
61110
44460
53100
98280
98910
57870
27540
23400
7560
81090
52560
45090
6570
24930
98820
95580
76320
14220
47070
51210
96120
97200
75330
64800
80190
61470
54630
46980
87300
57780
52020
91170
84690
37620
67410
22860
1800
42300
96750
27360
15750
44460
51030
62730
88110
53460
34470
38520
98730
87390
81990
29970
80550
39960
56340
51750
83430
6120
70290
23130
67950
11790
58680
9810
98730
89010
93780
3330
10620
83970
32490
50760
29430
11340
35280
49050
78480
59940
75060
9000
41580
97830
33570
65340
99720
46080
33300
86400
13050
26280
91170
82440
14490
32850
1350
94140
65610
24390
67770
95760
81630
51120
16560
56430
99090
99450
45990
77130
75330
31320
86220
5760
21600
4410
20160
81270
60120
41220
10440
38430
70110
52290
63360
89280
37350
40590
12960
60480
46800
9450
95490
33570
75330
14490
47790
24480
33300
37890
97920
27000
16200
21510
13770
63360
88740
80010
87210
20790
92250
89640
81810
74610
91980
53640
35190
97020
58050
56520
68670
21780
64440
85770
52200
86220
97650
31320
76860
32670
95940
84060
57690
49230
53820
5130
49140
77850
82260
42660
22500
27990
64620
33300
61560
36720
67590
79470
53010
3870
33300
72720
21690
87300
38790
28530
74070
65700
23310
23130
97470
62190
95490
7470
37260
96750
13950
61020
72630
38340
62550
2970
52290
85770
67320
60390
9180
84780
87840
50490
16740
720
64530
91980
74520
41040
55170
73260
73260
15120
21690
81540
18630
90990
20880
77850
65520
75690
18720
40500
0
70200
26100
56520
25290
58500
63450
34470
86760
70470
38790
16020
51570
90
69660
56160
50850
54630
63810
55080
71100
69480
4590
92790
76950
94410
41040
90360
84780
60390
22950
92610
23310
11700
10170
34020
8820
3600
68670
53820
15660
73710
71640
18090
56880
42570
48150
9810
15480
30330
76050
78030
53910
53730
15750
76950
40320
63900
43650
89370
29880
6030
91260
17550
52020
41580
21150
73980
8910
89280
45450
2520
7110
13680
12510
42390
68130
76500
36810
52470
80550
75420
81630
16920
28800
67320
29790
61830
55260
630
57330
74070
5670
99180
62820
12780
54000
36000
84060
19080
55980
71460
92340
17730
13860
98730
10260
1620
59310
3960
72810
80460
55710
86040
12150
56610
78210
75420
69390
51930
60750
58590
11700
19080
42750
50310
40860
5040
31680
5580
19980
33480
44820
63090
3510
89190
75780
67320
24300
68580
24930
69570
41040
80010
74070
66060
64620
52020
53190
33120
35280
93420
7380
24660
98550
51120
67410
74070
72090
25380
2430
84600
12870
53820
83250
91080
8460
35010
56520
93600
70020
92790
2610
58770
11700
10170
47250
36630
8730
27540
98280
26550
5670
22590
83070
90
9990
89370
50850
45360
7560
57870
18630
31500
36900
99450
56520
98460
42570
96480
48870
66600
63090
72630
60120
33390
72990
52290
96030
27270
89100
71820
3870
77850
75870
8100
36720
22140
1530
20340
89370
62370
88380
72540
94140
83430
59760
1890
23130
20160
29790
46890
56250
37800
54810
34020
56520
6390
95760
76140
31590
40230
30510
67410
73260
55080
91710
5130
98640
30690
10890
96570
12870
93150
31050
37800
35910
61740
81630
56250
69210
83070
41400
95760
79740
7470
23580
88830
93780
56250
59850
19440
36360
22140
45000
70560
720
59670
8190
58590
86850
96840
14400
58140
81900
9900
34920
16650
21690
10170
17910
14580
12780
67140
21510
63990
31590
37260
15120
16290
46710
38970
46350
80010
19710
39960
6300
75510
95220
29520
73530
63990
22590
88560
47520
20970
46620
48060
43740
11250
51750
13230
34110
6390
56790
7920
25470
62730
44820
41130
39150
63900
77940
85680
44280
76410
7560
97650
11790
78210
38340
93600
93510
73890
52560
25380
97200
71910
7020
69390
60480
77310
60210
74700
56340
31860
39420
51030
37800
77310
5940
57240
46800
95400
82710
17100
88380
90720
22590
75240
86220
28620
40680
62730
71280
46260
30150
12870
41670
54900
20970
97020
63270
44190
99000
59130
99180
11070
44190
19980
49680
16290
66150
3690
50670
27270
76770
22950
57330
35820
51390
13410
82980
99900
4140
51390
40230
38790
83520
24930
50580
36450
96300
39870
51750
92700
40500
49500
3600
60930
70470
450
5310
58770
43020
77760
95580
65700
80820
52830
84060
82620
57240
96300
87660
31320
41040
79740
43650
28530
69030
1440
35280
9360
12600
32850
360
30510
50670
1800
75240
16200
86490
44370
3330
76680
26280
68130
80280
71460
20700
45990
82440
91980
6030
98910
90810
93330
84240
46170
10350
90540
61470
38610
93960
60300
59310
56070
30420
84600
25020
28440
95130
66330
69930
60210
12240
65610
22410
30960
93420
33120
28530
18810
89460
9990
16200
28620
83790
35460
30690
53550
86580
99090
13950
2790
26820
70920
7920
90540
38430
86580
36810
11880
77760
95580
11520
44100
43380
87570
66240
86490
34650
35460
30510
63090
21330
86490
8190
2070
91260
7650
8820
37620
53640
14850
55350
3330
87390
78210
46980
32670
63270
81810
66600
17370
45900
67590
93420
87570
16920
75690
24390
22950
70200
35910
6030
36270
59850
26730
76590
33750
40140
8640
72090
45180
54810
45450
80640
2880
14580
63720
85320
5940
29700
16920
1260
68490
43380
55440
71550
540
88020
28800
65610
37620
56070
14580
10620
7380
52830
46080
3870
36990
6480
82440
72630
53730
47610
81810
25650
45990
55980
1350
68130
450
47250
16560
26460
36540
54360
71820
37440
15930
31770
27810
43110
64530
14760
28710
37350
32130
98910
15480
11430
38790
97290
89640
14220
88830
720
39330
55980
67590
51120
25200
16740
95040
86130
62460
2160
20700
51750
10890
58680
56610
9540
27450
15300
7110
52110
15840
7560
4950
64530
68130
68760
78210
99180
80730
30690
26460
7650
89640
59940
60840
38970
1440
84330
34380
2520
53370
28800
62820
81540
44640
50220
81090
68490
14490
67950
97560
91530
83430
74970
34020
10350
61650
32490
30330
82350
8910
26550
52110
62910
82530
48600
76410
61830
94770
87030
33300
18900
38970
20610
15030
99900
33390
16380
55350
39600
54990
1350
16020
17550
11700
57870
39870
74700
83160
98730
18450
46260
50040
58860
12600
50580
86490
53370
76680
46350
56430
33030
38970
0
49050
57780
88740
69570
90540
8370
49860
24660
52920
85860
90990
68040
57870
97920
77580
2880
66150
62280
46980
54900
21960
62370
60300
63900
18360
91170
19710
27360
86220
45450
12510
16650
64530
16470
43740
59940
61290
32040
73800
14850
30330
34740
4230
85410
83610
48960
36900
79200
66150
14580
89640
31950
27360
87300
99810
36450
83430
19890
79110
79830
65700
86580
54360
42030
38610
52380
82260
67680
59580
85950
78210
17460
98820
94230
78840
18270
85320
57060
48600
62190
87390
87840
33390
450
20520
58230
49410
46440
3060
65880
82800
70110
26370
90090
67770
10980
79380
51030
68220
37530
65070
32580
23670
56070
47700
31500
93690
23310
24120
46080
20880
78930
27180
49590
77580
50580
33120
11970
60300
24120
18360
94410
8730
17010
30870
65790
23040
86130
90990
43920
93690
29880
3150
57600
59400
37980
4320
22950
42480
25290
52110
22680
84060
90180
62550
46530
25470
38520
90540
21060
76770
55890
56250
25110
89730
95220
36810
6030
33750
42750
61920
84600
8640
52290
37530
56520
18720
13950
81090
81360
72360
52740
67500
61110
91440
25560
82080
42210
54900
810
1530
45540
9450
76950
51480
35010
95310
66330
84330
31050
93510
30600
97380
68940
37260
69480
32040
62550
78300
71280
21150
32940
95940
87390
93060
21780
36540
86400
34470
30780
69300
39060
71640
56250
80010
71190
59400
64890
9720
33840
55980
10530
4230
58140
75780
25920
65970
63900
59940
9090
22680
58860
71370
96840
72450
81630
34380
84060
3240
43740
84420
45450
77040
26280
50940
67590
70740
5490
79110
30330
33030
34560
91440
68310
57690
83610
28800
64620
26640
22680
89010
70650
36630
88290
14940
48690
94680
35820
65070
22770
98280
84330
19350
1980
82890
18450
49410
51480
59040
86760
4410
61380
56430
71010
63360
95760
49770
48330
5940
1710
51480
13410
5310
85590
84420
64530
59490
64800
69120
44190
64710
82260
62370
28440
95400
51210
17640
60750
47520
47070
84240
52560
49680
87300
76230
31950
18000
90450
69210
15660
91440
36630
16200
98640
42840
55620
4140
39870
22590
68130
66600
63540
87120
46080
34470
7200
2700
3960
90540
82440
47070
47070
91080
2520
32760
20520
69120
37800
1710
34020
51210
14400
33120
92520
33570
4860
95400
9900
75060
99630
33390
39420
63270
73890
41580
93420
57690
4860
95940
97110
61560
10620
15030
13410
83880
46800
72630
75600
10890
71460
16110
17190
29700
25200
42390
56880
52830
66510
27450
33210
82800
6930
79290
11430
27360
67590
61560
54810
10080
42390
66960
88200
34740
7830
66960
78840
29520
88110
68040
80370
39330
36000
39150
810
20700
2430
72450
47610
81990
95040
92700
22500
51390
22050
19260
31230
60300
1620
19800
56340
41040
2790
85320
37890
42930
5400
92610
41940
37260
71910
69840
25290
58860
67500
10080
61920
41220
96660
92520
29520
5490
34740
38430
6840
24030
68220
22770
64260
35730
98370
92430
18360
50220
36810
80370
5580
35010
67140
45900
48240
95130
16560
13230
61740
7020
14760
70650
89280
93240
72270
10890
25020
65160
44730
14580
62460
69390
58770
62550
3780
4320
25650
79830
13320
98640
36000
43650
33030
34470
96120
4860
32760
22500
83610
58140
89100
60120
57690
25200
52650
65430
88560
5940
30870
94050
58320
9180
91890
33390
12420
65070
89640
50400
51840
53100
11250
37890
77760
76950
99360
28260
22680
64890
85770
92250
43830
33030
20070
81360
85050
78750
10440
12420
73080
15750
7380
41490
13590
68760
59130
65790
83250
68040
70740
900
46170
12870
75870
76410
90720
84240
30600
74700
12870
94500
61200
91980
81630
22320
41670
50940
79380
78750
9540
52200
93150
61740
13860
55800
57330
73080
86130
6300
98010
49230
1800
22950
2430
33750
44280
55170
41580
74340
24660
41220
54810
50760
29790
12870
82440
21420
71730
29250
15390
45000
59040
24030
76050
26280
89640
89190
10530
58590
10530
93870
51840
61830
84960
25020
85590
10260
94770
54630
47790
44280
72990
69120
44550
75960
62100
39960
19710
56700
25020
20520
31680
94410
39240
51300
74970
27630
29790
22860
13050
95310
74160
68940
38610
70830
20430
65700
23760
77940
11880
58050
96300
50310
19440
87930
83430
39240
26010
24210
55530
28170
17370
90540
45630
70290
70560
85320
56700
37890
14580
63270
4410
3150
71100
92070
26190
46980
63090
52020
42210
76680
69210
33570
12690
62640
59670
32670
76770
31050
42300
64620
67140
43380
53190
10260
72360
23580
20880
97200
97650
69930
32400
65970
7200
32580
28980
1980
69030
57060
18090
3600
98640
26460
72090
19080
86130
44910
78120
76860
73620
62820
74340
31410
30330
29160
99810
7830
5940
17190
64440
72180
18540
8910
8370
91800
58950
42930
12510
7920
64620
57240
3960
83160
23850
34740
54810
78030
25200
70830
11880
59130
78480
37710
37800
39330
5310
42840
17010
42300
12510
21870
91800
49680
95310
3960
35910
56520
19440
4860
35640
87210
65700
86040
27270
33840
57330
97470
80550
95490
33210
98910
14310
15750
97020
270
34560
24750
41490
34650
23220
23310
88740
75600
35010
22590
17550
44820
53910
25920
27090
34560
450
90360
59130
1260
68220
13230
36540
38790
78120
84060
11880
21330
63540
93510
270
97020
48510
37530
78030
98550
8730
12150
54810
76140
74160
57960
80100
62100
86220
48960
9000
22050
63360
14400
82980
63540
4590
80280
29520
66960
79200
47160
48600
94500
66870
59130
20340
22680
9090
68400
450
32040
60120
74880
40680
99810
51210
26910
62910
93240
30600
69660
5940
9450
58140
24570
33480
93510
2700
47970
68850
88290
64800
77940
29340
1800
47160
77130
28800
68580
64170
86760
86760
58050
3780
62640
21870
11070
74880
21330
11520
3600
54270
44460
38160
32670
82980
28710
97020
49680
5850
18180
37440
93420
45450
94050
90360
59130
12510
0
89910
90360
59130
68310
10170
7380
84600
99630
48420
31410
57960
80910
5850
46170
91890
58680
72540
47790
70380
55260
32850
17460
55620
58770
9900
15480
79830
44550
19800
53730
88200
46170
99540
83430
2970
99630
8100
97290
40050
74610
64260
19980
92880
3600
51840
18810
19620
57780
94500
62820
38700
36450
36720
63630
78750
89190
92880
25290
81090
28620
72990
12510
88380
52830
85860
82080
32490
29970
16470
78750
68850
43650
66060
55080
87570
98640
21870
69030
50670
97020
810
9540
80010
89820
63990
5760
21510
12330
5760
63090
26550
36990
40410
31950
51210
79560
31500
30150
34920
60750
66150
46170
87660
29250
22230
83250
7470
57060
76410
7020
84780
26640
8910
17100
55710
56070
16650
20160
30690
49230
16470
72990
93960
95490
67950
76230
49050
8010
69300
93870
57420
97470
26730
60750
29430
95760
92790
33030
39600
90180
82800
0
19080
48330
19890
14670
51570
31500
23490
17100
63540
59310
97110
65790
27900
34920
79740
5310
52290
4680
96570
5580
23760
7110
57690
1530
2880
97380
15480
73530
42480
75240
79020
3330
79470
11700
84060
26100
20250
89370
30690
97200
37620
99450
47160
34650
35550
29250
52560
18720
56250
74340
26730
71820
62010
18900
89010
43380
22680
4500
4950
65520
71010
78120
75150
86310
56340
78570
13500
43380
97740
34740
51750
5490
37260
81990
65340
10530
27090
540
72540
27450
66330
94320
55710
67410
8910
38520
53820
85680
540
67500
25650
60840
74970
43920
46980
96120
89280
82350
55710
990
90270
14130
37530
48240
17460
58050
97290
29250
7560
43920
1350
39780
53460
13680
64980
95310
86040
36000
7920
83700
99180
4050
18630
42390
58500
7560
50220
31320
84600
94590
20340
85500
23310
17280
38430
53550
77760
29430
23580
90270
21420
8100
16290
78750
93510
17370
86940
72000
7020
23130
95130
20700
32490
21600
68850
97740
54900
38160
7470
63540
30420
4590
52740
23220
63810
87480
2610
45990
35640
270
96300
46530
72990
82440
20880
87210
50940
30060
84960
23580
66330
83160
7740
43740
18540
50670
15930
18540
42480
15120
39510
90720
4050
99270
52650
38970
52290
82710
58860
95400
48420
89370
39690
84150
82170
68310
19080
17190
89010
23760
51660
43380
28980
2430
49590
26820
26820
98010
37620
31230
77310
57150
42930
61200
33930
90180
84510
39600
31140
69300
57780
20430
77220
6210
19980
62280
38160
68850
41760
29700
28170
57150
70110
31590
65970
81000
16470
36540
92070
69930
6120
63360
37080
96480
50130
20070
66870
59850
24480
8370
76680
54450
43380
84600
26640
4050
28260
32940
5040
70920
96300
86040
84420
50040
27000
99540
47970
42840
25470
26730
68310
47250
70200
16020
91080
15840
30960
26820
38250
75690
93330
60930
20700
96750
80910
77310
12060
57330
88110
45000
83160
28710
77580
75240
900
9360
2610
10620
72810
73530
24660
35460
4320
58050
55080
29880
35640
71370
53820
36000
79560
71820
11880
99540
7110
8370
92520
46800
72540
9360
26730
72540
3510
91260
36360
8640
92610
52020
95400
55260
38520
68490
17460
29970
17460
60210
56700
19800
16020
65700
11790
69840
95850
45990
26370
15750
52200
42210
6840
59580
83610
32220
9720
83070
89910
12240
4950
25110
13500
93780
67320
65520
18090
75330
22680
81090
79380
4770
8910
41490
24210
72540
70560
13860
25290
63270
15300
24660
84780
84060
9450
83700
98640
45270
60930
39420
69840
96210
64350
810
17730
39870
67140
48780
38520
61830
91260
6930
34110
14220
39150
65430
19260
21780
720
11880
81450
4230
68400
16560
91620
51120
14850
86760
5670
76680
33390
13500
45090
6480
85050
67230
60120
48240
86490
49500
70830
31320
24390
32310
14580
90900
85410
45000
50490
74880
21420
18540
98820
8460
63900
20700
38070
55890
32940
66150
25920
93960
95580
3960
69660
16290
91080
43830
83880
32580
89820
9000
34290
81090
49680
39960
78660
65520
48150
56700
49050
270
54090
65160
90540
31680
8100
26550
42930
46080
70830
62280
53280
80190
65880
56160
12510
2430
65070
79380
43020
27270
30780
82350
95310
68850
54450
60390
97830
38700
48420
6480
18360
99900
77040
66150
9900
22860
38880
9180
52830
24030
52830
90270
45720
21690
22860
47970
45000
90990
69390
19350
11790
44820
71010
61740
96210
59400
22770
66600
41760
26730
11790
42390
28260
79920
93690
93240
85680
46980
4590
30600
73710
43920
9540
30690
47430
27450
53280
13860
93960
16650
85230
49410
88110
8640
10890
92700
50580
14850
92520
16020
40140
71820
28080
67500
38430
35820
50940
9000
31860
810
87570
37260
67590
78840
11880
44730
27360
9900
59490
80640
51210
65970
84960
45270
73800
53370
32220
52650
40770
63000
7740
64620
92340
19170
4770
80190
92250
19620
68670
41130
65070
23580
48780
27180
45450
810
58140
92880
39600
52020
68400
46440
62730
52380
75600
33660
80640
33210
25200
98820
16110
47340
34200
74700
21510
66960
70560
79560
60930
27270
28980
28350
60300
71730
14130
18450
47340
83430
62370
16920
54990
95400
30690
72270
99540
13410
62190
85320
57510
93240
5400
56430
15570
39870
29070
44190
53100
70200
81180
26010
38880
2790
6300
94860
99180
99630
53550
77940
71190
99000
18990
48780
20700
12780
85860
46440
93330
74250
51840
67320
71100
87390
79380
75870
86670
61740
71100
27450
31950
33660
13680
83610
9990
38610
76230
8010
3600
86580
73260
43560
21780
17190
87660
360
81900
65250
11520
36990
66330
37620
53910
44100
29790
51570
28080
29970
90990
47790
5040
540
82350
17100
43200
30330
20070
74430
4590
58050
60030
70110
97740
80460
94410
85230
6030
11700
24210
65700
58590
75330
89100
70200
94680
60480
2970
3780
52110
19530
78300
33030
24120
64260
65250
21690
22230
7650
67050
98100
40320
20610
10440
98370
21600
61020
72810
24750
91530
51750
49860
71280
52560
25920
43470
11430
15480
54990
98370
21870
66600
31230
64980
97380
41850
30870
15300
94680
3510
41040
94140
990
52020
30960
33840
15480
11790
99450
99360
45000
9900
54540
82440
26190
22950
88290
37170
10260
91710
82350
5310
42750
99630
92070
27450
52830
31320
87120
81540
35280
41400
39960
52830
59760
88200
91170
34920
13230
56160
4140
96030
40050
18000
59580
36180
91980
64980
29340
6030
54540
20970
78210
29880
32760
63810
9450
33300
44190
72630
2880
68670
67590
44190
11160
38160
19980
91800
53010
18540
62730
68040
37350
16650
60660
89550
84690
24390
70200
58500
39240
18360
57150
66600
24930
25020
72720
98640
34290
84690
7830
40230
30240
52470
30060
60930
2250
38250
17550
72630
86130
87390
65610
0
85680
79650
27090
74430
89640
38700
20880
56250
96480
56250
41400
59040
22950
43290
81900
76770
36000
73800
50130
96480
74790
46080
83250
1980
39420
97200
9630
92070
26550
57240
79200
28530
93690
32400
56790
64350
93870
22680
59760
56790
98820
47160
76230
95310
18540
16470
51660
5220
63990
79380
86940
61110
60030
9000
99990
86310
12870
55170
29340
32940
47700
6570
12960
64440
22770
18900
18090
38700
67230
3510
32580
7920
79110
72540
54630
79200
23040
77850
68670
28980
4860
25380
57240
43380
99450
89190
36270
53460
55890
59850
92790
38610
25920
78300
83250
68580
17460
5580
88020
24570
27900
31050
84960
89100
80730
71370
18900
25290
97920
69570
25380
4590
77850
44910
81090
360
49770
29700
91620
88740
10080
70650
13590
77220
85860
26640
1800
83160
72810
64260
81720
76230
11610
70740
48870
43110
34740
72090
77400
59040
28530
46350
82440
32580
17280
28620
86400
46800
92610
2250
19080
70110
4950
35010
54810
4860
900
74250
82890
41580
90900
64530
70560
54090
24300
82620
58950
38790
93960
90810
89550
53010
60660
91350
79290
47340
83610
73440
55980
53190
0
27540
25110
6390
43200
10530
43020
71100
87570
180
6750
46080
33930
8640
17640
29340
24570
65970
72810
38070
28800
38250
23670
63900
13950
69390
22050
88740
81810
23940
37800
47340
66600
67860
93600
41400
42660
64980
60480
99090
97020
97560
36450
32580
66420
39690
31500
12240
88560
44820
29520
19080
29520
20700
90720
11790
49320
49320
20700
28620
2520
84060
17010
79110
30240
40050
96210
13230
78390
32310
67320
52200
84060
48060
42030
33840
70380
17010
48150
56340
82080
8100
43740
46440
86040
44010
810
53010
99630
86940
27540
5130
3330
37080
15210
55980
47970
20430
88920
57420
28350
80820
78390
9090
17010
33390
73170
76320
24660
24390
8190
17820
85320
97650
68670
9360
95850
43650
98550
19260
53460
97110
90630
57240
47700
88560
89010
7920
2340
55260
12870
56070
74070
52920
39060
54900
39330
70470
60210
68490
2340
94320
38790
53730
5670
31320
68940
32850
52020
9450
7560
64800
40590
3780
43020
54630
65970
55980
21780
25560
8100
54180
46800
28710
72900
24840
61380
52560
90090
12420
25290
68850
21960
48870
23580
34290
81000
19530
70290
7920
87840
2610
71100
87750
66150
77940
43920
44550
56250
35280
99090
83970
95760
52020
33660
40410
15480
93510
41670
86760
55440
32220
2970
78750
86670
63090
89460
64350
49680
76770
20880
7200
72180
58860
70020
65700
46080
55260
17010
13140
79470
2250
88920
87480
14220
75330
93960
71820
0
38790
43830
28620
1080
68220
23400
52020
70740
41130
69390
95760
26460
66060
32670
3780
9270
19890
4140
58140
75960
81450
32490
40320
52200
7830
95220
85590
66870
20340
47340
2790
64980
87840
66600
8640
22950
82800
80550
30510
50310
48240
43380
7290
70920
65430
55530
62550
25470
25920
7470
43110
58950
99270
67410
83520
58770
27990
53370
39690
47250
55710
32400
810
43110
48870
76500
93690
99720
28530
26460
10980
79200
34200
13410
11070
3510
10260
45360
37530
56340
56070
23040
22320
14400
74970
67680
83430
35370
49590
51030
24930
69480
47700
59490
2070
50580
66780
77670
6390
68490
46620
31950
53460
83250
3780
66060
68760
58680
74880
1890
52380
83700
59310
11340
38970
84060
95670
33750
75150
42930
51120
79380
66870
14130
68940
60840
79560
93060
13590
63630
72450
4770
11340
69840
27360
25650
74250
69120
10890
36270
74340
54180
83340
22230
45900
90540
3330
37350
71460
7830
20430
3060
86310
62730
67050
93690
73440
31950
50220
74520
96480
28890
2160
12420
24120
51390
96300
38700
65160
97920
8910
29160
76590
59220
7920
57150
74520
61560
3870
56070
86130
27990
18000
15120
78570
73350
8640
3960
21240
80190
66780
40590
55980
82980
36630
97110
65880
42210
81180
5310
7200
78750
71100
63000
31320
50850
78300
56790
22500
30870
71100
74700
78750
33660
42300
88380
44730
33390
45630
79650
88830
80460
2970
4950
99270
40230
16920
96570
39330
41400
67590
33030
70020
63630
56160
85860
75600
78840
35460
53820
46260
74160
23130
73980
24120
44460
55440
85050
4320
49410
29610
94860
10800
79830
21870
13230
71460
23760
22050
12780
56520
53370
42480
5670
91170
46890
68040
98280
24840
68220
30240
87120
69210
49590
70470
28710
34200
18270
96030
96120
95670
75600
4320
95040
29340
67140
51480
18540
5490
28980
10080
5760
95580
4410
25290
27900
18270
17010
19890
67680
75960
90270
4590
35190
59760
9990
46800
79290
37890
46800
34650
68760
14940
68310
17370
42120
9900
65970
82980
63360
13590
52470
16470
19080
60390
51210
57690
74880
66690
41940
90810
73800
12870
68670
59040
95580
99450
30780
67590
34200
6300
38700
69480
2610
54540
63360
7740
56520
89460
36540
38790
42120
630
46170
39240
31410
11700
22500
50940
11520
17100
13320
33300
94680
10620
49230
59580
74880
6660
31050
66960
720
81540
61560
90
35730
19170
64890
77760
84600
56340
10080
84330
58860
58050
58230
18180
52200
22950
45450
31500
96660
77310
18180
65520
55980
58950
62640
61650
2970
77940
64260
50220
83880
79830
39510
39960
43740
85320
8460
61920
58140
67320
87210
41670
20700
79470
9450
57240
18810
18000
66780
540
73260
87660
63090
79470
46800
35730
31410
83790
64170
270
56160
97380
66420
55980
12420
18000
67410
6660
68040
9540
93060
50310
82890
86670
17820
95850
94950
31230
19890
24120
21780
85410
810
5670
30060
33480
27450
22860
58680
64710
39600
22050
18630
79920
39240
55080
15390
94320
83250
87030
14940
16200
67950
70920
75060
37890
1440
7200
14220
79290
3060
55260
80910
36360
4680
540
66600
42660
45630
39780
80280
62010
35820
56610
2520
97560
21870
70560
71100
68400
54900
78750
87030
90630
73890
8550
10260
83610
97200
92520
73890
83070
1350
47700
67950
5490
48510
49860
3420
11880
11430
85950
7650
25920
60750
34740
23310
22050
14130
30330
53010
11700
93060
97290
61650
22590
69030
74790
23400
20880
20700
92970
3690
31500
66330
56880
50760
98730
48600
56970
86220
29880
96570
82530
75960
66780
24660
6660
67680
13590
75960
65160
58590
1800
82260
84240
92700
44730
63720
80550
1890
54630
18360
69120
2610
23400
93510
30780
48420
12690
79470
98100
45720
41670
49410
15660
42570
48240
89190
55530
87480
42300
63360
7920
29250
30420
29160
15300
24480
8550
70470
57330
77490
66600
82260
90990
80640
58770
25380
80910
80100
57690
63000
3060
23130
37440
38070
12870
45270
50040
50040
61830
54090
61470
34470
2160
29160
23400
70380
97020
93420
57240
59400
95940
59310
1530
73890
96840
37260
44820
45360
98370
50940
96930
92880
28350
45090
21780
63720
73800
45900
32220
55350
76680
4050
80010
80280
84960
67140
96480
19980
62820
1440
90990
76320
97740
56790
2160
65430
97110
63450
81540
73440
14490
88740
48780
66600
44010
12060
83160
71370
52920
44730
98370
64080
7650
64890
9090
67860
18000
5850
5850
22410
21780
16740
54270
92880
35010
51480
97470
67320
36450
66780
97560
8100
40950
22500
76500
28440
1800
91440
12690
22860
53640
24840
47610
67680
48690
64890
22770
70380
40140
83700
21240
72720
84420
1890
64440
58410
13770
92160
2160
9090
77310
55440
13500
93150
32580
19890
90450
52560
12870
12600
10260
74880
43020
31410
97290
18720
64620
98100
38790
71280
26640
82620
78030
68310
86580
68940
54810
53100
71100
18900
78840
49320
2970
55980
60840
82890
10440
20250
49770
52740
56070
80820
94770
35460
69210
54810
25380
71730
1890
20250
50310
64350
33660
0
52290
51300
34380
56970
48600
630
87660
89280
95130
83340
76230
77490
81360
78840
46980
37350
39150
15210
60210
35190
52830
64530
60570
93240
81900
9270
32220
73890
99900
5490
29520
75690
51210
46350
19530
4500
79380
84240
99450
16470
64350
11430
16020
27090
19350
31410
20610
60570
20160
67770
16560
98820
79380
99360
44460
75780
67860
27450
45630
95400
29340
41130
26010
21600
3420
62910
78480
1440
32130
4320
92250
18000
6570
19980
42300
71910
71460
44280
84510
84600
77040
38970
86940
83790
16470
74880
19530
58410
85860
16020
43650
52920
22050
46260
58680
37980
87210
9270
1170
25920
20250
33570
17370
37530
99180
14580
60480
31680
62280
28080
6840
81990
51570
34200
67410
87210
77580
26820
96210
77580
99090
60930
11790
1710
83070
70200
61920
1530
84780
68400
16560
87840
96750
43200
31320
63180
66960
58590
99900
22680
7650
78480
44370
28710
14670
92430
21780
29790
89460
53640
18630
33390
14130
23670
46800
54540
19080
10710
68130
13680
83430
9450
63990
31050
78570
81270
38880
51390
66240
86670
59130
98100
21420
32670
41220
21960
88020
51840
9990
35280
29610
85950
59040
26010
49410
84420
84780
58320
49680
71910
22680
34290
84150
900
21600
19260
360
50760
44280
2340
49590
54990
25020
27630
60030
69660
23490
88200
34920
2430
73350
34110
84330
42120
60480
7920
93150
7920
97560
7200
72900
90090
26100
96930
60570
39150
96300
31320
30960
55350
57060
79200
41490
79830
46170
86310
99090
79830
11070
630
29340
91980
94410
1710
21780
2880
9450
71190
79650
53820
84060
52470
41220
50220
37080
6570
50400
22950
86850
11700
81000
99000
10350
7020
21960
5940
72360
66150
46440
34380
11970
12780
61740
63720
22950
74700
15030
80550
12060
26910
37170
43380
93330
40140
81630
60840
9900
77040
17460
94140
67500
13140
12780
25560
35190
37800
8910
99450
29070
34110
33480
90000
28080
23760
41760
21960
49500
99180
66690
95130
17910
63810
75870
50400
11340
35820
78300
76860
81270
78480
73080
2880
67950
5220
35190
32310
22050
80010
89370
63000
47880
98280
39150
15750
12960
61650
75780
30870
54810
8460
83250
87750
1620
59040
180
30330
80820
16740
27630
33930
59940
6750
15480
65340
58680
24390
75060
75780
27630
29880
8910
41850
45270
5580
19440
3060
14850
18630
23580
27090
74070
6570
12060
33300
70470
4950
58320
10080
81000
7110
99270
90450
7110
31140
91710
59220
30510
37710
54090
95220
16380
74250
10890
88740
69840
59850
30780
68940
43110
39060
61020
22320
56610
13050
85590
17190
77670
93870
74160
3420
41760
88020
7110
52200
49590
80820
25740
44730
79290
34650
14940
75690
31770
36000
26640
55620
79200
88920
65520
84060
15840
24390
28350
43560
79380
82890
79920
15210
91260
75780
5760
87660
75780
50220
93330
57060
42840
85140
40320
98460
86850
79020
56250
35010
68850
50220
46710
25470
41940
50940
3960
7830
95760
5580
26730
63540
76680
61650
75510
8100
53100
60930
85770
54450
83160
85590
45720
64260
7920
27180
76500
10620
27090
6030
42480
62190
18990
69930
78570
27450
17550
42210
76770
36540
75690
8190
92430
6930
45900
12060
4140
67770
16110
21870
47700
23670
84960
810
26190
72720
61920
56070
83790
55170
40950
74250
54000
82440
37440
39330
96300
13590
86490
19530
87120
72000
75780
66960
41220
5940
52380
38430
63900
49140
99270
77400
360
14760
44550
48510
78390
7110
18450
78750
70110
39330
86130
23580
64080
8010
85770
7830
48600
92790
98370
20430
20520
95670
54810
33930
54990
96030
25470
34290
68940
6300
11970
61290
52110
55530
44010
90630
13590
20070
13140
78750
18630
34740
84600
97290
14310
83610
19440
71190
8010
21420
66870
1530
59310
20970
21690
53640
59310
10800
72270
85410
8640
91080
72180
33390
42930
46890
86310
270
21510
31050
47520
48510
72720
26190
67050
68310
95040
91170
16830
57060
56250
26460
5130
92880
69390
6390
89280
62640
41490
94860
9450
51660
41310
95670
44640
27180
60120
52740
26370
91170
56970
21420
51840
82710
70650
13770
88380
43740
66150
87570
69390
70470
38700
49680
14220
60930
28980
7740
23490
24120
95940
2520
81540
84690
14400
1440
72900
55080
99810
11970
86760
58770
95400
62190
26280
74700
990
30960
19890
91710
48240
78210
47520
10080
50400
28080
29880
90810
3330
11070
2700
79020
66780
10170
52560
76770
18990
66240
82530
77310
5940
93240
450
17640
18000
1980
42930
83430
89820
47340
91890
10800
54540
8910
30780
11520
68130
16740
42300
97290
6480
28620
10170
59940
18270
85230
27540
24480
36630
72720
57240
40050
16740
31050
10530
65430
23490
39150
11340
11880
9900
97920
62910
51840
37800
50760
42030
32490
28080
19710
88110
86310
60390
26730
76860
53910
45900
55170
4050
96390
32490
26910
4140
26550
61470
30960
47070
55710
30420
37800
10710
24570
95940
67590
96390
26100
20250
96210
93870
49770
97380
42750
62370
56790
5850
61290
18990
80730
15030
88110
99270
15930
95490
8910
32130
31320
65790
60750
44100
37890
50490
92610
6660
5670
51840
99450
28530
66690
10980
61740
42300
14760
61740
2880
6120
57240
26730
2970
11790
71190
70380
21420
25650
25470
54090
95850
3150
18180
42390
79830
54810
3960
55890
30870
69930
96750
80820
26640
65610
12150
5580
60750
35730
64530
32040
87480
99990
89730
62190
5310
4500
75960
35010
85950
73080
48150
38790
7470
95490
9000
1350
19980
80190
77850
22410
40680
4770
82710
53640
14760
44550
73350
89370
14940
56700
83880
82620
54540
72990
96120
35910
7470
58050
93420
19620
35910
78390
6660
63270
96660
39150
64980
40590
42030
19620
59670
29610
34650
52380
21780
87750
3780
84150
15300
89100
37350
66870
87750
14940
44100
14850
63810
2700
38790
74700
83700
2610
76680
49320
12510
19800
9270
50940
66060
58860
37710
92610
10710
95130
62370
19620
62190
88740
91170
13500
60660
61380
48510
93600
57690
11700
98280
74070
51840
32850
34830
28260
98280
44460
99270
29250
89640
79740
74160
73620
66510
58860
73350
96840
43560
35550
39960
44910
21780
43380
88200
83790
94230
92970
94950
26640
10620
9450
5760
39690
16380
38340
52740
22050
6930
47610
990
52650
9090
66420
60750
77760
5580
84600
65790
50850
57600
94860
7380
32760
24120
65970
35100
71370
12600
13500
73980
62550
44550
37350
1710
14670
68220
41220
88110
35280
13950
87390
81090
70920
25290
77220
2430
75780
53100
31590
93510
36180
76950
83610
40500
76230
71820
52560
48150
98730
44100
55350
94230
36090
57870
48600
78390
58770
71460
27270
14220
15390
69300
43470
39330
8820
12780
56250
64080
8820
49770
47070
6390
5400
52380
90000
31410
84060
85500
92970
900
54810
20250
91710
88110
40770
21780
39780
31770
61920
34380
75600
80010
47250
57150
12690
81360
11250
8550
83160
19170
96120
63000
12870
6390
79920
74340
99900
60300
50580
79830
81000
16020
92160
73800
26010
75690
17550
88200
47700
42930
88830
18720
81000
30240
65610
32040
45900
44190
94680
36180
10260
62550
20520
93870
87210
28710
72090
24390
36360
92070
77310
92610
96030
30960
70380
7650
83250
78120
14580
13050
17730
46170
20070
44010
12510
60480
49680
12690
62100
59940
30330
13140
4320
11520
71010
44100
30600
27090
84330
94410
98190
51660
48240
44550
15300
30870
5130
46980
70740
77940
80820
16830
77580
2160
11610
70920
88110
60480
82530
41400
26010
91530
55350
47700
81180
91620
27180
49680
3150
92790
77580
70380
75060
69480
57780
450
13770
54000
35640
41310
90450
62820
47700
54360
98730
21600
90090
55170
92700
86310
3060
450
63540
12510
49680
77490
92880
1980
4500
14220
52740
32040
19980
90540
50400
61380
68130
1530
85590
31140
45360
19260
91530
27540
39600
2610
73980
83070
20610
76410
71460
72090
69570
82260
50400
76500
86310
12060
23490
38430
81630
2790
46080
90
72450
630
39780
16740
42300
15030
68220
51570
60480
41850
85050
59400
85500
27720
77670
59310
65790
58500
27540
12150
80460
7830
85500
3150
89730
16830
19440
52380
60570
84150
9540
30600
91080
19080
7560
6480
91980
94590
73800
24480
50220
62550
47610
20610
93960
24120
17550
74340
72360
15570
62460
82350
10440
9360
45000
98010
7110
65340
54180
28350
720
86760
88650
2970
59580
76140
21420
89640
82980
61920
36540
72090
53820
46350
91260
75870
59040
630
65250
19350
66780
9090
38070
16740
60390
94230
93510
84960
89370
13680
13410
66060
40500
3780
63990
14760
19980
18450
2610
64530
22410
85680
58320
85320
14130
49410
56790
78120
81720
27450
1800
96750
7830
99090
76770
8370
42210
32940
12150
26820
78390
21600
94320
76680
67050
36450
59580
15390
88920
16470
49320
89370
33300
94590
8640
51750
98370
1800
56250
41940
98190
12150
34560
95220
46710
27000
44190
89370
24030
89550
79650
77580
88290
90900
9900
1620
38250
95940
90540
7470
51030
28530
53190
48780
7380
97110
10890
56790
74070
27360
63000
12870
38340
15480
80460
26820
12330
43380
80820
39600
7020
42480
90720
61470
81630
44640
37440
1170
5130
3420
64530
39870
40230
98010
59670
54270
9990
91260
35370
32400
23850
29070
57600
87930
66240
77940
24930
39420
95490
88290
64170
42570
53100
46620
19350
42480
900
45540
60570
69570
8730
9540
62550
73350
29070
12960
98460
49680
88920
25920
85860
59130
89460
22770
67050
95580
17820
6300
11610
18270
46980
62460
24930
29160
14220
13680
8730
18900
15120
95670
16740
29610
30870
23670
0
66060
48600
360
5130
7740
17010
30960
2520
22410
43650
69570
37170
70020
6660
85230
30690
55890
79290
57060
85230
53100
97470
85950
79920
44640
29340
38340
50310
59580
45990
30510
21240
10080
56700
37170
85230
22230
20250
64350
55800
77670
18090
43020
47070
62100
18180
27900
74340
47790
82800
31410
12240
82710
22950
74340
63180
14400
10170
6750
82530
53190
17370
74430
87390
83610
56700
72090
43290
88830
35100
16290
40860
20070
77850
88200
5310
46170
74610
18630
69030
72540
51930
88380
64350
79830
1980
84330
1530
53820
55350
20970
31590
53010
990
84330
32940
21510
73890
71640
81360
86310
60930
47160
47790
46080
45180
94320
50760
62820
66420
80640
8640
40140
9900
32130
84060
37890
67500
71910
17730
19260
47340
48960
49770
12060
18450
13950
67320
94770
65520
63090
98460
43830
58050
70830
94410
52920
42030
65250
50580
77850
10170
61830
34920
50220
97920
48510
1170
10980
16740
91710
42750
43290
81720
42660
540
2880
27090
51030
47880
96390
54450
27540
89370
74340
46710
11610
69660
76950
19800
76590
95940
54090
49230
16920
61650
93060
73800
20790
64260
1890
7830
60120
80010
60750
61470
46890
32400
59670
37080
72360
18810
40770
16200
59760
39420
42570
89550
12150
7740
35010
59310
54630
13230
12690
39330
8100
12690
28890
630
67680
20610
45720
87030
49950
51300
5850
8190
7290
63630
33750
67500
33570
64530
98550
46260
75150
75060
64620
61290
88290
53280
51210
99270
37620
84600
88380
26100
24570
38160
16380
28440
65880
59670
25560
29790
15750
49140
27630
62190
29880
52740
540
41040
22860
39960
67050
50670
98190
83160
25560
30420
61920
90180
97200
68400
49230
20610
30060
17550
59670
24030
54360
87390
12960
25470
55260
24300
14850
12960
25830
83610
52830
76590
81360
43920
71910
39870
50040
23220
89460
14940
95130
30330
46260
67950
28710
10440
92700
12510
49590
27180
87750
89280
21330
83340
11430
71010
12420
42570
57420
17010
46620
13950
37350
17370
75510
66330
45540
60120
70650
33390
92970
68940
82080
64530
3960
3600
96660
87030
88830
33390
63900
12600
1080
24210
97740
63360
38520
2790
39960
4500
51030
43560
55170
81270
95940
87840
85590
69480
47700
60300
87840
78030
38970
53280
4860
29340
30690
29340
32040
58230
46080
54270
48780
96030
70650
73530
36720
92970
94140
26730
26820
6930
74520
22140
90900
83160
58500
11430
90720
5670
5670
10620
55710
75420
270
11160
15300
84420
40770
16380
23310
37620
53550
35010
31140
85770
70920
75960
58680
48600
23850
89010
6390
82800
270
48690
18900
47970
49140
5940
61650
55980
12240
53730
13230
88380
31410
38430
8730
76770
40860
36990
28170
92700
63090
59040
21960
27180
65430
270
19350
34560
9450
29700
91890
76590
55800
9090
41760
57870
10980
59040
55260
98370
11070
42390
23580
81720
13860
18900
32850
70830
34650
74610
92880
70920
88830
12690
79020
85680
7380
97830
41940
60480
39690
8730
41310
66960
97470
61110
23760
19440
10800
21690
80010
3690
4410
39960
96030
62730
80190
57600
96120
90630
76590
22140
60840
17190
98910
34110
56250
24030
49590
86670
25290
69570
19530
34740
49230
90900
71100
51750
98820
20250
33480
72810
21960
13140
34470
95490
9090
49410
63180
25380
37800
31770
88740
60210
42660
96120
89100
25830
22410
16380
79740
9810
85860
60120
42660
34380
58860
31860
9090
98370
25020
17190
59400
23220
52020
93330
91440
74160
66330
22230
49950
86400
63450
71100
8640
51390
4050
3330
75150
19170
32400
6840
6570
94230
92340
13410
5400
49590
6750
45450
57330
95850
43920
73530
2700
12150
4950
61740
23850
29790
12690
96480
63000
39600
47610
53370
10980
57780
43560
49410
90180
99450
56610
58680
73080
13680
98100
57420
58860
81000
50310
49950
53190
27540
60660
47790
76410
74790
60030
47430
72270
92250
43470
13230
64620
95130
17640
11430
87660
26550
25110
86580
35640
52380
30330
35190
96840
70380
19170
55980
9720
50310
69390
7650
9540
47520
19890
61650
60750
80910
71010
7110
89100
60120
60300
66870
86310
73080
67590
83790
78480
95580
53640
62190
360
77760
19800
23580
43830
75960
55800
55170
38520
75060
64710
64800
58590
43470
76680
99540
17460
72180
50310
30150
38250
50580
97740
37620
93600
5670
89280
21420
44370
19170
75150
65070
90990
67590
37350
93870
11610
29160
52470
42030
34110
80100
84960
62460
18630
2160
20880
69120
53010
37980
8370
17280
24030
95310
63450
46350
11070
8730
60750
62370
89010
47700
49050
89010
31320
59130
76230
6030
95490
18630
64620
43740
48510
40860
43830
4500
18630
54450
44280
29250
48780
59850
86130
12780
71640
64800
62010
15120
8910
19350
11160
63450
57600
5040
46170
94680
54540
56700
3780
90990
57960
99990
62910
30510
48150
90090
16020
4950
75420
28800
79380
1440
29160
60120
50760
10440
23760
65610
19260
34020
80910
89460
6660
79830
19530
73890
97470
94860
57510
5850
58320
86760
95040
48420
9990
88020
87930
85320
89190
39060
21420
65790
16650
1710
64620
47610
18000
39150
11610
12600
36540
70560
40230
9990
8910
11070
68400
55170
54720
20070
98640
43290
21240
36810
91890
27810
66510
55440
74340
37170
37800
1260
47430
55530
10620
58860
88380
49410
44460
60840
66870
29250
72810
55350
28530
4950
59400
14850
37080
57960
79560
72810
7290
23310
99270
37260
77580
68580
720
5580
88920
90990
86400
74790
69750
8910
88560
68310
46530
14220
37170
5760
8280
3420
99720
6030
87030
36090
0
22500
68040
77940
65520
45990
41130
86130
47610
32760
38790
26910
45180
82350
2610
83160
42480
52290
10530
80190
4230
90
55620
18810
61110
44640
73890
50670
25650
43830
72630
49320
71370
19890
50400
56250
89280
82620
77940
40770
49500
97200
76140
38430
66690
71280
97830
62190
11700
65250
86940
19170
56790
47970
11970
29790
97110
180
84060
51570
6210
69030
27810
74070
40950
3600
62730
53910
91980
11520
41490
67770
71190
360
97110
38430
43560
63900
63540
89550
90180
21780
87210
54630
14220
92610
20070
74430
62100
29520
77490
69660
24660
62550
36900
25560
34110
43830
45630
10440
17010
7470
74610
50400
9720
70470
89010
91800
8190
55440
78210
63900
84870
57060
45090
58860
60570
13590
35460
50220
75960
48780
58950
63810
61200
21600
84330
33300
45720
19440
88290
51570
49320
64890
62280
95130
56250
5580
72180
28170
54720
70740
78480
21690
44640
99990
91260
45090
8640
1620
99900
28080
72810
25290
55800
97740
14220
53100
83790
75600
72540
68220
41760
64980
27270
71640
31410
20700
58140
85770
68940
26730
86400
16650
21060
17910
50670
97470
42480
25830
23940
29610
75780
54810
79200
5760
38610
46890
31770
24660
48060
9270
27810
51840
15750
36540
39510
1080
28530
16110
24300
4230
64260
51660
95760
70020
18630
36180
90990
84150
56880
18900
19350
25200
70470
53100
65160
35640
33210
53910
52110
96390
2430
48150
2160
93330
79830
3240
10710
40860
68850
58050
77490
24840
79200
61380
70920
50130
94680
13680
29790
7650
99630
83520
55440
88740
65610
34830
94590
46530
22410
69030
98190
97650
17010
66510
94140
54720
95760
45540
17460
21330
5400
81990
26820
72360
54630
61110
77580
13050
60390
49050
31590
35010
43290
2160
84330
92070
62640
59220
27270
2610
51480
6300
88830
32130
17370
3060
81990
36450
18090
33750
9720
14670
3060
13410
990
66780
96750
49320
88830
53370
4950
9900
67050
50490
97740
43200
21960
49410
8370
29160
35910
45720
73350
77400
60210
41940
45090
56160
91350
38160
270
25380
51030
91080
14400
46260
50490
74880
56790
94050
64260
25290
20700
54000
34020
35010
32760
9000
61470
12420
59130
12510
68760
4770
16650
25920
65250
66600
76860
71910
39600
17820
39600
56790
69210
37080
23760
52200
94950
70830
13500
24120
51120
18540
4140
13410
31230
30240
32130
2070
94860
27270
20700
7920
48960
48330
44460
45180
82080
67860
1710
77130
78840
18900
54090
17820
4500
53550
51390
22050
44550
7290
49140
52020
65970
70380
50490
41760
74160
43650
94410
71010
79920
28440
43740
18720
9000
13950
93420
78570
37800
51750
75870
74970
80370
42210
80460
25470
59580
75060
32490
54900
74880
50670
47610
88560
51570
5940
47970
11880
42390
96660
17550
66240
27990
17820
87750
55620
87390
92970
48960
70200
60660
96570
71820
19710
13950
84600
58320
26550
19440
47340
6300
65430
6390
11610
94050
69660
52020
83520
14940
49950
64710
88470
58410
96390
31230
12240
67230
54900
39690
40860
21960
83700
24030
88020
38610
5220
3330
21240
34650
59760
55170
3330
55800
32760
6660
64530
58230
69930
47610
70740
66240
73080
78660
47340
18990
78750
96210
7740
53460
82980
91440
51930
64530
6480
15300
23220
5220
84240
1440
22500
19620
73260
52740
94680
14760
69750
7290
55710
55440
35730
98190
72810
16290
35280
15660
85500
16380
99090
7830
22500
71820
32760
44640
54180
51030
23490
60480
98190
88290
69840
12150
90810
28980
21330
6210
12600
14310
17640
6750
96660
18450
76590
76860
82800
89820
13860
51840
89640
84510
21510
22860
90360
42840
24390
36810
42660
69660
69750
94500
57060
21780
50670
75330
79380
52020
43290
76050
88920
88110
35820
23760
63270
93960
80820
2700
49050
56160
61380
89100
74790
16650
83340
42480
82800
32670
26010
56790
29520
82710
15120
39150
36720
62100
64620
96570
85680
82890
86400
81360
94500
95580
5400
18270
24480
67050
24390
73530
44280
81990
54360
68130
77490
33030
62640
3420
41400
11970
63720
28350
34200
83880
9540
90180
70740
45000
17550
98910
17550
3330
36990
85950
67410
52830
38880
97560
36450
87750
13230
16110
17910
35280
98640
5760
91980
44370
21420
44100
34200
32670
27180
91440
25110
49410
26100
71010
55710
66510
84960
83160
1800
25740
65700
76950
23220
41040
86850
5490
55260
87120
36810
97290
91440
11700
21960
50850
18630
75600
87750
10980
93780
3330
76410
44100
77400
12960
0
97200
67230
94050
29970
93330
99900
98370
98640
69300
92340
70290
52470
37080
82350
6390
75420
44370
13950
54270
76860
54000
31320
78660
95940
60120
4140
94770
63900
63090
96120
87930
23400
12240
67500
81360
34200
97830
7740
23130
36000
91260
2610
67680
35370
72540
31860
68580
71370
79650
72450
52920
39510
75510
23220
50310
48330
90720
30870
12330
10980
85230
47340
17460
67860
76410
57690
45900
59130
60570
45270
36360
33840
40140
6390
72990
7560
95580
17550
87930
28530
61020
53730
96840
38430
63450
41760
77760
81270
89910
86760
22590
79920
10080
42930
82890
69300
42480
20250
72720
22320
93690
63900
29610
51840
31230
91620
54990
15930
55260
63720
64080
67500
59670
91890
16110
78120
41760
32580
36900
16290
8010
94950
23580
89730
99450
8730
90990
29700
79110
37530
13500
48240
54990
87840
5310
72630
67680
12510
82260
40140
91170
41130
14670
5490
30510
90000
78030
41850
48690
61920
54900
5040
87840
54810
98820
67860
1890
15570
35100
56070
53460
31680
74790
39150
97020
43470
69480
45270
27270
17280
95130
25380
90810
8190
45720
69210
73350
34470
55800
60750
99450
66510
38880
26820
88200
56700
89370
48150
38610
85770
72810
47430
91260
24210
90450
74880
8100
50400
3330
13950
57240
25470
900
87660
19800
90270
1980
68670
79290
30420
19080
21060
95220
98730
77040
48060
81720
35460
42570
23850
29970
10710
68040
83340
85860
56070
87210
72180
89730
60570
84420
53100
48510
12600
48870
27000
6480
20430
45720
51210
59580
76050
10980
63450
34380
36540
26370
13680
58050
4770
43560
90540
41490
69120
5400
45810
25920
87840
24390
90360
70920
9000
65880
39780
11880
88920
12870
48780
7740
2160
73530
27810
55620
67410
83430
35370
10620
60030
25650
39060
5400
48510
65700
360
27720
65790
70920
65520
12960
84240
52380
57960
4590
86940
10080
27270
46890
34020
71100
17460
60120
55620
20430
96840
61920
73350
69930
74070
31500
79920
80460
57240
17730
14220
24120
55530
59490
19440
86850
15120
81900
8910
59040
56520
180
84960
94500
89550
79290
20340
39960
50220
87390
16290
67410
63360
24210
97290
16830
14220
86130
36450
32670
21960
32490
62460
39960
35190
76410
62280
16380
67860
68850
76950
64350
94950
82170
11250
37800
93060
11160
45000
85950
34020
71370
18000
57510
11880
74160
1260
75420
11610
55530
98550
80100
73440
67050
71370
53550
33120
68580
92430
95580
77310
62820
19260
81900
50490
18900
62010
75150
84240
22140
21060
41670
74250
79110
29160
39960
75150
4500
87390
20070
98820
4230
48420
63900
72180
25110
20250
41940
76950
17190
55530
88470
88470
34110
10080
20520
40230
79560
2070
2430
56610
3960
4320
53010
56880
93330
87840
60210
45360
60120
50760
64350
93510
92250
32400
21870
17910
88560
2430
4860
68130
81180
9900
3240
31140
41490
17910
59490
24390
19620
41400
79650
80010
21060
14850
17370
18630
61380
96750
94140
47520
66150
4140
21420
66600
91350
33840
37980
97920
3420
80550
22680
65610
90720
68940
86940
94590
58230
36720
56070
9990
90
63360
12690
61200
21420
98010
82710
27540
38790
25740
31770
79470
26190
24930
29610
28080
42840
13860
19170
62910
56790
50490
65790
14490
68580
82350
35370
59940
95670
61020
24390
6480
74880
23850
38970
77130
84510
89460
37170
67410
70740
82620
34560
27720
87750
33570
75060
80730
43470
31590
40050
57870
37260
81990
44280
57870
37980
64530
7200
81450
44010
83880
60660
39870
30420
70650
40680
99090
10080
10080
47700
13950
29250
72540
1620
35280
88470
74070
20970
18000
68400
46170
15390
58860
97470
77130
50220
61110
89190
47160
72630
59130
49680
46440
60750
46080
34920
76410
52650
79830
79740
44370
27360
29520
29250
40410
34830
7380
87660
20340
9270
31050
20610
63810
30240
9270
35100
14940
72720
48870
88650
41490
5130
29880
7830
83430
1440
54630
19260
71550
2610
39600
46890
42120
24300
11340
91980
69750
71640
59490
48870
27360
7740
45990
53010
92070
66600
22230
60750
76410
41940
84060
11070
35190
81720
89460
24930
24930
50940
86580
80460
27180
50940
38250
30240
71460
86220
83250
5670
97740
73080
20970
90090
68130
46440
67410
46890
66690