920 8203
74430
46620
67050
10980
28890
55080
26550
98010
70290
14580
18450
64170
50670
23670
69570
68400
89190
51120
900
62730
38070
73800
31050
51660
79560
27810
12240
54270
14220
25650
89910
42930
67770
34920
36180
62910
79020
6120
23400
4320
37620
66780
80190
7740
450
1890
27450
27090
90360
9990
89640
39150
9630
45090
8910
61200
10800
8010
97200
1800
50310
81630
92250
68760
36180
62640
2250
1710
83880
44910
84510
900
65340
74790
58680
83070
76680
84240
78300
87750
97740
57780
37800
42840
13050
13770
11160
42030
98100
99540
9630
3780
60210
32130
82800
61200
5580
76140
19980
53280
59940
55800
68130
6390
72630
46080
37800
41850
88470
57870
14490
85680
73710
67680
54900
17280
35820
43380
26640
74970
87480
90090
71460
45630
25110
43740
45090
99720
3600
91710
20160
95310
55080
41940
3780
20250
87300
81630
53100
60120
98910
67140
50040
16470
5130
30780
76860
0
25830
89730
23220
22050
10620
10080
42660
93420
37170
1440
55350
70020
13320
60390
21600
16470
91260
4770
77040
99000
44190
71550
77760
63360
86130
58410
37710
88110
18360
48330
61560
72900
81720
29070
43020
70650
51030
63990
72540
2880
14310
32310
49950
14310
23040
8280
19440
99270
42660
69840
40320
18270
74700
55170
57960
34020
93600
2970
30600
15480
68580
37080
48150
20160
68220
86580
26460
82800
55530
24120
58950
56430
95490
89280
86040
78930
44280
97380
76860
63630
54900
12240
21420
39330
60570
25110
12060
64260
61380
66060
3870
29160
72450
14400
33390
46080
77130
9090
94410
29160
75870
50400
47520
68400
66780
15120
74340
22500
34740
84330
89550
43380
2790
91800
67680
56430
14040
12330
53190
92160
62820
81990
4500
77040
15300
49590
52920
60750
69210
90450
98370
15570
5580
18450
96840
7560
76680
15210
59850
20790
61200
92250
19440
15660
39960
75600
12690
53100
25560
41580
22050
43110
40320
93420
51840
14040
90270
84420
32490
39690
41580
39510
70830
40950
84960
25290
19980
4140
84780
27180
46080
14220
8640
49410
96390
21420
19980
98820
31860
65250
73890
45090
2970
65070
67950
46800
85230
75780
19170
5760
3870
37620
18900
62910
51030
5850
71460
40050
57870
71100
34560
32220
16200
38250
67860
83160
87840
46260
25290
70650
63720
64980
55620
15120
7830
59220
58230
1080
56520
9270
91710
39870
12780
77040
43380
87210
52740
60300
68760
38520
61380
67140
68220
56700
82620
34830
50760
71460
14940
1890
90450
49500
95850
56610
51300
65880
68310
83430
86940
65520
25560
86580
75060
69480
96840
27990
69210
61200
78840
91620
70290
33030
91260
35730
24660
20700
41130
89730
42210
85590
17550
80460
11520
26640
84150
97650
71010
26280
9900
65970
48780
51300
99810
47520
19800
56070
58320
11970
40590
25830
23490
71910
40860
14760
97110
92430
80820
85320
65250
22410
21870
90090
38880
46440
54900
90720
60120
59310
43560
52830
83160
27990
53640
59490
29160
59130
22500
1530
50400
83790
97200
30690
46080
20610
18180
69840
30150
93690
97830
97200
76230
28980
43290
40770
15300
88740
34020
59850
36720
55710
12960
8640
20520
32940
52290
26010
72090
79290
46980
45360
94860
51660
9810
70110
87660
98820
19260
75780
29520
57510
77310
18360
5850
10260
7380
98370
31680
54630
25290
93600
3870
59130
80370
38700
11970
540
82440
6300
68850
62280
39600
34470
61650
59760
73440
52380
71280
71460
18360
64350
9900
90
80640
70470
53550
4410
13950
71820
25830
43560
83700
5670
14850
98190
19620
24660
57510
23490
78390
44280
60300
66420
15390
5490
27990
11520
25830
54360
89280
33390
90
96480
37350
79920
11610
88650
3960
71550
24570
5220
21780
78660
26370
13590
97740
60930
40410
89730
60930
7110
38250
36720
7560
84060
58050
2970
63810
43650
95670
32400
77490
36990
71640
42840
90360
28980
57600
52830
41490
21060
55440
72180
20430
74160
76320
76140
36720
87930
54630
87840
11250
14670
47610
13320
15390
8370
89280
32670
51030
43110
80910
61110
94410
28530
55710
66330
79830
35460
89010
180
41130
70650
10080
3240
34650
26730
73980
39870
42660
18540
79380
73080
990
55170
2970
50400
58050
74610
36900
59040
83430
65520
49680
38880
97560
82440
40140
4500
54360
70110
70740
68850
58860
37080
51120
15930
94410
98280
64440
99630
21420
12780
82530
72180
36270
82350
78210
83520
20250
7740
3690
75060
35190
41940
96300
48420
22410
25380
17280
65610
67140
97470
1170
19080
75510
48240
18180
78840
75240
9810
69030
77670
23400
74970
58410
81180
26190
16380
45720
56610
62100
93420
60120
44190
30690
79200
61830
19530
50130
57690
55170
90450
51480
95850
60750
75240
5490
67320
30060
39240
82260
62730
39150
70110
30420
75780
47340
40050
41940
5130
36090
32220
25830
17550
23130
77310
8910
89820
19890
55080
2970
18540
5130
5760
82440
84870
86580
6210
45630
11970
21960
54900
7380
34560
43110
10530
73530
58320
1620
81990
54090
92520
2070
53460
17910
33210
1260
720
43470
57690
6390
89820
70830
29970
60300
77940
80280
28260
32040
33390
92250
33930
22140
92790
16470
37440
39150
56880
46350
43020
51120
41850
94680
2520
95940
5850
46530
36090
50490
2700
83700
92160
18630
47970
26010
3150
59490
22500
47340
71370
83070
76680
5490
3960
38430
79110
10530
30420
94950
37800
76320
3150
52560
9990
75060
90090
46080
45810
810
34110
56790
29070
40500
20160
9630
60840
54990
56520
35550
14310
29250
70290
37890
11610
56250
39330
74880
85500
63360
75600
80730
53100
42480
84330
38070
72540
53550
88380
87840
93510
4950
32490
35190
95580
39870
6120
35820
50580
41130
79830
61020
75420
77220
14850
38970
43290
50940
33840
3780
43020
58410
26820
22230
4680
30330
59220
99630
58770
92970
67230
26730
71550
14850
64620
14760
69840
13320
17370
8820
61470
72090
76050
86130
98190
56430
68310
42750
91440
79920
91080
68040
14220
21330
52380
36360
14940
83340
720
90810
5310
67320
32220
98820
53010
46710
12960
65520
45540
81360
52920
58860
47610
5580
85860
5670
66330
97740
47970
80460
85860
62010
24300
26640
53730
540
78840
10350
1170
10980
55980
60840
77310
17730
66240
54270
35550
57420
81900
23310
9000
25290
46710
16290
16830
21060
13500
51300
67410
45990
3420
1350
25560
63810
41580
15030
34200
5580
28440
450
62910
1170
58680
27000
29880
71910
20700
77040
44730
1530
3420
46260
92430
78300
61920
33660
7830
77130
90810
41850
26550
87300
45270
80010
21240
62550
98640
62010
7830
48330
6930
39510
79380
49770
27360
98100
98280
6660
90720
12690
29160
75870
24390
81720
13320
20160
7020
98190
44730
72090
56340
0
33840
3780
88740
88470
22500
98550
41040
28170
67230
68940
16290
34740
48780
51030
62640
69660
35370
33570
59580
42480
78930
66960
70560
57240
17460
10710
53280
77940
23670
44100
29970
17370
62820
56520
80190
92880
93600
95040
24480
28530
97650
22500
44730
54270
20070
29070
45900
81630
67320
74250
22050
97830
68670
55800
42030
99000
9270
42750
65790
5220
33210
15030
48960
41310
2340
12600
95850
45450
44010
43110
51120
28530
25470
30330
60930
30960
17460
22050
81360
25560
33660
52920
22590
39510
78300
82260
37620
98010
28170
32400
49680
27360
30330
62010
82980
9630
96930
70470
22680
4860
34200
59400
57870
72000
39510
89910
4230
20340
17280
63900
24660
4410
79290
99360
51030
4860
65160
59850
40410
29610
85950
990
61380
78930
22050
39150
58230
3330
34110
11880
61650
6120
3960
85230
93330
33570
2250
72720
37260
35190
76320
11520
67410
49140
22050
72090
98460
18810
50940
28530
25200
86670
9720
82620
65610
89550
35190
15750
90900
65970
67410
48060
540
61920
29700
51030
1800
1440
34020
94590
11070
40230
75870
38430
59670
59940
99360
59400
31590
1980
48510
57420
51390
9000
45360
31950
48780
10890
22140
91080
4950
59760
37620
84510
81450
49860
33570
61650
98280
45630
86760
82440
60030
69120
55710
58320
67500
25740
38430
84150
70380
34650
36270
31950
29970
24480
16290
34920
6030
17460
89460
78390
48870
7920
58410
37710
71730
83700
62460
88650
86940
47610
68580
49680
28530
61200
44910
36900
35280
74070
87840
94140
31860
88290
31500
33750
5400
40680
69750
18450
39240
42840
48600
32760
53640
57600
57330
71910
44280
90360
71820
23850
22050
50130
61830
43830
97110
98190
88560
65340
96840
46710
50670
86310
41670
48060
46710
99540
3060
71640
63000
33030
60210
66600
59130
17280
26280
50400
48690
10170
69840
52830
27630
11340
75960
26730
35910
89550
94770
75330
48060
16650
83700
16470
78930
35910
5040
90450
7380
9270
47070
98730
76320
85860
71550
23580
1350
95310
51210
79920
17910
40230
27360
18810
41940
72360
63180
2160
53370
900
56160
35280
42570
91710
3960
53460
63000
92160
18540
19620
35820
19800
13950
17010
64260
36810
65610
15120
80730
93330
32130
53280
34380
51840
89640
38160
17010
54900
90000
46080
78030
5040
69300
31680
55260
35190
84960
49050
34560
59040
42300
87930
31590
32940
16380
61020
93600
78750
18090
88110
66150
31590
94410
7470
55710
25920
59220
12330
47970
98460
63000
66060
18540
73890
38610
22050
16830
53100
98460
27630
13950
82170
70650
8910
43380
26550
12060
15390
53820
98910
7920
62100
11610
44730
28620
11790
14040
45450
46980
65880
38340
91980
53640
7200
20430
73260
68760
71820
42030
57420
68850
5310
87840
74880
26820
52470
60300
5580
40860
67770
82260
4950
88110
61830
10980
5670
56070
54810
62460
56970
78750
4590
27810
61200
49320
58680
60480
11880
3240
71550
53640
23310
30780
74700
18450
42300
49770
63090
28890
37080
18900
66330
75330
51570
56700
66240
37980
82080
35100
74430
7650
73350
99990
67500
63540
2250
93330
88560
61650
52380
23940
31050
79290
15930
23850
12690
63990
39510
62190
6210
13860
35820
14850
41940
26280
19530
74070
29880
49680
67590
56250
65790
42660
73350
19260
57780
4950
58140
19170
61740
88110
26730
99450
62820
43200
65340
87300
85050
92610
630
21150
66150
77940
96750
18810
45630
41580
24750
34290
13680
82350
55710
19890
32040
46800
86580
30060
71730
28350
1620
31860
63180
43290
39960
67140
26280
62640
22860
78750
48150
270
34560
36090
28350
14040
40410
75690
92520
16920
15930
89640
13500
67320
26100
74430
91530
5400
57870
12600
4410
22230
24390
42660
73350
97290
50130
41400
73350
22680
4230
83430
40140
39510
34650
8100
30420
61650
75150
8010
87840
35460
40590
7470
34470
77850
29700
46710
71370
76230
25110
79920
44100
11700
65520
60570
45450
56700
18810
84690
62190
33480
46710
78210
34830
50220
70470
99810
10260
70920
18990
56340
17100
94320
88650
32760
11160
2250
52200
6030
49680
65610
83790
72450
53190
97200
22410
71640
2520
98280
53280
31410
63630
25020
48060
27450
61740
48870
65340
68040
54990
36090
61290
12420
58320
72090
82890
46440
52110
90720
66240
52110
72630
16830
9630
71190
2790
43560
50130
36990
39690
4770
48690
80820
46710
61290
42210
67230
87300
36630
74070
71730
88830
54810
55620
93690
56880
34650
35460
1440
83340
3600
73350
59940
18000
68850
13590
51300
65610
38340
73260
63630
53190
44100
45090
25470
61110
39240
67230
37260
43920
45540
46980
95940
95310
10800
61470
65250
69660
87570
74160
89370
44190
11610
44730
32670
22230
49860
69300
78570
83160
85500
57240
99630
89730
47430
33930
30600
46980
46260
19350
87480
66960
95040
26460
9540
26010
40230
42570
70020
33210
7020
22230
35370
99630
54720
82260
4050
37710
72000
46260
51660
1890
10980
31500
17370
4590
61470
81630
49770
31860
57420
55800
98910
51840
70830
96480
83340
47250
5400
8190
19710
28440
57060
16920
13860
59310
36720
13500
27360
35730
34110
51660
28530
96660
94500
22590
91620
69210
59940
39690
1260
44910
69660
47520
51840
68490
83430
30510
10440
36360
95400
47250
95130
48060
22050
97470
54720
77580
73620
16110
72900
98100
16290
18270
99000
58770
39420
54270
34830
3150
62010
2700
22050
77040
55890
21870
19980
27000
42840
26010
90180
16650
80190
90
98820
76050
67410
98550
3330
51480
990
56880
89370
8640
33660
31230
86490
67950
43020
52740
41310
15300
34470
46350
25200
21780
36450
42300
98730
29520
5850
12060
36450
63900
62550
70110
90000
18900
68580
64350
94230
44100
11970
10530
19440
73260
7110
17100
25380
19980
20250
73800
62910
71550
82530
17280
81270
19620
92430
84780
81810
88920
73710
25470
70110
88470
82710
25740
93510
43740
2070
90090
68220
53280
49860
76320
70380
13050
12870
93510
52020
50220
23040
74610
74970
21510
16830
17460
95400
71010
80730
91980
78840
5040
1440
74160
80820
81270
57870
22230
10350
68220
26550
13680
32670
20880
16560
13590
80280
74520
55440
2430
43020
67230
15210
39870
72540
43020
67590
78660
35100
91170
83250
97200
57150
54270
24750
92610
60480
40230
74790
13410
42390
3420
55710
31680
93150
47700
9720
26640
56070
54360
67320
45180
89280
79560
59400
71550
17820
19530
47250
69750
85320
16470
90990
99990
89280
30960
21420
46890
98370
43020
6300
33300
34650
28080
53730
63720
78300
48420
22050
44640
8100
24030
94230
36540
84690
16380
90090
95490
32400
80640
73170
45630
1530
14850
62190
32220
23760
18540
63000
44280
54000
50760
77040
23940
92790
76410
73440
94320
15930
39690
86130
65700
18090
31590
86310
6750
30690
1440
81180
80910
17010
23220
96660
68940
22320
14220
62820
80910
94860
28710
1080
5310
2970
76770
73620
68760
17190
48690
27540
89820
30510
30240
42930
61470
3780
93060
52470
86130
35730
2520
29790
26730
64620
72630
77400
10530
78030
30420
81810
75150
14310
95040
7920
25020
97650
26280
22590
78570
12690
79470
5310
8820
93240
58230
61560
38070
62190
79560
29880
85140
57150
68220
92970
78030
39870
39330
61290
74700
86490
53550
17730
81450
90450
13500
19800
85950
93600
56700
27990
8190
14400
49320
81900
97200
93420
3600
54180
83970
6750
79200
75870
33120
15570
75780
5040
85950
56610
58680
15660
62550
23400
16560
94680
56610
12150
13230
810
86850
6120
27720
8910
17550
57420
42120
12690
54810
84600
86220
6570
43470
41310
13320
87660
50310
96300
76860
45540
44460
15570
92790
55530
38430
43200
2250
74610
62640
23400
62550
13770
93600
26640
7110
25560
41490
80820
82170
6120
14400
5220
43470
97920
23400
66870
78840
61560
85410
26370
8190
810
46170
17280
26550
40140
91080
75690
85770
63360
15210
89190
91170
4770
5130
70200
66510
59400
54900
34650
47070
20160
15930
81180
45630
40770
26280
69570
89640
7920
65700
92700
16110
57420
51750
2520
51570
35100
81630
69210
29430
62100
1530
42840
96840
48870
42210
37530
810
95310
96570
52830
89280
76590
94140
68040
29340
99540
50850
58590
89370
75780
34920
22500
16110
31590
45360
10980
26370
98010
97290
35820
33030
86400
95220
7830
66150
66600
91080
70290
12600
17370
31500
40770
73530
69120
89190
92430
60120
21150
16470
76860
39510
65880
85860
98370
85590
38610
65250
65610
46260
74790
6480
98910
64980
4770
56340
51210
14940
6570
94770
68760
72720
33750
33660
28800
12060
46980
33660
66870
20070
53460
43470
49320
16110
83790
29250
90360
41490
84330
90810
46440
88200
13410
79560
42300
18990
12420
68490
31410
18540
3690
90180
4050
12690
22680
51480
8640
64350
63990
77850
87930
75870
26280
2970
74880
14850
17550
4230
41670
99270
59760
16470
53820
3150
90810
54810
44190
31950
36900
87660
71010
19440
87840
29160
21150
61110
90900
15840
73080
55890
68490
33390
88830
14490
84870
68310
14940
22590
96570
71190
13590
38700
19350
30240
51300
22500
12420
36990
92160
45450
61470
78120
99000
2970
32400
83250
50220
75870
37620
17100
34740
40950
2970
91620
42120
67680
74070
3240
82260
6750
99720
54270
18450
61830
97740
39870
84150
46710
81450
45720
32400
91440
77850
16650
44010
74160
57420
56970
42030
31230
11700
6930
18270
88650
92160
77400
77670
84510
18540
30240
45000
20160
32760
8550
19800
58590
7920
33390
20790
66150
85050
11250
85140
21870
43830
59760
9990
35550
74430
44370
91350
99900
65160
15390
77760
98730
70110
54090
93780
1710
59940
82080
36720
5130
85230
77580
38610
31590
98640
67770
99720
8010
11520
51300
45450
61290
85680
48240
7110
74250
97380
70290
62640
18540
1980
49500
36360
6750
21960
27090
1890
99630
84600
96750
93060
1980
98460
55440
77130
93510
87660
65160
84420
76680
7290
8460
40860
80100
20790
38160
19170
5220
64710
79290
10260
14580
82890
70470
69390
94680
31770
59490
26460
53730
69030
82980
21960
88470
30690
36270
61560
8640
33570
4950
26460
46260
87390
3060
72990
89460
24660
47880
32400
43020
67230
75510
94590
51840
53910
87750
91800
1350
20340
83790
48150
270
93150
22860
81450
5760
95490
27900
40230
80910
71550
77670
61650
43740
78930
39960
76230
24390
47520
16470
62370
51750
45990
16650
11790
13950
30780
45000
68040
41400
82890
29880
62910
50490
56610
720
75330
29160
49590
3780
71550
62280
58860
7110
630
15390
49050
12960
28350
40590
75690
55800
27450
75870
70110
3870
31050
69660
26190
73530
69120
29880
38880
92250
30150
59040
49500
11250
51030
38700
12240
48060
36810
95400
6210
16560
36090
47070
69750
23580
42840
17280
45720
60390
32490
62190
2700
71280
80100
95760
51840
61110
88290
22410
30510
27090
17820
44460
27180
4680
68580
15390
90180
7020
87030
92070
29970
14220
85860
36090
46080
89460
44730
66060
13500
62640
67410
95760
24570
56970
1620
28620
78570
15030
66330
97380
720
65160
12600
54540
25200
58050
91800
90270
15480
19710
54270
18540
76950
34020
88380
43560
39240
87210
32130
3510
97470
99810
6030
40770
62460
81180
42570
94950
70920
3690
62820
40230
33300
10260
97290
79740
64350
2070
31590
66690
78210
48240
97830
58950
11340
22140
40860
83160
33390
48150
38610
55350
16380
35730
61020
30510
85860
22230
9360
59400
62280
69480
36720
72450
33660
32670
85770
74790
41400
5940
74880
52020
58950
9720
72270
17460
65340
67680
43200
85410
22950
72270
42390
9450
77850
94140
69120
47700
66240
90630
78840
31410
7560
77310
17550
84420
49320
89730
15660
20160
76590
61290
29430
74520
91170
75330
90990
50670
41760
80820
46080
91440
41220
20340
78300
88920
25380
97200
50850
51030
50310
75330
97650
60390
58770
74340
91800
5850
29520
69390
58230
85860
24750
84510
62010
80910
57150
6570
16020
71100
16290
32850
80550
47250
12240
21060
84600
14580
12240
42300
66510
76320
74790
91980
69570
28890
98640
31590
79020
70740
23040
58230
83070
9090
96840
49950
93960
71460
40770
45450
76680
71910
86760
91440
2610
60570
23850
6930
6390
44640
81180
40860
56160
55980
55080
76860
89370
51120
1170
50400
95940
89370
19710
25560
44640
85140
29340
57870
61830
59760
32580
53910
32040
86310
91170
33750
95580
5400
92970
28080
42210
39780
25380
96570
29160
12510
88650
72990
24120
97830
75060
61020
34650
20700
37080
44370
29160
5220
86220
62190
51030
70470
57240
97380
38340
75690
26550
75600
40230
73350
87930
74340
14760
11250
78300
12150
67860
33840
13590
58140
65970
61740
28890
14130
40770
46890
6120
36180
57510
95850
30960
11790
60660
50040
54450
16200
61470
46440
97650
97290
41310
97560
84600
38250
58230
69930
30960
29160
36720
19350
41670
25560
31590
65700
65790
76770
76320
84150
50310
7920
3690
17460
73080
1890
89460
10710
47610
88650
62550
13410
90540
63900
53730
64530
90180
15030
3150
81180
61290
70020
87930
73260
28080
69300
88110
25740
70290
96930
49320
25470
6300
46890
95760
90720
26550
57510
62280
67410
59490
57870
46170
67950
33030
4500
61020
15120
56070
2970
86760
82890
1350
66240
2790
54360
34830
6570
69930
40950
28890
67140
50400
93330
98460
35730
25020
44100
63450
74700
74970
64710
85680
31500
67500
28260
51840
92070
53550
68040
33390
6030
58230
58680
25740
19530
74700
6750
56610
54810
47160
34650
31410
54540
17640
14220
49230
9900
37170
76860
75870
52290
74340
77940
45180
81810
94050
29790
4500
1530
90180
96750
38070
44550
55800
16830
72810
16200
42750
76500
8280
62640
54000
20520
99000
77850
20970
60120
8280
18990
68580
55080
68400
46620
1440
79740
28620
12600
39510
8460
73530
17370
10710
29880
78750
71460
8640
56520
63720
24390
52020
42030
71730
76950
39420
79470
18180
51840
79740
52830
75330
30510
62820
73980
14940
25560
19800
86400
80640
81900
36450
56430
35640
69840
73440
96660
60660
16020
84150
67050
30960
65970
91980
25740
34650
53190
97650
74610
18360
86580
27990
83790
8550
54900
69660
94500
58860
99810
32670
71010
49410
53100
64620
78030
6300
1260
7110
8370
67050
69300
7380
80100
12150
60120
45450
55080
9090
74340
52920
89190
98100
10350
9090
8100
15750
72810
81000
46800
40230
18090
89910
9720
86220
71820
53190
72000
6570
10350
81810
17190
28260
25020
76410
75690
21960
13500
25740
11070
47700
52380
13860
80370
46260
59310
96480
23490
62280
52020
67770
52740
62550
25920
44370
78480
25380
70020
86130
44910
46260
56700
79650
16290
1620
41580
70200
45630
46980
99540
65070
77580
33390
29250
66600
17280
16740
17190
80460
60030
36450
83700
28350
79650
3960
85950
77130
86040
97650
82800
51300
63360
46980
79740
80460
69120
60930
93690
99360
1170
95580
15120
41130
53100
67770
94770
98010
25380
37980
61650
36090
46980
67590
77130
24570
78030
52650
52380
35820
12510
53010
29070
59940
43380
4860
900
36630
32850
7830
40590
24750
26370
53820
6570
58770
6390
96930
21060
1620
93060
41220
10620
27180
45540
53640
25560
68220
58410
44640
24210
98910
14400
37710
55620
55170
4950
84060
12870
54900
47610
1170
94950
39420
55800
45810
49410
17820
37440
15480
86940
11790
68580
13500
33030
10710
20610
47250
78300
22770
90090
79290
96570
38160
85500
90
21870
98100
65880
10980
16830
85950
50850
18450
28530
51750
71190
27450
90270
28710
52560
76590
7290
67860
45900
86490
63090
10620
38970
22950
72630
45360
59760
94050
75240
53370
6120
37170
47520
10890
79740
37620
40140
93420
48240
6030
99900
1080
25290
13140
86310
49950
65790
68310
92880
34380
38160
76770
56430
40140
90630
76050
15660
51300
28260
43110
54180
9630
51030
41940
65250
96120
54540
10800
85500
79470
5760
33030
99720
10710
63360
61830
41400
18450
61380
19710
99810
63450
63090
26280
49140
59760
6390
41220
83340
18360
38880
24840
72810
68130
15930
39780
45810
98280
66060
31050
77940
65070
19890
38340
45900
1710
94050
80910
86850
86940
94050
28710
57240
72000
88920
24930
73170
62190
72810
25290
38970
90360
83250
57150
40860
29610
12780
20160
92340
53550
48780
76050
41130
74430
10170
47340
26100
82890
32220
38520
97200
72360
96570
71370
1440
2520
1440
84510
51480
1170
28890
74790
27360
4680
6930
19620
7470
56250
86400
74250
78930
34200
35550
91530
4860
83430
34380
99450
19080
68220
68130
17370
72810
61290
92160
46260
73080
23130
50400
60750
14040
70290
74790
21060
8640
93870
1170
49500
14400
20970
35640
46350
30510
50850
67230
78030
87930
720
47880
31320
12420
10350
52830
40410
16380
15570
72540
78210
84690
48330
54090
80010
45180
10800
51930
60300
17550
88830
95850
24210
1260
17190
43290
78300
22590
16920
30960
11880
80550
27990
46800
86490
71190
23850
76230
72900
12690
71370
60930
75060
22050
28080
53280
87660
51660
36360
32760
57240
39150
14040
36180
51390
18000
58950
42120
64260
84240
61110
6570
71010
99180
16830
52740
70110
50580
21510
22860
10080
72000
91170
76140
13770
21150
9360
63270
74250
49410
34470
47700
14670
77850
54180
92340
3060
30240
78570
64710
450
9270
53100
15210
24840
84240
45810
13860
22590
94590
56520
36090
12780
70200
77220
44280
31320
63990
95040
69210
5490
20610
5940
14670
77040
39420
19890
2250
97290
22320
40500
4860
2880
37800
62550
71550
95940
71100
56520
70380
13590
56340
68400
19080
99990
77220
88650
43830
78750
26460
14670
35550
81990
87210
52740
19440
3960
85590
52020
81900
2880
75330
13140
39420
450
33480
64170
57510
63540
31230
23130
68490
14760
63180
96480
59310
92610
20160
270
47520
75240
23580
64980
45360
40500
90180
89550
56700
19170
7110
47520
37620
31770
94230
37530
97560
92520
39330
17190
9810
10170
64800
2250
38430
73710
68940
1980
36090
48960
14760
66960
53730
71550
45720
35820
4770
69390
39060
23040
87210
42120
19080
76680
64800
15840
72990
36090
74880
68220
96210
53100
81810
13860
37170
33120
69930
56790
79830
41400
74340
22860
28980
73980
42390
33480
75690
720
73080
3870
56430
66420
26460
98550
68940
8280
20610
31500
84510
23760
49140
91800
7470
97830
44460
84330
9090
41040
11790
12330
88020
36630
98640
7740
69210
65340
76680
11250
54990
7380
78750
24570
7920
56970
20970
58320
24030
51030
98010
43380
43200
38160
27540
79920
52830
30150
15840
51300
31500
4500
69390
78570
26280
23490
8640
45720
40500
9360
8280
2700
19890
53640
2970
51750
18090
96120
86310
3960
84330
67770
14760
59220
62640
43470
44010
96930
67950
7110
73080
28440
84420
62190
80910
87840
41400
77040
13410
41400
13230
79200
56070
65790
4860
47160
73710
80910
49590
10980
33570
1890
17910
63900
64350
15660
58500
21870
99270
7290
69030
82890
74070
30150
90270
40770
28980
52020
69120
95580
77850
26460
43290
25020
59670
92520
67680
62640
88650
59580
36180
1440
28620
91890
36900
62190
50220
59400
61110
28980
71640
37440
1530
48510
46800
28980
2520
10350
25830
21600
64260
62100
52920
67140
13320
14490
83340
6750
81630
28350
44640
54270
84420
14220
9090
71640
43200
71820
83160
24210
2430
62820
90
21600
34650
94410
20340
3960
83790
41400
24930
84060
71190
61470
16560
18450
25470
45720
4230
20430
93330
94680
10260
94590
92340
13050
80190
22320
72810
63990
34920
59490
85500
74250
55800
86940
84240
75600
84060
67230
36810
21510
68670
33930
89460
75600
86130
69750
72630
69030
90360
13770
90180
24750
66060
83250
87030
20340
93600
75510
51120
17370
17910
5940
69570
32760
77220
42840
10800
53820
2160
63630
41310
7290
61560
1260
70200
99900
96660
34110
70380
98910
40320
2430
95850
98280
27720
15120
73260
15300
90810
17910
82080
26100
50580
96390
29160
47970
36180
23310
84060
93870
23580
7920
58590
41940
75600
61920
62190
88290
97290
12150
21870
30510
98730
2520
38070
29520
95670
32940
52380
31770
77400
8100
24570
53370
48060
87750
91710
79290
42570
98910
93690
60390
32040
63900
450
57960
91980
33840
34020
51480
99450
79830
22500
7650
29790
58860
82890
79290
96930
28530
47970
94680
88470
88740
18270
49410
86850
77490
25110
95940
46260
18810
81540
93330
69840
49500
43560
27270
5130
49050
33390
60660
12780
64530
4500
47250
69750
9810
77040
75330
60930
29880
39240
30330
37260
25200
7830
72180
62460
36180
26460
56160
20700
41040
45000
57870
32490
17460
97740
39420
65520
52020
50760
62370
78840
84780
11700
27450
80280
26280
16830
91260
21060
98190
65070
85050
18540
21420
80100
60930
49950
28350
92160
60750
14040
45000
17910
19350
93420
99360
44460
53370
33570
47790
21240
86310
42480
18090
7290
55080
78030
95220
63360
84510
46800
8820
20160
58770
4590
28260
43200
82350
88020
19980
34560
51750
52560
79290
24660
17910
46080
8460
87840
8550
51570
47610
87840
3780
13410
16650
70380
5760
24660
79200
18090
36450
26280
11160
95310
95310
95580
90270
96300
42930
33120
33750
4950
12150
78930
31770
10170
38880
11700
34020
89640
77400
34290
37350
44100
29070
1620
1620
78480
63090
65790
32490
1350
53820
43920
68940
13500
57330
17370
49320
47790
82080
89820
57600
68670
64440
9090
83340
59940
99000
32670
8820
71550
29250
52380
58230
57420
93780
54090
31770
31410
84870
99540
9810
11880
95400
10620
97560
77760
26100
31230
99000
95940
58320
23940
60120
56880
11160
0
12870
83160
18540
18990
10530
19260
92520
14850
86130
5220
85950
27450
3600
99450
85230
30780
92160
48870
14400
20340
72990
57690
2520
78210
92700
62100
41760
90990
33210
99000
32760
83790
88110
11610
80910
47610
23310
86220
49680
50490
8190
71010
99270
95130
17910
38880
17010
17190
24120
48330
20610
57330
82350
28710
4410
96300
52110
61650
82710
70650
16200
52290
58140
62910
900
23940
40410
77220
3150
12870
17640
64080
99000
99810
58050
65610
61110
42300
38970
72000
87750
93150
75330
93870
65070
20700
20520
42660
33570
51390
51570
54450
93420
56520
60570
9360
52740
73800
34650
68760
83070
80010
38340
78030
7380
54630
38880
47790
93510
38070
33750
74430
87750
2430
27450
26100
61380
77490
75060
26280
63000
4230
44460
37080
82080
54270
13680
83610
79020
90810
24570
60030
65430
7020
22050
1800
70290
42210
360
86670
72450
65250
10080
79290
54450
64620
59310
69570
85320
8100
28080
73620
99990
39780
90540
58410
35820
5940
78570
82710
76770
98370
22410
12150
98460
55080
98010
95670
71640
16110
54630
26640
41850
24930
98010
32670
89550
30060
27180
96210
98190
37620
54090
73440
42120
6660
4410
84330
8190
79200
87480
34110
27900
60210
95850
97110
49680
90180
45090
24930
25380
22230
18990
76500
31410
98640
15120
50760
93420
58230
4950
85140
35370
51930
30420
3780
57780
90000
73530
55440
78480
2070
34020
93330
34380
68760
7380
60930
6570
21420
74790
7290
9270
93690
17010
76680
77490
16650
33030
17100
72180
44640
2790
36810
40950
32400
40500
86310
96750
54000
59220
7380
52380
49680
45270
31680
69390
20700
98640
68130
66690
64980
49500
630
35460
88200
17190
17100
38880
95670
84600
6930
32310
63270
58230
57690
26010
360
3960
45900
80820
69930
34560
12960
44730
55170
60930
1080
64800
62370
16740
10350
45450
75420
21960
91980
10620
63990
90810
14760
6390
77760
23580
87300
20880
14220
76230
43920
9900
56520
80460
34290
30960
72900
89640
74160
36360
46350
46980
19710
63180
60570
72990
57060
55890
58410
38340
3240
44370
18090
69930
56610
65160
14940
58770
74160
84330
50310
62550
13590
14400
20520
13860
92700
42210
4680
6210
36990
12240
2790
30240
54810
53280
89190
15750
91620
60030
14490
7020
63000
22410
89010
18990
31230
25290
40590
62910
11880
48960
6480
53460
72720
49590
67500
78480
47340
32760
98190
32130
26370
6390
60930
40410
23760
59580
55800
7290
29970
7650
12510
71730
36270
96390
58410
64440
59580
22500
23040
6120
90990
68040
64800
3780
5310
61830
96480
91440
95850
18810
84420
74340
10620
17730
57690
68040
76410
71550
74610
69570
34020
56070
42840
65340
28800
19620
50040
7110
69390
63540
13500
58140
63270
25470
67680
21960
36450
93330
61830
63720
50490
99630
68310
84690
42840
79110
52740
18720
37980
1710
5130
48780
99450
36720
62460
38250
34650
83700
79650
89550
49860
51660
31950
83880
84600
53190
75960
63720
68040
68310
39330
43740
57960
36090
87030
65250
30870
77490
60030
15390
88470
18090
95490
10710
89370
93690
29070
61830
52650
62910
26460
64890
84060
48870
59940
92880
84960
42480
38430
5040
64260
10980
43560
79380
14130
36990
56430
90000
72450
70560
22950
33570
4410
70740
25020
20610
4590
79200
67500
94050
86310
54990
3510
10890
79200
49050
96840
27900
85410
64260
96570
99450
26460
59310
28260
40050
57780
71550
68760
15390
52020
19440
34200
82710
28620
8010
78390
40770
97830
24840
35550
82170
13680
61650
71910
91530
22950
66780
4140
27810
80010
43920
82530
31050
46260
27090
55260
71640
28620
66690
54360
18540
87480
34380
46170
58500
86040
63270
5850
79650
69660
20700
59040
64260
83250
91980
79020
51390
23130
64890
65880
80280
69480
64620
9810
58950
20610
12420
39690
540
88830
19170
76770
66420
70110
99540
40590
4410
7560
34110
18450
4770
59940
61200
56160
44910
26820
25380
23310
35100
69660
96030
62280
81360
8280
8910
72360
62100
60840
98910
57420
19620
77400
63180
33840
43830
360
65070
89550
92790
91260
20700
41670
91530
80730
42660
48060
31500
5940
59310
35460
53280
23040
80550
5670
57870
67950
85860
66690
78480
900
19620
34200
22320
94590
73170
23940
96210
10170
31950
49230
28710
3870
86490
17100
64350
77580
24660
90540
44550
94050
78570
65070
41040
65070
97830
79380
2070
68760
34650
70470
66420
46530
8370
67410
13590
3150
70740
82080
25650
47610
59400
53010
94500
55530
86310
31680
44550
60570
29880
53550
8550
63180
43920
26100
39600
99090
32760
12330
32490
11790
72090
47700
77490
93690
77580
13320
91170
7110
46170
96480
87030
95850
60750
17550
10980
450
66960
31050
11430
16650
3960
44550
98370
4860
63270
98010
46980
52110
81090
49500
90000
88650
54720
79650
98820
26910
52560
94770
65970
67050
80460
80640
72090
87120
73890
11250
70470
88380
15210
77940
1890
65430
44370
15840
99720
93510
13410
24570
78480
63360
46620
26280
29970
49950
23670
81540
56700
91890
67230
16200
31950
49230
64170
99720
18540
62370
78300
43830
90540
33930
4230
27720
22050
5670
41940
79380
1170
50130
30420
90630
53460
72630
65970
69120
43020
13770
67230
29340
81810
62730
66150
90720
2070
41580
83340
40410
41850
83160
97290
11160
37710
36180
36450
39600
58680
53280
69210
99900
29160
58140
91710
99900
21240
57870
25020
93240
28800
24120
35460
63000
95130
12780
70920
24840
86310
25740
11970
15840
36450
69930
11970
91260
2610
33480
59310
8370
91440
59310
810
10890
36540
51390
87030
7020
50760
82530
89370
98010
45360
36630
72540
52920
38340
52740
22950
22950
38970
91890
59850
21420
67590
37710
59490
76590
28800
63540
40770
80280
82350
50670
5220
6840
72630
40590
39420
30780
6840
89280
80910
39780
58770
70020
84870
5130
9270
8010
90900
12060
84510
98820
34110
42750
25830
69300
900
54540
23490
23940
88560
11250
9900
79740
87930
79380
73440
11700
81630
28620
20970
54990
29070
22500
10080
74070
8190
5760
88560
60660
98730
42390
35370
68400
49950
87930
77670
99180
540
12330
14580
63270
65340
95940
8640
81810
67770
88830
46530
40590
63360
37170
30060
53910
46620
58770
1440
91350
26460
31500
30870
30600
2430
60750
25740
76500
64260
21690
53190
45180
98280
85140
6480
61200
63720
47610
1710
28890
46890
18360
76500
15480
99900
59400
51660
2970
11700
49320
27540
5310
16020
19440
88560
58230
68670
32220
92250
1620
42210
21960
33030
58590
40590
54990
54720
77760
9360
89820
49050
48060
13500
95760
29880
74160
74250
66330
34380
81360
38790
34380
39240
40320
30330
34560
54000
55170
11070
11070
23760
82530
16290
16830
36810
8730
98640
56070
2160
48150
92610
9000
68310
89640
86580
12870
96750
48330
80820
18450
65880
68940
76410
74070
68040
68220
95760
44370
31500
41040
51570
89370
8730
55260
6480
58860
900
49230
57690
34290
72990
73710
86760
85140
91260
9540
43200
62280
92970
76770
81720
48780
70020
45000
11700
24570
13860
86040
63450
12780
7740
99900
8190
51930
5490
68490
26370
57510
64620
31140
75600
43380
18180
2700
43830
78750
46890
27720
67680
37440
64530
27450
46080
83970
80010
5130
70650
57420
95490
44100
58950
46980
3060
13320
68130
23490
82800
15300
73800
40320
76770
84870
59760
6660
31770
46170
95130
3060
50580
9090
17640
11430
18360
32760
21240
23220
81540
82890
21600
80550
95760
98910
26100
60660
94050
80100
14310
73170
27000
77130
79380
52740
83070
41310
81090
65790
9090
23220
10530
84420
56700
18900
630
79740
45810
54270
18360
94230
73440
62460
94770
80190
83430
97560
91890
12330
73350
93330
23670
13410
41850
720
8640
20970
67590
88920
33750
69930
87570
75150
76860
21510
57690
81900
77760
89280
11070
450
55890
11880
1710
35910
66150
89190
31590
68940
59400
19170
77310
27900
72090
86580
81990
31950
76860
75780
96300
19980
83790
90360
3690
33930
14940
61740
95040
95040
91800
42390
69390
8550
47700
25290
13230
75330
92520
80190
88380
49050
20160
32400
12510
49860
49140
40500
64620
54990
93600
20160
25830
60480
32490
3870
27450
56430
25290
94500
52920
44280
22140
76320
83970
42840
37350
58230
80010
8550
2070
16740
40950
55170
55170
11250
81180
75510
14400
89730
93870
17730
42480
45270
37800
54990
59850
14310
86850
90900
96210
85860
31410
28710
25740
26010
87300
32760
56970
74430
21060
14850
92880
71100
26640
7650
81540
85410
65340
58950
50670
71460
57420
11970
72360
65070
74160
81720
58140
6930
61470
58230
19080
24300
38880
37800
59850
90450
55980
53190
22410
93780
2160
76410
21510
66960
30780
92610
53640
31680
79920
87480
20700
27180
87660
45180
93690
54900
68400
7380
71100
30240
44190
13770
16830
14850
74070
99900
27540
60660
80190
5850
82350
95220
42390
53010
83250
92070
34830
87840
38880
45990
66240
40230
2700
48870
99720
2340
93330
180
66060
42750
28350
65160
13590
12240
35550
89370
26280
65970
22320
44100
98730
56250
6300
50670
76410
4410
78030
97380
26280
71010
12690
37080
93420
48960
720
91890
6030
51930
27450
63090
72720
37350
31230
69480
39510
16110
26190
22500
56340
9990
38610
37170
56520
58680
93060
70920
43200
69030
65430
95490
9630
6030
73620
46080
44730
5040
30330
21150
14220
68220
15390
5580
47520
27720
1530
39690
17910
82440
50580
54720
99000
29520
49950
62370
22140
0
81450
1800
64800
37350
29700
83700
15750
55530
90000
990
92430
77490
24030
87660
11610
75690
3780
27090
79740
94410
5940
3330
37260
17730
60120
29700
49320
22590
2700
17910
6750
41490
91890
11250
44550
74790
79740
33390
7920
78300
63810
13140
96300
50490
29340
36000
43830
78840
97920
67500
31860
74160
30330
80820
19710
89730
66780
37440
13140
82260
85050
77310
44730
58140
15210
47790
36180
68760
82080
95220
38520
91260
28710
80730
8010
71280
19620
29430
62550
79200
92970
23040
29700
90360
1260
33930
57960
14130
99540
73620
23130
7470
68220
56970
99990
60390
50130
15120
89100
57780
51480
98910
38790
11520
21060
4770
28350
1620
65250
31050
39240
60660
16290
95400
30150
24030
45630
57420
36000
49320
90990
48780
33930
15570
63360
20430
7380
46980
50670
40320
26370
42840
84600
75780
58860
41220
13770
58500
38160
77400
56790
33840
72090
50760
25650
93330
68400
9180
68580
54270
81450
86940
42030
54090
90450
49050
28080
94140
25470
70560
82980
22860
59040
6480
36630
62100
11970
23670
51750
48240
94680
4320
92610
87570
47250
73620
73620
85410
8910
810
14220
72360
30240
71820
27900
93960
51930
38250
67950
60840
60210
98010
61650
40860
12870
96210
39870
28080
79020
17730
13590
17010
39960
27810
4410
10170
65250
23760
92970
3510
51030
91440
84600
78300
43740
51930
82710
94590
85770
5760
28980
76050
95940
22140
9090
18720
71820
65160
42930
88740
97020
74880
10890
91440
12240
3960
66600
67500
15480
93330
35910
94140
46620
11610
98100
8460
86490
6480
11430
35460
87210
10440
45540
25380
30060
90900
14850
14040
60210
81810
80910
64350
46980
30690
4050
87210
34650
29250
82350
25470
3510
59940
93060
62190
97380
81090
810
7650
14310
10260
96120
93600
78570
64260
71550
51750
5580
73440
88560
76230
9090
49050
84780
1260
94410
81630
92700
96570
99000
19710
85140
67230
89280
19530
57510
92790
19800
91890
21060
29700
21150
51660
14130
13140
84960
10620
42750
56700
81000
63270
51930
15570
43560
4320
81630
90360
40590
23310
21420
46980
66780
44730
75960
98910
32760
22860
26820
13770
13230
34920
88560
55170
62280
88200
27270
12690
80370
35100
78930
16920
63090
98010
33390
93690
6480
31050
5490
2700
90270
76320
81000
5400
93780
81630
76320
18450
29610
37800
98820
44910
24840
52830
60390
73800
37980
48240
44640
9900
54540
26910
77310
86310
22410
49410
52380
78840
54270
28530
11790
92430
47340
76410
22770
53100
70920
68220
97380
13590
36360
84780
61920
35460
63900
73980
19710
23220
5760
15030
3870
6120
91980
74250
61560
93690
60390
41220
31320
97650
84510
33840
86310
36090
90
6300
7110
87300
1980
60300
71820
56790
87840
27540
10800
76320
12330
60750
66690
52020
73620
9360
9540
27090
60300
7830
12240
3420
88110
22230
31950
96480
39870
29250
31230
46260
62910
68040
95580
19890
35730
57150
11250
5490
25830
65700
98730
5130
10350
91890
93240
18990
44370
79110
96210
27630
71280
87120
76500
12600
79560
28890
68850
71280
66330
76230
67680
70920
63540
69390
48510
90000
82800
70650
87480
78480
13050
33210
54270
18990
84690
47520
49230
80460
59490
31320
35460
32040
99450
14580
51030
66510
55350
63180
26280
36000
50220
41310
6840
35460
30870
9990
90810
30960
64710
7830
64980
2790
20700
25110
73980
35730
56610
88830
89910
66420
50670
69570
29070
34470
89010
76770
44010
19080
81360
8100
24840
4410
65070
1530
88290
1260
95310
37260
33840
77490
50940
33840
41400
72270
61650
25020
68940
58230
99810
92700
25830
54900
54810
84510
49770
89010
61020
89820
56610
53460
25110
81450
3960
85770
96840
51840
32310
69570
82170
44370
7380
95040
21600
35010
24390
98370
82440
57060
98100
35910
16650
27630
80820
31500
75780
90450
34020
82260
72090
84420
65160
43200
93870
26550
24840
77130
42120
62820
67320
21060
16560
46080
86490
74610
74250
75690
19710
55440
44010
82800
1170
19080
540
46980
17100
97470
89280
52560
76140
33120
56610
25650
15660
96480
24840
70200
23670
65880
72360
42570
7470
88020
71910
62550
9810
53640
8280
72000
36810
82530
38070
25920
25290
17730
99630
81630
35370
89190
34740
15210
15660
87300
81720
27270
48060
61290
43740
51030
38160
58320
83520
87300
18270
44460
85950
35460
97650
27450
14580
18630
70650
90000
13770
65880
25200
43650
72450
4140
72900
16650
99090
62370
14580
71730
75330
1260
360
69480
56520
89820
66780
71370
24390
35280
74160
16560
16920
87030
14400
15390
64800
81810
48420
64890
8460
65430
33480
34290
3330
18000
83340
38160
85950
98820
21690
44730
16830
72090
27990
78390
57510
18630
96210
39780
31230
4140
810
50490
89640
74070
69210
52200
77670
70380
90810
72990
76410
96750
49410
75780
28260
55800
28980
64620
93780
31050
11700
45450
52380
20880
7020
24840
69660
96210
6930
91620
73710
8190
66690
8640
4050
64170
77670
80730
65610
89910
63720
43650
11160
77040
71730
54810
43920
72180
18270
36540
35820
96660
36450
48420
34740
15570
45000
23490
2790
23130
89820
71640
65520
67770
16920
12150
80730
32310
75960
46980
38160
19890
97650
71910
91080
2070
96840
23760
85320
5220
86400
66600
76680
70740
10260
7470
38790
8100
60840
30510
54540
84240
94050
55170
62640
57330
13140
35910
92250
59760
18990
66150
54450
8190
71820
79020
74430
16830
43110
50670
66600
48240
25110
89910
64260
70290
97110
11790
57510
30870
83250
68580
77850
49770
14760
65610
90630
90810
51390
25110
69480
61740
94860
28710
52650
23130
93060
32580
12330
53370
27630
68850
64800
38070
97290
75330
78840
95580
360
83790
51120
81270
68130
87390
29700
67050
83250
9090
74700
2790
96930
80100
35730
49230
16830
96300
44640
33480
23490
89910
78030
3240
38340
67140
15030
45720
99900
61290
15390
64530
42570
65700
9090
10980
38970
94140
17730
99720
1530
64890
6480
43200
20700
3150
86670
99630
7920
18090
68400
19530
41670
97380
73800
62190
20340
11070
82890
53820
80190
39330
60480
70740
60750
33210
31050
14670
56340
85230
13320
58950
49770
80820
66060
37080
47070
64530
76320
49950
38430
99270
73080
71820
4680
64710
38430
83160
88020
37620
20880
5130
54270
2070
87840
67410
9270
31860
68940
70200
46620
270
90900
95760
27810
6840
80100
71910
11880
45360
61470
23220
41670
12240
45450
34740
20160
69480
72000
14310
58680
79020
31320
75600
53280
50580
17190
90720
92790
34380
12870
76410
62550
61470
19530
67680
47160
55980
71370
25740
720
95940
53730
95400
27540
23040
93510
51120
9360
49410
59940
52470
59580
85860
77040
68400
49950
42390
99990
42480
88290
92070
19170
4950
60750
87120
18630
32580
8820
10350
68040
76140
49320
20880
23220
75240
31950
9900
12420
6930
30960
46620
80820
91350
31770
50760
54450
95940
6930
33390
48150
43470
87930
25020
90810
98010
36900
57060
54540
97020
12060
41850
86400
18360
72810
26640
89550
94860
28620
6660
54720
98190
89190
96120
76230
1350
49950
95220
98730
53280
5400
79020
60390
95040
57420
19620
83970
37890
75240
84780
39060
63000
9810
32400
89910
72000
94410
15210
81000
89910
58950
83610
74070
53190
86850
28080
38610
51120
21960
65970
18630
25920
48330
57780
900
32670
79470
38610
72180
50220
74160
1260
89100
44100
61830
1530
22680
10170
0
61200
34560
17820
15660
71370
49500
94320
47340
72000
43740
21960
19890
11610
64710
27360
70560
51750
64440
94680
51300
16560
39780
97380
43650
21330
47700
60570
44190
14670
16290
84780
33300
32310
16200
59670
61830
42570
23940
45360
90
88830
61470
1260
89370
42930
9090
93150
87570
39060
57870
70560
62730
35460
49320
98730
42120
11610
67320
31230
11700
77130
22860
91260
4140
360
60930
46980
39420
80100
45900
72630
45180
75870
53190
39510
5940
79560
51570
41490
87120
11880
74430
66150
68580
56250
64080
42930
66960
46620
54270
86580
89910
95580
32310
8370
71460
52920
98010
7470
49320
81540
82800
1080
8820
26910
3330
71280
75150
88650
66600
74340
94950
49500
96840
19530
34470
31410
74610
33390
43200
17550
59130
99360
97830
63630
95130
69570
43830
10710
44820
53550
29250
64530
68490
25830
17910
82080
450
51840
82710
1710
83790
17820
70200
34200
33390
12060
6390
66060
86940
25740
42480
48060
40500
98190
22050
84960
27900
62100
64080
33660
66690
45990
77130
32580
30600
27450
59490
49410
90
27360
71190
85320
10620
28620
53190
20160
20070
54180
95490
20430
91080
1080
51930
37710
17730
84060
3870
69390
91620
270
48330
27270
52020
36180
900
42390
71640
71010
20970
38070
93600
89820
85680
63270
70650
93870
49410
65790
46170
51030
36180
91260
22770
33480
98010
57960
85410
35370
27270
70740
57240
72000
27630
74880
99360
60480
85500
14670
18450
34830
88290
2430
90090
32400
22860
53550
61920
5760
7110
44730
39420
15210
78300
71910
95940
70380
7650
64710
35460
3600
94230
87120
47610
45720
19440
78120
99450
76950
61560
57060
87750
56160
92970
810
41850
99090
11430
35190
38430
76320
87660
22770
16110
42120
16560
52740
20160
21780
84780
35280
21870
55260
94680
63900
46080
43920
69840
18900
10980
37710
80010
40230
89820
26550
69570
73260
89550
30870
76500
47970
74070
10620
68130
17460
4590
69120
17100
2520
69300
7470
77130
58140
3330
39600
14940
40860
95670
71280
68760
3330
8460
17730
88650
90720
11610
58950
64440
43290
76500
11700
86760
71280
67860
56430
83070
1710
85590
71100
98910
81990
13860
39510
92610
27810
30420
32760
65520
77490
10710
2790
38880
82350
51570
52470
21600
85860
70920
69750
45450
38970
9540
6300
73260
74250
42210
90990
84510
94860
360
13770
8460
93150
89910
2430
88740
1710
9990
38070
94500
71010
29790
65880
83250
55350
39420
76590
79290
19620
27900
48150
10440
16290
71730
90450
14850
27630
31950
6300
93240
61470
32130
36720
64980
84510
75780
76590
36180
87120
4950
58320
80370
42210
80910
12150
6750
12510
82980
90990
48060
10890
16470
19620
71640
49230
20700
98010
91260
27540
63090
76500
16830
41670
31320
71910
33120
84510
82260
85680
74340
27900
94590
41490
76860
56160
88650
71460
76230
26910
24030
11880
52470
93240
64260
54630
59130
62370
29520
4050
15300
75780
4680
51030
99360
57690
7470
76770
31770
94140
74610
31230
43380
57510
87840
10890
10080
83970
71730
5940
40770
9720
53460
73890
62190
41220
27450
88830
2430
13410
85770
30060
75420
87120
83430
64260
30150
78030
47430
54990
57330
35640
38700
50220
71820
44370
23580
52830
53820
65070
7920
92880
37620
180
64620
41400
6300
74700
47700
80820
68670
42300
40230
74790
31140
64350
22230
92880
38520
83160
88470
53550
51120
23040
31680
25740
2340
3240
9810
81000
31680
68130
92970
29160
33570
50310
74430
84870
42390
48150
97470
36000
52200
54090
17190
40770
84690
7380
50850
72000
63180
39240
8190
62550
88740
48510
16200
35010
52650
50220
78930
37620
4860
60660
95130
14130
57420
60030
34110
78570
7650
73170
12600
36180
35910
88560
69030
63810
85950
43740
89010
22140
40230
83160
37440
76230
630
180
19800
94050
34740
14580
29070
85770
97650
89100
82890
91350
40770
90360
55080
23850
99990
93600
49770
94860
56700
97740
55080
98820
92700
82080
79200
23670
82080
37350
71100
91080
96030
3240
92880
20790
76860
31050
79920
79110
38880
32850
51300
69120
68760
45810
49140
95130
60480
79470
80280
22050
91710
84780
93600
85050
61020
83340
47160
58140
48690
53010
54720
6930
38160
85680
66600
98190
2340
6480
49950
17100
8370
71730
91080
56250
35910
73350
39600
3960
58140
91080
22590
46530
10170
9270
85410
98280
88200
55530
22230
48960
67860
13860
67770
47970
24660
88740
51210
74700
90180
78750
3150
91800
38250
22410
97470
59040
55260
89910
62190
30240
99540
37530
92970
58770
27720
93870
33570
180
85500
88110
54360
72360
65790
15840
66690
93240
8550
51930
6930
30600
72090
88920
270
77580
81360
61110
11790
76680
60750
39690
85590
66780
18000
26100
44910
59850
86130
39510
31320
73620
75330
34200
84510
20070
30960
42750
26640
29250
91440
44370
67680
33660
40320
52740
27810
97650
56250
9450
94050
5670
3600
33480
25560
33390
81450
49500
38880
43920
30780
88110
41760
33840
94050
28710
78030
79290
20610
82710
56700
15930
69030
1440
34290
45540
89640
89010
50940
30780
12240
99180
51480
15210
68850
20430
86310
93150
71910
51660
24030
12240
20880
36630
67230
27000
28710
81180
75690
57150
35910
42120
57330
78030
95040
80010
76680
73440
19800
31770
36450
39600
40500
37260
71190
41490
81900
2160
9540
73530
9270
57600
94230
88830
31680
32670
1710
63450
24390
54090
69300
74430
54180
24750
36000
85140
30960
48690
34110
96480
17640
39330
85590
22230
19350
64620
39420
45000
2250
18090
54450
15750
25110
61920
30780
43380
41760
63810
39240
58140
60660
3600
1980
75870
12330
57240
67320
5670
3510
22590
85320
540
50490
61020
13770
70110
70650
42660
31230
98100
59490
81270
74880
35640
60570
4860
85590
88020
67140
60930
24030
6570
63540
22860
14580
64440
68130
36720
34110
55170
6210
74520
19440
56610
20250
92700
80370
39870
98820
13410
1440
12600
84960
61470
56070
46800
97650
56070
43200
57600
9450
11700
81000
41220
66510
42750
27990
13320
51210
5850
28710
63450
5850
79200
6660
9180
61110
42030
59130
18270
30240
99450
32220
26010
21960
43380
39960
81270
2070
41490
56790
45450
30240
38160
25470
76680
52020
25380
67500
68670
64890
45360
93510
84150
91440
56880
52470
24120
15660
6930
51120
89730
7740
12330
21420
54270
78210
3960
38070
57960
57150
65430
63450
17640
71550
49950
68220
540
64350
67050
53460
56340
57420
97380
24750
10710
6390
5580
82080
62460
27720
2430
7560
53820
62640
52830
11250
46440
56250
52200
6030
58950
94770
99720
9000
88290
66150
15930
54630
41670
63630
65610
13140
50670
82800
3060
15840
89190
8730
61200
45180
39420
15840
43290
19530
65880
89910
33660
72810
31590
38610
4680
48150
32220
25560
26910
45180
58050
93690
23940
58770
810
40140
12510
0
49770
76500
71010
43380
72900
36720
77850
86760
86760
74250
81450
11250
21780
2880
25110
2880
49320
93870
22590
60210
25920
13680
23760
1530
8280
36090
11340
35910
91350
25830
15660
39780
43020
13410
97830
14130
30960
78840
24390
80010
86040
65340
98550
69210
1620
73980
15030
78660
34920
88380
23400
45540
68310
52650
16560
83160
24570
58770
62640
69210
63540
2610
19080
67050
76140
64170
59940
92520
5400
32940
7200
6210
97020
96120
32040
26910
58500
19440
77850
31500
81900
10800
27720
24390
70740
91170
54810