249 10000
17910
38340
68580
73080
75060
7560
50220
7380
29610
53460
70380
38430
7560
37530
62640
97290
19800
71280
68310
34560
73080
24390
28170
75600
90900
88470
7110
34650
51030
7290
48960
55260
82080
41670
98010
22410
73620
47790
87210
49950
50760
60300
3060
28530
47160
54000
38520
51930
37080
47790
75510
58140
3870
39060
56250
92070
52740
67680
50580
29160
70020
96390
56340
1620
69660
22140
13590
82890
31950
77940
98010
30240
48690
86490
95760
92790
64890
75150
67680
44190
51120
54270
5220
87570
87840
97740
45090
59580
56340
58680
24480
88290
75060
79110
26910
51210
65610
54990
67500
63990
71370
33120
60930
32850
32220
14850
25290
72720
10170
36900
7470
60660
82620
630
32130
13860
20610
96480
21960
72090
7740
91530
62460
72810
85410
49770
44370
63720
69930
48510
87930
41130
59850
27360
78480
88470
12330
90540
14490
45720
91350
41940
14310
55170
76500
79020
43110
5850
44100
46530
55620
77490
20070
70470
40950
67680
83070
77580
4230
45450
98640
22590
22140
93690
49320
62280
93150
73350
74970
83700
76590
59490
7380
39510
46260
61830
20790
67770
63270
1710
65880
73890
64980
5400
68850
24300
180
72900
36990
43650
63990
90
71730
21960
28260
38790
75150
72450
25470
76770
51300
24030
67320
3510
42210
95220
47970
53010
40410
16020
16020
36270
27630
27720
41940
58050
61380
64080
86580
11880
80100
3060
77670
48060
28800
15390
4590
92700
56070
41220
34290
40410
46800
15300
48240
87570
71820
87750
46260
9270
1530
33210
25020
69390
69030
17100
64980
34560
45270
36450
75690
34110
1350
91530
97290
17100
70650
19350
88830
96660
61740
46080
7920
73530
38070
8640
36900
21510
36180
57060
28530
32310
34110
95760
58680
59040
97110
11970
5040
27630
48330
14490
4050
71910
54540
75510
29250
84780
27990
16020
58050
42660
91170
80190
68130
20610
90360
65700
45360
28980
88470
68580
83700
30870
13050
94320
73530
23850
1350
69930
57960
13950
51300
44550
99630
64620
30150
8460
97290
51210
13680
24930
44910
37530
63990
58950
26100
99540
67950
3780
36270
26550
8010
30240
43650
20610
10260
63360
32310
71550
63630
53550
28170
7380
29250
15300
23310
68400
80640
33390
1080
84240
3330
94860
23760
75150
41040
2700
54090
74430
61110
33660
53460
80190
18900
16650
16650
63630
29880
14310
64530
81990
87930
17820
84330
17910
84600
15120
48690
43470
1350
88020
27000
49950
41040
56790
70920
8730
29790
44370
97830
70470
31860
98190
85770
35820
75330
11520
76320
26010
86850
99540
98100
83790
16290
75060
19620
76500
73260
97560
40770
88380
44640
64080
24300
90450
48600
81090
28260
60570
67860
85770
39240
15660
40680
32310
82620
50670
72360
39330
75780
28080
54990
88830
46170
30600
22410
82710
26010
18270
94410
85140
30510
29610
41850
3060
87750
37080
87210
38520
28260
85680
44730
92250
2970
25650
24210
57870
29700
32670
9000
47430
39870
74340
59670
67050
74790
6390
63540
90180
52830
72090
83430
44280
16830
17190
40140
41580
33480
0
26910
54630
61650
56430
55350
6480
59400
38700
65160
50490
4410
86850
12510
74880
71010
74610
89190
84780
90090
23670
56970
33750
98190
96480
44460
14310
76590
10350
21510
90900
36540
11520
76230
74430
49770
72450
86850
12150
45810
98550
13860
20790
96930
24930
36990
48600
18180
29250
8820
71640
11520
57420
23400
71100
76140
10080
46440
31410
37530
92880
56340
89280
4680
59850
35550
49680
61470
82620
82350
81630
98820
14130
60390
60480
28260
79110
80460
74880
13770
900
94050
19350
33660
38430
73080
43830
76590
89280
54540
93060
86400
60210
85860
72900
74970
89460
51570
36180
66960
20340
28260
53010
84870
92790
6030
20970
76050
98280
11970
41580
34470
26820
35280
73080
82260
53370
55800
37530
38160
38250
40680
21690
5760
84510
45180
7110
76950
36270
60930
10890
89640
91350
28530
4050
49410
22770
48960
35100
98550
89100
38520
48420
73890
20880
1530
31770
54900
90000
22590
630
43110
17370
20790
76770
26280
17550
90000
50760
22050
29340
27900
87390
85770
82350
62010
99900
23490
37440
15210
50850
15840
74880
7560
39960
35730
93240
99270
42750
38790
4140
81450
15750
13860
36090
55620
5850
64620
84330
1710
89010
63630
5850
4860
20250
80820
8730
14850
57330
82890
43650
20880
8820
87120
77580
21060
73440
33030
14490
90720
61560
8370
79830
34290
82080
14760
36810
53730
81000
45720
6030
47610
9000
87750
80550
56520
54720
28350
89550
13770
18630
43740
83250
88020
6210
7020
60030
98730
5940
34920
23310
67770
21960
54630
25920
4770
59940
83340
69480
92160
92250
29430
65610
70380
63360
81450
40140
37080
35730
78120
45360
14400
83880
10980
38970
93510
89010
79380
81180
90630
82260
30870
86490
8370
33840
93600
6300
94770
26640
60660
9180
57150
67140
83070
94500
65970
65610
17100
41580
88920
24120
71640
35100
66240
70020
62100
48870
36270
82080
96390
32940
90900
9360
98730
83160
0
42660
58320
25650
78210
60570
89640
57690
18540
96210
56430
6300
77850
72000
21600
90270
13680
19530
79110
89820
38160
82170
99090
66600
5310
65700
98730
53550
93780
14760
80100
61560
89460
37350
74700
43830
94590
59940
88650
87840
22050
11520
79920
98640
57690
85770
18630
44190
75690
83160
45180
29250
85500
51120
89460
75150
61560
37980
48060
26640
3870
26280
66960
58230
61290
44280
91260
44640
64710
97920
63900
79110
13860
21150
18990
94860
3600
5850
81180
2340
69390
20790
23220
29430
88200
36630
58410
85050
31140
94230
1350
6300
78120
40950
66690
94770
76950
22230
40500
4680
97650
720
82350
21960
81720
67320
73800
13140
13590
70470
4320
38430
12600
36180
59220
96300
52920
8730
62910
25560
94950
41220
64800
70380
83250
74790
84690
3690
80910
78120
19710
31680
82890
41400
61740
8730
86940
34920
37260
12870
30780
30420
73350
94680
54450
77040
79020
82170
12330
11430
52650
20340
77670
59220
51840
990
74160
27180
90
66060
15660
20070
35550
68580
19350
10710
50310
44730
62460
12690
87570
51930
57960
25650
2700
15930
91260
42120
35190
55890
12690
30060
83430
73530
59580
34020
80280
4410
76680
40770
77310
32220
94410
35820
90900
5400
60030
74880
55350
7920
56070
29250
1080
41670
63540
70020
37260
22860
65970
79920
7020
76140
60390
34020
10350
23040
12060
70920
22860
40590
5670
94500
78210
65340
1710
10260
91890
78120
31680
69750
58230
10710
41130
20610
26190
93420
16650
20430
57870
4050
5940
54270
91350
360
29520
57600
48420
44640
4230
84690
90090
59310
85140
5310
8100
68760
85860
12870
7020
94140
29970
3870
57870
70560
90450
76590
10440
70110
47790
39420
73890
89370
16920
46980
36090
61560
39690
13050
15390
83520
26010
44640
8550
92160
16650
77040
38520
21510
58590
14130
63990
11250
37350
22410
59310
22140
71910
22140
48600
44730
7740
30960
71100
81810
48060
58770
66600
87120
49500
73530
17100
70200
53010
85500
11430
13320
37170
12780
17640
45720
21240
28890
1800
67140
88470
23130
3870
20880
65430
61020
51570
61200
28440
99540
90000
99000
43020
72270
37350
82890
55440
36540
16110
14580
89460
78300
72990
64620
2250
99180
54990
77490
65700
97110
15390
14580
2790
71820
74430
28710
16650
60300
37080
46800
20610
56880
86670
91530
95310
41670
13680
8820
2970
76770
88740
37170
92520
48870
49230
29250
96660
61200
43560
84960
9090
63900
76140
49770
17370
92160
8730
34740
53820
2160
64530
4770
5580
79650
39420
97110
53370
74160
69120
27900
33660
71460
11880
9810
39060
91440
8730
78480
8910
15120
81180
42120
72360
95490
64260
18900
98100
27360
44820
5310
62460
14850
47250
8010
72360
71190
14130
6930
24570
52380
75150
77850
26910
7110
1440
66150
71460
43470
55080
39420
39510
60480
55530
99630
19260
12780
57960
19800
4590
88830
78930
5940
42840
8280
90810
58590
36900
3780
90000
10350
99360
39870
11430
53730
48780
21600
9270
38520
52290
91440
3960
36180
60750
54180
43110
18270
6660
34110
49320
85140
89550
96480
74790
53640
88830
88830
21420
74970
90180
13950
81360
450
88380
79110
75330
51390
53640
23040
93240
70380
58950
65070
88200
86850
91260
34740
8190
33030
5670
29340
94140
1260
92700
27990
54000
85770
52920
15120
50670
55260
81810
6030
58320
84600
77580
96300
41040
30060
80190
23310
72720
93510
25380
84240
51030
78030
55170
50760
61740
58230
68940
58680
93510
42030
93420
83340
96210
15480
39330
10890
17280
52290
6030
55260
10260
16380
54270
14940
65520
6030
12600
43200
94050
48960
27630
450
36990
26100
46800
34200
48060
1260
24570
70110
89370
84960
9000
42030
81630
81090
90720
99000
29610
43290
21600
96210
25470
43470
58590
20700
11970
20250
43560
75600
92250
94500
61020
86040
47250
40680
9000
95130
47610
46890
59760
70740
3240
49050
62010
36540
54900
61380
31770
65340
13140
21330
62910
55890
36180
95670
96030
88380
6480
97200
51030
63180
24660
40590
75690
44370
66060
630
44370
33480
86220
76950
50580
64620
71550
44820
58860
94050
98010
97920
66060
49230
62820
44190
30060
79740
26190
11970
7740
82800
56700
74610
2880
58680
95580
30240
97200
58500
15840
57510
81270
20610
85410
5670
39960
22950
76320
98910
9540
80640
28710
4230
71640
54270
44640
26460
99000
50940
28440
58230
88020
4500
80100
87570
62550
48420
78570
19350
72360
98190
90630
90270
86760
62820
47700
36900
9450
92880
28170
89910
25560
5130
93510
8730
25650
23850
94410
33390
51570
85410
51570
1440
50670
25830
16110
72180
48960
8820
99270
86220
75960
16650
97740
45180
30330
28350
3960
54810
44100
97200
8640
14850
81720
86850
57150
48870
48330
59130
18630
270
30420
48510
59490
73170
9630
53730
45270
98730
2970
50130
79380
4950
39780
10980
95760
47160
55800
16470
57420
45540
32940
61650
50580
11430
68220
8190
79650
1890
19890
8640
22680
41400
36810
44190
88830
85680
43380
24030
450
84330
23580
37440
23220
1890
39780
74610
44010
16380
24840
1980
56340
58500
94770
79920
19530
68130
33750
29790
67140
53550
360
17460
30960
53190
62190
21150
10980
68490
67230
38790
14760
22950
15120
57510
38340
13050
61650
28440
3060
7560
41220
38880
87750
87030
45630
61200
21780
36630
57510
64530
38880
61740
32220
33750
33570
16560
68490
94500
74340
51030
89910
95400
64980
46980
10800
93330
43470
79200
20700
49410
6480
1350
56070
24030
43020
43740
95040
88830
34200
91350
25290
62370
25470
46890
32400
82440
11160
36270
72720
66690
97650
34830
86760
12330
72090
46620
69480
3960
54900
54630
98550
96300
39240
18450
82170
4140
66420
44550
83160
39600
1890
97020
32580
66960
17280
72990
16650
10890
19800
49500
55440
92610
33120
67230
74790
42300
59130
31860
14490
99180
88650
75420
9540
32580
63630
37800
63090
56880
32220
73260
96300
40950
50130
61380
8370
97200
64170
85680
48690
38430
76050
27270
75600
83430
66870
49230
56250
47070
70200
14490
70830
9990
98820
30240
82530
98370
45720
7740
4950
26190
64350
36270
35190
64350
88380
9630
18180
2430
90180
31140
70470
95490
31770
90540
55890
72810
90270
65610
47970
61650
10440
21330
67230
70830
59490
18720
31950
89370
5130
5760
50580
32310
810
85410
63180
12150
1620
75060
11880
47250
32760
30240
23220
60210
33030
21240
14400
69570
45450
29610
60030
19170
36720
32310
31590
93330
26280
66780
45000
75150
65160
97290
84420
42750
89640
30240
41220
85500
30690
39690
14940
73440
33660
64080
91890
86580
26820
39060
4320
99360
72990
31500
1440
3960
55620
34560
75600
83070
30060
82170
80730
32760
21780
91710
76590
62910
4050
7110
5580
67860
95490
35910
32940
15300
61470
4950
98100
81450
28890
88740
7920
1170
20430
24930
87480
5310
89640
35190
95040
37350
84420
70020
84150
44100
39870
87930
94500
20340
26640
10530
42750
23490
3060
61020
12240
59580
13590
53460
86940
65250
42660
75870
25830
30600
13590
29430
92160
51840
90810
72000
91710
91170
92430
32400
1710
22500
89460
11610
78120
32400
74160
4050
42300
32940
19350
10800
61650
58500
89100
88650
78390
89910
48780
53550
77670
75510
9450
41670
41670
2340
28620
19980
77940
22590
32760
55800
74070
7650
76050
41940
88110
57780
32940
84150
5040
67410
62280
81090
98910
7560
7740
57150
99990
10530
75780
71550
80820
31770
42210
68850
75690
87660
99540
270
12690
42930
73080
33840
22320
78570
97560
77130
92520
65880
41130
39060
69930
23760
47880
12240
38700
20880
42660
62190
27360
59220
50670
96660
63540
51480
55710
94140
5310
23040
35190
55890
39960
8370
47520
82440
25650
17550
83790
56340
19170
81360
56250
94950
2250
64980
72990
19800
11340
8190
98370
36630
64800
98460
1800
27990
41760
22680
95310
13590
26190
90180
76140
43110
11160
56070
5040
1440
50580
47700
21870
83430
43020
5760
73800
32040
25200
38610
40590
72720
13140
96750
44370
97020
65340
62640
76410
85140
81270
28890
45180
37710
22050
23040
77490
98460
85050
720
69120
69390
30870
37890
52380
71370
22590
12690
78750
7740
78390
56790
82440
89550
89730
61110
81090
80640
21690
3330
10620
61830
42480
36090
82530
14040
17190
12780
31590
3600
1440
40140
20970
97380
15660
89010
95580
60030
40230
39690
10170
1800
46260
77220
46800
69480
48870
3960
17640
73440
65250
81180
79020
6480
4320
48690
13050
99360
48690
38970
30690
70200
42300
21420
8100
49950
68130
5490
84060
3510
26010
48960
86040
29430
63900
6480
80640
70020
48870
31500
36270
78300
37620
18000
49950
2430
86040
77670
94140
41310
86040
48060
53370
24660
37800
37260
43920
84060
74520
88110
44190
24210
41130
69660
30600
26820
13050
44100
85770
9630
5310
29880
35190
96390
68310
41670
17640
92250
15840
62640
11700
70290
52200
55440
16830
38160
57330
45360
26100
90720
91620
67860
2610
11700
13140
36990
30060
84780
90810
27450
92790
43740
32040
31770
79830
12510
79560
63990
85950
69570
53550
93060
14580
77940
46980
31950
39330
60660
54450
14040
74610
540
81180
42030
24210
89460
68940
15570
78300
31050
33930
96120
63360
96840
83970
85500
79920
89190
13680
33840
38160
87480
11880
26910
35730
79020
70110
55890
60570
6210
22950
60930
3420
75870
60210
95760
61020
6930
56340
21690
37530
74790
7020
67140
86310
56700
75690
14760
3510
97020
99990
99270
27990
30330
30240
5310
71550
96120
67770
42840
25110
21510
80280
31140
23130
93510
32580
97290
16830
8910
86670
96570
14130
61290
69300
80190
61740
93870
70110
7740
95850
95040
44010
24210
41580
21690
37890
10890
26460
53910
94680
25290
8370
83610
4140
9810
18450
79380
95580
56160
41760
0
70020
53280
20520
21150
71730
58680
30780
46170
49590
68850
95580
24480
38250
93780
22950
68760
38250
93060
76860
41760
1620
81450
80640
44010
63630
76230
59580
810
900
99540
78210
7470
45810
16920
7830
51390
45900
77940
24210
35820
96480
29340
25380
15210
58950
90540
98820
27270
58050
34200
6300
4950
70740
20430
65610
52380
18810
23670
52470
59220
61380
81360
61290
38610
63360
78300
74970
71550
93150
99990
62730
1980
82620
65880
69930
53280
7830
95760
80550
69570
66330
46710
33030
29610
22410
42030
40320
39600
31320
10350
19800
47790
9000
77670
24210
47250
68940
31860
95400
38700
93600
70650
31680
89730
17820
75510
47160
13500
25380
11700
6210
9540
50670
27180
13500
4950
28080
16470
61470
96930
10620
17730
97470
46080
98910
72360
42660
49140
3060
56160
65250
75600
6660
96840
98460
39060
95310
65160
71550
5130
36540
89370
34380
88830
17370
99270
20520
38340
60390
34290
39600
70830
79020
61470
81450
85050
82170
94320
17370
98460
93870
90270
66510
3060
44010
8640
64800
36000
59670
10890
56250
39960
42030
73800
87930
87390
56160
32580
68850
90450
56520
64800
73440
41760
12600
82980
32310
99000
42480
37890
36270
48510
12060
61650
9540
40770
73170
62460
70650
60660
85500
80550
77310
59130
2880
27270
58050
46440
29160
43200
9720
35910
51840
91170
97830
34650
27720
53820
11070
20520
25560
49770
74070
16290
4230
52200
57780
71460
5400
29700
8910
59220
51660
84420
99990
90180
47970
78030
42300
21870
56790
63360
91080
71280
92790
270
83970
60390
36090
94230
96840
8640
29070
22500
73530
92160
53280
20070
91170
30330
29070
67950
19980
21510
5220
45810
32490
51660
95940
42660
99000
49050
14580
18720
63090
10440
91980
94140
32130
12870
92520
33390
53370
80550
92970
14040
97830
54450
52740
86940
38700
94230
74970
45810
16290
26280
3240
18360
98190
69750
7110
12330
22950
15120
24750
70200
11610
40140
11700
24930
31320
29430
96750
53280
50490
16290
36180
1890
11970
90
26730
50040
45630
91800
2520
94590
44460
34290
28890
54270
68850
34920
53010
50310
71550
8910
30960
27720
74610
37800
53820
78480
89010
14580
24390
39240
81090
92880
55980
24840
75600
73170
34380
30690
78840
47250
24750
65880
7650
68400
62730
43740
44730
2340
8010
41040
32040
84060
60570
91620
84420
57960
75330
84150
55620
35640
96120
85140
1530
89100
45990
62820
900
39870
69390
25110
88740
99630
62100
63720
10260
75420
49950
88020
81630
46350
82170
27450
64980
47430
45990
2970
63000
22860
63720
54000
69570
39960
15120
75600
98820
83250
28260
55980
41490
56610
98730
59850
54270
56610
72720
47790
12510
34020
94950
81180
33120
79830
1710
28170
91440
21150
33390
25020
4680
21330
53370
55350
72180
52560
60660
30420
92970
83430
94320
7920
86940
40050
86220
90000
22140
87480
82440
22500
69930
23400
27360
93330
76590
65070
28440
27990
80460
11700
270
70830
43650
57600
67770
12690
78750
16470
85950
72180
37350
2700
71460
26550
11880
96210
36180
2430
18360
79560
99990
78480
75420
9720
74250
71460
84420
4590
55080
6210
35820
78930
98820
77580
66060
98730
77130
94590
42570
73260
4950
95850
58140
12960
84690
66870
49680
37980
65070
53910
10080
93780
34740
89460
75150
22410
15210
8730
27630
21510
1440
68130
74610
43290
23850
48510
97920
72090
57330
31680
67860
83700
38340
81990
23490
30330
5490
81450
95400
2610
70920
83790
80460
48960
37800
10260
53370
57870
70830
15120
58770
91980
95670
72720
40680
14580
93240
20790
35190
49230
3870
29160
26460
66240
52020
10170
88380
77040
69030
29430
99720
16110
54990
25650
50850
97110
93420
20340
9270
90540
56970
16110
47250
47160
63090
93780
64260
13500
8910
78570
40770
66420
89820
73170
23850
17550
47610
36810
32130
70830
44730
41310
80010
24570
11430
88290
90720
69480
66960
68040
17640
3060
19800
64710
67770
5580
69120
73800
0
98460
95040
70290
69210
74520
37620
57960
31140
94950
61200
9450
18900
91530
81180
48960
33930
33300
49770
85860
84240
2610
72720
21420
75240
48510
84240
89910
56430
72360
31140
87030
5850
40680
85140
9450
99990
2880
59940
51390
92520
50040
30780
78750
72810
81630
12870
73080
62820
77130
9450
33210
22860
58770
92520
80550
21690
16200
5130
59580
47970
94770
19530
43560
86850
26100
60480
93420
83790
17820
32760
99270
97020
72180
28710
52920
87120
27990
67050
12510
12420
13230
29610
74700
7470
34110
19170
37080
51750
40950
12150
83430
25650
61920
99720
17100
28440
9000
69570
24480
84960
8910
31590
17640
22770
18270
74430
29610
53460
62820
15930
76410
29070
51300
72540
68490
57600
30780
84510
29160
45630
38340
55800
30690
77670
41220
75510
45090
54270
23130
78480
91890
81000
82080
77040
95220
48690
82980
40140
23580
49320
60300
73170
54090
45450
77940
15210
87750
79200
36720
82350
81720
58950
71010
38700
69660
35550
23670
540
13500
63720
29520
22050
12600
30690
38520
51480
96480
70110
22590
95400
28260
54900
72540
77760
14490
61560
84600
60030
76500
35010
81090
58500
90000
75870
88650
28710
1530
70560
55620
7920
77850
49050
7920
99090
24210
40140
45540
48150
46530
11520
88920
54720
26910
18630
12420
5130
23580
9180
25650
4680
7920
83340
67050
86760
52470
540
68400
8820
49140
52830
28260
46170
52380
88740
92520
84600
75330
13770
49680
89820
89280
68310
91710
16470
45540
91350
32580
49950
33660
74250
25650
27450
23490
98730
36000
48240
28350
80100
98640
99810
49230
76320
69120
45450
15390
82080
44280
71730
16020
21780
40140
10440
59670
47880
84510
66600
90900
63360
14400
22590
56070
26460
38790
89370
30240
76590
74970
91350
97560
44820
35640
3960
50580
10350
79560
180
68760
31860
26190
49680
62640
71460
28620
85590
13050
85050
75960
78120
64080
49590
51570
53550
69750
84330
44280
26910
17550
56610
95400
42210
2070
84510
57240
14310
99540
84690
16740
76860
50490
5490
40950
99090
93870
69750
49140
99000
70290
27360
36360
41040
34920
8910
93690
85590
72450
70560
82890
92340
48870
78660
56790
8820
72900
73440
66690
49950
24930
44370
29970
82710
47970
77130
95760
1530
64620
21240
68040
17280
94230
75870
99810
56520
41760
27090
76590
86400
44730
10080
67410
87750
9450
84150
68580
39420
28440
87840
23400
87660
25920
29160
96930
70020
78570
94230
70650
22230
98280
76680
69120
60210
20430
24840
51390
86310
47160
31680
46890
59400
94860
46530
59310
20610
16020
89550
96660
75690
60480
93960
77490
94950
58410
88380
69390
5670
82890
92790
21870
95580
25020
45360
59400
91800
16830
88560
66240
27360
73170
32760
14130
630
42030
76950
21330
63270
28170
30870
68580
47250
76320
8730
35460
99540
59760
78210
17190
7650
24840
90270
5220
45360
16650
47340
79470
13860
6210
59490
9360
33930
43380
25110
1170
86670
17190
23580
98190
77400
54360
79380
91530
6120
97380
47610
12240
99720
540
28080
1350
77940
97380
61920
36000
94680
44460
3060
43110
64620
20520
20160
47070
33840
69120
87030
44640
71010
41760
26730
23040
90720
86040
34650
94050
97200
31590
69390
97110
6480
88830
95130
82260
82260
64440
58590
83520
84780
4680
77310
59130
2520
99270
61830
25650
66870
10620
48780
24300
59580
32310
90090
55800
80820
29610
26550
70920
10170
43560
99270
84600
15120
24840
20880
82170
4230
82620
9360
25470
93870
73350
55530
66420
15210
78570
76590
75420
77220
99810
67500
77040
24840
88110
51660
35010
72900
81000
78390
97020
61290
23670
28440
42300
76950
99720
68490
61200
35280
1800
88110
95850
92340
5400
7920
96930
73440
41580
67860
85140
11700
88740
84600
48150
45630
9000
95670
49140
77400
62730
3060
60480
26910
57960
50310
67230
9180
39060
8190
3960
8820
8820
67410
99180
44100
26280
61110
4320
44370
73800
62190
35370
54090
76320
79920
78390
86850
2790
79920
80370
38070
91350
66960
95580
19440
93690
18270
88650
10980
83610
8640
91080
53010
56790
51120
88110
67320
21060
57240
78570
84690
41940
270
63090
5400
99540
55350
14220
59130
36900
54000
1620
21510
51570
70290
61740
89550
14670
83160
10710
55350
95760
81810
90090
14490
80190
6570
8820
77760
2430
29970
83520
14670
14670
1800
92610
36270
93420
77400
10710
98460
87750
43380
40590
58680
13860
23940
79650
66960
13230
58320
48780
56160
75870
45990
95670
62010
94230
12600
32220
80730
92430
81630
62640
55260
64440
35100
61110
83700
4770
46890
67680
40050
96660
76410
92430
37620
41580
73170
32220
55800
12420
92790
74880
58230
31770
56790
2880
18180
72990
49860
68310
20070
51480
20250
80820
37530
89550
14580
99270
1800
40410
14490
23760
65070
13680
63810
43290
41400
84060
75330
68400
19530
30330
87930
37170
29070
17730
99270
35820
53820
25560
97380
38430
42660
19620
52650
44730
82440
8190
61200
26100
2880
47250
53550
43290
34830
1980
21690
15840
18900
66150
89730
58500
54180
18090
74070
34920
55080
62730
39150
51210
99900
84150
98910
10170
54000
96210
31500
15390
25650
73530
90810
99270
44370
46980
8100
46440
80010
61020
35910
96030
73260
28170
88830
93330
15210
25470
38880
78210
2700
30780
42930
27090
52830
14670
91980
98370
47430
6210
35010
74700
62100
30330
25920
68670
42300
64440
51210
11790
53910
43560
24930
27990
92880
12960
19530
54450
73620
33120
76230
6390
31050
8730
86580
40950
61920
73170
97560
84510
71190
40770
31140
69840
27000
43200
53010
21690
28710
71910
5670
41040
47070
91800
12600
64530
96210
38340
27450
35550
82530
16740
62730
57690
95310
69120
12420
60750
83880
94680
65610
75780
67860
20790
19440
61290
86670
70470
50760
85410
28080
49140
4590
86220
30960
68310
2520
12150
5580
93870
33300
630
32850
16200
70920
63180
48600
20610
2340
68130
10890
54990
26910
78300
99000
27090
97830
24930
88290
93600
78840
14940
10530
22320
16560
56970
9720
66870
55170
28530
60930
52470
41850
22050
96030
56520
85050
36450
74340
49050
5580
43920
31140
93420
19080
94500
63000
84870
73620
10080
12510
82530
41310
28710
34560
52740
51570
10260
78930
45180
89010
30150
30240
61650
62730
35820
31590
61110
78660
85320
48510
85410
38430
54630
79650
63900
64260
31590
79740
7740
16470
1170
50940
63720
35370
48150
10350
4590
2970
55080
6300
34290
86040
1980
45900
64440
92250
54990
85860
41490
61200
80460
27810
15840
96390
75240
6750
48690
3060
42030
22680
68130
49590
99450
6660
98370
92610
99810
59670
52020
89100
66510
82350
81090
69930
22680
87390
67140
27000
51840
68490
24120
900
43830
87300
62280
76590
66330
76140
65340
56880
91980
10800
60750
31680
5670
2340
41490
74070
47250
21330
28260
86670
27090
4410
58320
48330
53550
49230
35910
29160
54810
7560
9090
5760
28620
27990
49140
95490
55980
26820
42120
61830
51120
900
39600
34650
14850
70560
88470
89460
35460
30870
58230
89280
58860
60030
63000
80190
60480
20970
70830
24840
72180
14040
41220
9000
18540
84420
2340
25380
40590
35190
86580
79830
87480
25920
80640
9270
54630
31140
68940
39600
67950
5040
81270
24300
13050
94500
16920
15120
70200
20970
35100
43110
63000
22320
82980
70830
25740
58500
86670
59130
95130
5940
45540
93420
32580
5130
15750
97740
81000
35820
80640
87570
68760
82710
22320
74250
33300
47160
4950
24120
16560
83160
39240
97920
89370
43110
66330
5130
32940
32220
82440
61470
24210
36270
90720
27900
29160
64260
62280
16650
80730
31320
3150
9720
87930
46260
98910
34830
64980
81990
37890
74610
73170
5940
92070
57960
49500
63270
18090
83430
47340
63000
7110
26730
91620
14760
51210
52470
25470
97740
40410
26550
95940
45810
65700
88290
76950
21240
11430
76590
26370
36180
81180
59400
75870
20250
42300
12510
68940
51210
68760
22770
18270
57690
1170
1980
2790
32490
10080
93420
84330
84690
10350
52830
32040
68940
72990
20160
36540
96750
51030
90540
25830
49230
57690
14670
46710
19710
73080
92430
10440
25920
98010
31590
41490
28170
79470
75060
43110
79380
81090
93330
48420
66510
53910
55080
1080
47700
60570
8820
22950
57780
69030
63990
51660
77940
19620
14310
83880
85590
9720
1080
27090
59850
44550
27180
57420
43380
10710
17910
10980
40410
1530
45720
42570
11250
30060
78930
27180
9270
65610
16290
76590
73440
91080
45720
47880
48240
87390
13500
8280
81000
67410
41850
73980
4050
38520
50670
65880
90360
1890
19260
59850
91530
33390
29520
11340
86580
66780
78750
54270
23220
17730
71370
39600
18900
49230
11610
43740
29520
63540
97650
15210
9270
92970
38700
87030
33570
26550
67500
50940
82350
49050
52650
4140
14310
40410
3420
37800
13320
16650
76410
84960
98550
65250
29880
51840
45810
72090
83970
8100
84690
92790
80730
3330
98460
22590
47970
49950
64440
14220
92070
25200
47790
90810
57420
53730
36900
85860
6120
52290
83520
84960
22770
23850
1890
11520
65790
64710
90810
10710
19440
28530
73530
9810
73260
28620
4500
91260
87300
51390
97290
26460
89010
34200
44730
49140
37710
79200
20430
25650
91800
61830
14400
99630
96750
1350
81360
45900
92790
52110
0
87750
4050
15120
4140
18450
53730
92970
7560
78390
12960
15930
990
93690
2070
6480
4500
38070
82440
69210
5760
2700
71550
88740
71010
91710
12780
43830
93510
22770
46350
60930
47340
92520
91440
63540
31950
5400
38880
99270
60030
29520
67770
23940
58590
38610
26730
26100
9270
22410
4950
36810
91350
17370
76950
76860
14220
58410
67950
31500
34830
90450
24840
89820
98280
43470
16380
7020
42390
64530
20160
83880
82170
90360
72630
62010
52920
42480
28890
540
75960
97020
79110
53100
64350
34020
35550
59220
20610
89190
52110
45360
9630
69390
16290
91530
46980
11070
39060
22320
18810
48780
59310
79830
34470
44100
89010
16920
70650
88380
53370
2790
10080
35820
59130
86490
56340
73530
76410
65610
9630
49590
63900
9810
79380
26280
56160
46440
67410
51210
22860
59670
41400
47070
17100
41400
24480
51300
5850
15660
41400
24210
540
19530
53640
70020
24660
54720
65520
10080
55980
34740
64620
88380
42930
11520
34200
87030
86580
71550
47070
16740
72810
88290
78300
7650
85950
70290
82440
66960
43110
68850
30780
98910
72810
6030
16830
62190
53010
48690
64350
30420
50850
14580
88020
95580
33120
96120
3240
87390
8190
75060
80010
37980
21690
61830
48510
71010
63180
5760
630
56520
66150
54540
90990
97470
47790
11790
57780
63450
37080
14670
44820
21420
80640
3420
15930
77400
35280
25740
90270
78570
73170
60930
25380
2880
14490
90990
38880
37350
83970
41400
81990
92520
1530
45630
18450
96840
63720
19710
15390
78570
90360
83880
6840
77220
19440
38610
49860
94860
37170
54000
90990
54720
42300
29700
35370
74970
68580
11790
63540
16470
29340
99180
7110
6660
41850
75870
26640
43290
54180
14130
18450
4950
59850
96660
99810
22770
42570
38700
16830
14760
23220
58140
31500
43290
23850
10260
81450
450
52290
39420
94410
88110
73890
29250
24930
68760
49050
73800
43560
90360
46980
72090
67770
64350
79740
67770
53460
73170
2700
89910
96480
93420
7020
44100
78300
35100
30870
93150
51300
95400
14670
6840
5850
34200
5940
1350
17370
39600
73350
60480
10800
14580
15300
40590
97650
7470
33030
61560
54090
33210
5220
8460
61920
75150
16920
74700
60930
23130
90720
31410
92520
16110
22770
4230
98460
55350
49230
67140
74610
98820
36000
89910
83520
14850
27720
8820
57600
35280
84690
85050
66420
70380
21780
16290
19080
19800
91620
93780
18540
26190
3960
4050
31950
64890
34470
38700
70560
70470
25830
6840
19350
93150
35820
25470
57330
67230
1080
25200
27180
94500
17550
32580
33660
93690
49320
26100
81540
84240
72720
65070
14670
63450
40050
29790
91890
65340
21330
97920
67230
70110
85680
35370
39060
74070
47520
29520
52380
46980
96930
75870
79110
54090
4140
80820
42480
15030
4500
20070
15390
76410
89460
29700
35100
49770
39330
63000
65700
42390
76680
19350
47700
6750
22410
10800
71640
43830
46890
38880
78570
25200
14850
64170
2520
64710
7110
62190
57870
2970
91170
24840
63630
71280
3870
73350
99180
88830
39510
53910
25020
19170
41760
77310
66870
61830
23580
93870
33120
49140
59220
35370
40410
81450
1980
32130
11430
97650
83250
37800
12600
9270
5670
2070
33390
52920
45810
9630
79470
91530
63810
72360
89640
45810
41940
27090
80460
83160
70740
5670
16740
55530
20070
59490
23670
30690
50940
36540
60300
99450
13050
61740
19350
81720
68220
60120
50400
5400
76230
5940
44640
43380
4590
68760
98100
67320
79200
35910
99090
49140
54630
17280
56610
11160
32220
57420
92430
37170
61740
35730
94050
9540
55800
98550
88920
42300
86040
76590
42660
74520
13500
86670
79020
81000
51300
52200
82620
25560
72270
88290
70110
84780
27900
2070
53640
5940
44730
68940
53190
26010
3600
2070
50310
59220
87390
3960
15030
10260
18540
36090
52290
720
71190
46440
49680
11610
42570
71910
27180
66780
9090
55890
30960
56700
32400
46620
59670
37080
8730
3420
8010
86490
84240
96120
41940
90990
57150
75510
13500
28530
83970
32940
55530
47070
55350
56880
30240
60300
58410
23760
49500
57600
74880
36810
87300
27180
4230
98550
24750
64800
53010
39060
28440
11520
88560
30780
29880
4140
9180
37980
68490
72360
25200
77670
49230
9990
95850
91980
76590
68760
70380
11430
80460
75870
16740
74700
74790
81810
62640
60030
16560
56790
49140
82530
36990
96570
98640
4770
900
16110
9900
83070
14670
990
82530
65790
96120
85320
7110
36900
17280
72180
86130
38700
6570
93150
90360
47160
21240
52470
23400
3510
46890
22140
15480
80820
19800
11070
63090
44100
94410
67680
76500
45990
7650
1980
54090
69030
20430
22680
65700
21780
37080
8010
22140
54090
42660
59400
52200
7380
74700
18180
82530
41220
70380
16740
78750
88290
89640
91080
29610
43020
30780
13050
35010
50670
41040
79560
65430
59940
33750
68040
54900
46710
23850
71190
26010
28890
31680
2790
94500
49860
93510
19530
94140
96390
98010
76320
52380
61290
56520
38610
60660
91170
55620
53550
43740
74970
98010
40770
35370
34110
26910
74700
37710
80550
51930
39420
51390
77490
78480
50760
53190
39420
25290
38250
65340
88380
27000
73080
90000
76680
75330
48870
65430
40770
40140
87480
45900
24750
9180
1620
9270
9720
32220
80820
72000
98190
34110
49500
22050
42930
76950
69660
49500
21780
22950
7560
2160
46080
56880
38430
71370
24030
39780
76050
91800
96570
58320
9450
92970
78030
8460
18810
4320
900
58950
41040
32670
14130
44550
53280
15210
55800
43470
69390
34740
87660
89820
1890
34020
68670
11070
98640
83340
98640
71460
45630
85950
34740
96030
98370
59040
48600
61920
31500
8370
38160
21870
1800
8730
50400
53820
12690
54540
30510
94860
25560
44280
180
23490
77310
16560
66150
87300
39780
77220
50130
78840
61290
90540
13230
73440
28350
17550
83790
12330
86580
14940
5400
30510
49320
49500
83070
6660
91890
76770
80100
18360
97920
9360
57150
45090
6300
96930
8640
16110
97740
90900
44820
44910
89460
73710
91170
82800
96210
9360
77850
47970
94860
91980
67950
42930
71460
33120
13770
3780
8280
3330
11160
26640
36900
23400
96570
65160
36180
87390
93060
51300
9540
22230
12150
22950
48870
61830
92250
57150
13410
52470
14400
99090
33300
44010
45450
77580
810
37170
40860
94590
18090
26010
87390
22680
54900
90540
86130
52020
5310
19170
51120
81720
14580
69660
43830
87750
45540
19440
31770
52380
92610
16380
72180
63720
63630
45000
94590
14490
73080
20430
52200
76320
64710
79650
73620
3690
87120
60570
86760
49050
22860
24030
30060
71640
40950
40410
19170
9540
19440
69120
14940
47070
85500
94140
93060
50580
77940
17190
15840
50130
72900
6840
19350
53370
45810
15120
85590
63720
13140
39060
61380
65520
63810
83700
75240
2520
25650
84420
54900
92160
93870
270
95040
62910
60570
95400
81090
35280
31500
75330
27180
38250
42840
91260
74700
95760
46530
98640
98370
76230
84870
38790
32130
44280
17820
15120
85590
18000
86040
78660
10440
69570
76050
55800
13860
62190
60750
1080
79290
37260
21150
48510
3150
89460
80370
41310
3870
81720
74070
56070
33930
80100
41580
16200
19350
41130
94770
30150
13500
74250
46890
44910
85140
99630
24660
17370
43110
96390
99450
51660
92790
71910
4230
38520
54810
18090
90
3780
72450
11700
61920
83070
37260
45270
29430
40140
5490
65160
70110
14130
89280
44190
72630
12060
58590
71640
95220
83340
36090
71370
9090
38250
48690
17640
16560
79470
25740
22860
90
12330
76320
94770
76410
97020
1530
10530
12330
96660
8010
39060
7740
57780
59130
50580
49590
78660
49320
23220
64800
79020
84060
79110
1710
14130
84420
48870
77220
19350
28890
43560
70110
62190
91350
69390
94500
76950
26730
80820
15390
73890
37080
70560
22230
26550
2610
10800
18090
38070
24390
22950
99720
74700
65520
33930
11790
35730
82530
57150
73170
58950
71460
37890
55710
13680
38070
67590
34740
55530
8460
26010
21150
40320
8820
93150
75960
33480
6930
14580
58590
16740
28260
53190
52200
74790
97470
10710
68400
15570
40140
16920
10440
85320
41490
11880
54810
83250
23130
47160
540
34740
54090
38430
88020
89820
37800
79380
82710
98550
15210
90
60030
77580
83880
5580
32220
6570
40590
43380
41400
77400
57780
6210
12870
66960
10350
23670
14310
64260
44010
26010
47160
36000
68670
28080
35910
19530
30960
15750
4050
78390
94770
48510
7380
87660
95040
87750
23220
32400
8550
40410
72900
32130
75420
91800
89550
32490
60300
83340
48150
36900
32040
77760
46350
33210
45720
1800
58950
1080
73440
65610
99990
36090
82800
40680
27900
39240
83160
56880
52830
92790
720
40590
75690
32400
85050
38700
22500
91350
45000
58410
88740
26190
9180
14760
49590
84240
22860
29250
11070
48780
45000
40680
3150
65070
23310
10890
49140
33570
34380
2430
59040
67050
23220
44730
89010
59850
56790
52110
83070
88200
16740
98190
31410
90900
57690
42750
12150
44820
66870
90090
18000
99720
17730
36450
81000
62010
5670
36900
58320
78300
70470
90270
90450
73800
28890
13680
86040
98010
40950
92700
99810
7740
61650
31500
96030
61650
3870
68310
18000
68580
11070
73440
18630
99270
87750
8190
61560
68490
75780
4680
54450
88290
19620
98190
76050
84870
17190
39960
86220
4320
83160
12240
74880
1620
72090
55980
52290
93870
91260
4860
28080
66060
11070
51390
35460
52740
11790
35100
60570
76590
36000
31320
57510
38970
61920
66690
72090
38160
55710
20790
44910
59940
34560
59490
5940
67680
44370
5580
22050
14220
72450
16650
74340
34560
26100
24570
360
27090
78570
12060
98730
3330
60840
81900
35910
12330
96480
46350
87390
33480
43470
11700
15300
88380
65160
11880
16020
19890
31950
30960
14850
11700
16110
38880
25200
92520
48240
11970
42840
55350
89550
70470
28710
44550
29970
71460
56520
43020
76770
53370
90630
53280
36630
69840
30600
11790
60390
45540
48960
24930
24390
25740
87300
14850
53100
72000
73170
61380
40500
24840
72180
58590
70380
62550
29700
5490
8010
51570
61920
68130
46800
25740
95310
36720
33480
10080
69390
19890
46440
14490
25290
28980
47700
3780
61200
76050
44910
92250
8550
6030
97290
7470
19800
47880
8910
57870
54270
35370
16200
60300
450
50220
54630
26550
63090
78660
39330
94410
56790
98100
8280
54990
50130
22230
8550
41940
25200
69390
17280
42210
3240
88830
87660
18000
5760
72630
46710
2520
60750
48690
35730
98190
44640
990
79650
99540
81360
54450
30240
24930
24660
43740
38880
33930
16380
43740
75150
20700
6030
1710
9090
96930
94050
50760
58410
25650
85860
30240
37980
25020
36000
68400
29160
41580
8550
95850
64530
70290
93330
94320
54450
23490
67050
58500
92520
41130
57510
75780
91350
35730
92790
52920
28710
92520
94140
6390
81450
65250
52560
24660
81990
3420
69660
82620
87480
49500
56790
14400
67860
54720
2880
61830
75960
27990
17550
87660
55980
89820
53190
9090
30420
45990
70020
13230
95220
20430
54450
84060
25920
33390
2070
31950
75780
9540
720
32220
26550
70470
54990
1080
13860
92160
44640
43020
14130
92430
87570
86670
54990
54450
58500
41760
53100
36090
85950
70920
50670
97020
73620
90090
85770
29070
11430
92970
43290
23220
28440
47430
86850
84420
6660
47520
61110
78210
34380
44010
26910
74520
56970
34830
13140
71100
13500
21510
93510
66690
33570
50670
19710
9540
7110
6390
91170
54540
95760
83340
35910
99990
9540
7110
89370
96390
38340
44370
15750
92700
64170
34110
3780
19080
6660
88200
53910
57690
91890
5940
16650
50130
12420
85590
1350
79830
76320
89910
72270
43290
85500
40500
24930
79020
61470
98370
4860
35550
11250
38880
34830
21780
47160
48960
7920
33840
68220
32310
52560
7380
51570
37080
94050
73440
13140
74790
65070
84420
84780
0
34560
96660
6750
13410
1080
17280
630
66600
29250
94770
21780
99540
30150
9720
59580
46530
56340
86670
21780
32040
39060
17010
33750
28440
74610
70920
36900
10620
42300
30960
57150
65520
58770
73440
2790
99360
9090
82890
50130
28710
91890
27000
24750
42750
65340
10890
6480
59400
1620
85410
52020
89640
65250
92520
39420
98280
38070
14760
36990
62280
75330
7560
61200
47520
23850
71640
92520
98460
38160
10800
37350
73170
32940
94320
90450
18810
46620
24030
50850
69660
79470
95580
13500
2520
20430
54180
18990
17370
180
85500
85770
53100
990
35640
810
61380
84060
29520
77040
85770
85770
2880
93330
79560
1440
54990
18990
80280
69390
85050
97740
75060
57510
18720
56250
40050
94230
36990
68670
35280
33120
36630
34020
71100
93510
2880
30690
39060
3870
49860
56790
36180
65070
57240
73890
31860
95670
43740
30600
8280
75960
22230
28080
86400
90180
98640
67050
42750
29160
28080
32310
49590
71730
52830
18360
44370
44010
40680
36450
85680
21330
0
53370
82260
83250
39690
47250
86670
63270
49140
19710
73260
99810
36090
180
99810
61560
41670
82440
69480
41400
86400
89640
31770
51210
53100
96210
40050
60750
81270
66600
72180
92160
58950
44820
57780
63360
58770
21150
23850
56070
48060
10350
99720
29250
83520
54360
56790
18090
71460
27540
31680
23220
73980
54900
97110
55710
41490
62100
35370
0
12510
18720
18810
47610
62010
1800
22320
47520
63540
7650
73890
25020
40590
58140
86220
15030
83970
41040
14220
89370
87570
85500
53640
54270
22230
46080
89370
14940
48060
48870
83880
56880
19980
34110
27450
41760
52200
17640
24930
83520
15210
67590
96120
18540
96930
61110
31230
70560
51390
2790
45810
52110
3690
25920
21960
50850
66060
97380
51930
81810
51390
85860
96660
89730
31050
29970
2520
88020
93690
25470
20700
19170
18090
18630
31230
86130
93960
44460
10530
38610
68310
83250
73890
20610
90270
89820
11160
45900
13680
16290
23580
26820
68670
52110
66510
77220
66330
38700
58140
4410
19080
98730
26010
52290
76320
84420
81900
89190
7380
68580
26730
51750
25020
44190
73800
37980
3870
3150
64440
21600
12690
8460
93780
79740
14850
40140
73440
4950
99090
31590
77670
87120
69030
93150
88470
42570
36990
86670
35460
48060
31410
90900
39420
25020
32490
52650
49590
24480
12060
83880
27720
52560
81900
34920
51390
25650
72540
16830
92970
59940
990
81090
62730
84870
98190
84510
9180
23490
47970
50850
47250
66960
50310
9000
36360
54270
62190
29790
42930
38160
49050
53370
32130
42660
53190
23220
48960
2790
33030
2520
6660
27450
72810
69480
55440
32940
28710
75060
42120
79560
27720
5310
1260
900
77310
72810
61470
66420
5490
58500
26460
91890
87930
16740
72180
97200
61830
21960
66060
3780
42930
22860
78570
70830
56790
35280
96750
70920
63540
58860
5040
10800
21150
64710
90090
73080
80100
86400
68670
2250
68940
15120
26550
52560
67770
22590
82350
84150
66420
43020
5310
29880
31770
57690
8820
34470
78120
85680
19350
28620
53910
44100
90630
76680
22230
38250
87210
23850
65340
39420
59940
19530
11970
44100
82350
61830
20790
23130
41940
87210
19260
73170
48690
31950
21690
81180
3690
45900
79110
67590
48960
28800
13410
73080
12600
73440
2970
70830
29790
20880
29880
17100
83250
53370
87210
70920
4770
90
57330
19080
7380
73620
56250
99630
27900
19710
14130
23220
63810
33480
59670
13860
37530
33660
51210
56610
51030
46080
16110
89190
53190
11700
16380
10620
55440
39150
32400
69660
94140
88920
47250
4590
47880
29160
84060
95400
34740
76140
62550
5580
64350
2790
69840
92700
24210
37080
49860
1530
45360
50400
28440
94950
27090
93240
55710
5310
87390
91440
57420
50400
85500
19080
41490
61920
30780
87570
5580
41940
91800
93060
24030
53010
22680
84420
51660
76050
77040
64890
1710
92970
73890
69840
27000
22770
29700
70380
21510
23760
15570
54000
50400
37710
39060
63270
5670
98820
43470
77670
91710
71730
80190
84240
2430
26190
65340
46080
57330
36270
11790
61740
51120
30960
4860
63270
21690
77940
78120
88830
83700
67860
47520
21420
70290
19620
64530
41040
34560
76680
24480
78660
15930
59940
68670
15930
59760
18720
70650
85950
56700
51570
3960
46890
52020
450
37890
75780
38700
51390
34020
44190
44730
97470
40860
35010
69300
19710
71460
47880
36270
88920
99900
55980
11160
24930
61020
26460
50130
56340
78030
79290
42750
2070
34110
73710
32400
40140
61110
71010
66690
64080
12150
64800
19170
95940
53100
51570
66240
1260
50220
82890
92790
62640
44190
60840
75240
70650
43560
53460
23220
6030
71100
55530
79650
6660
22050
75240
82170
3510
18360
95850
49950
37350
21150
99720
16560
75870
67410
8280
79920
51300
13230
86760
70380
65970
68130
6840
18810
92520
7380
3870
96030
99090
89190
69930
92250
86220
96840
16830
81540
69030
40410
84870
36090
22950
50490
12420
8190
5040
85500
63990
93600
7740
58050
77130
90900
55710
88650
9360
31770
72900
39060
42030
4140
67050
30600
80730
50130
89010
34290
66870
38160
82890
810
96840
48510
74970
99720
58140
98280
95310
90630
21420
79470
20610
86130
98550
51300
51660
43650
23760
82080
38610
9090
21240
6390
29790
13320
68850
25920
62280
5490
10350
34380
28620
55350
60120
95670
86850
92340
81630
60210
37440
87930
48330
1530
77760
13770
21870
72270
15480
810
24660
13050
97740
1260
54090
72540
66510
23670
67320
16650
61380
98190
6660
8010
46080
67320
35100
61020
60570
64800
61200
63090
30420
11700
83970
98280
17280
88380
540
49860
21690
93960
53460
55080
34200
81810
16560
62370
61200
36720
28440
82440
30240
74790
50040
38070
52830
80370
1350
9000
11790
65790
13860
67950
76230
91530
20700
29880
50310
78930
23310
45630
66240
88470
64170
6750
84960
63450
87390
45630
94680
27990
80910
38160
7650
64080
29970
22140
10530
5760
70290
83970
45270
55530
34920
94230
80550
34110
5670
26910
18810
5220
27900
95850
75330
47520
40680
67050
31860
61470
43830
91890
35010
66510
46080
52380
41220
13410
94770
79020
94860
42660
46080
42390
36990
450
33660
28440
48870
4320
85140
55890
6750
16290
52650
62280
32850
24030
34200
50580
73080
85950
83340
57240
70830
60120
15750
17280
97740
16110
55980
8370
47250
24390
39510
68760
8370
56790
27630
27900
36720
70110
79740
91170
1170
93960
22950
87570
68760
62640
3600
77850
78660
96930
66150
2070
75510
68040
51750
16830
99090
72450
17730
6660
43650
79200
63090
21600
67410
88740
91800
55170
90810
37080
6300
26010
63720
74610
48060
28710
28710
2160
72180
80820
50490
50760
67770
35370
80280
43830
68310
20520
11520
66510
95760
15390
33570
52020
31770
7200
66870
54450
14670
50040
27810
79740
65970
39330
54180
97560
28350
88200
97650
29250
57420
82800
72720
69300
87930
1800
66240
41760
52200
50490
25470
58500
67410
86040
85950
94230
47250
32040
91260
18360
6210
40770
48780
24120
91530
12060
48960
57780
48420
25830
27360
74430
9090
58590
66600
77040
12510
12240
10800
88110
44280
94770
55350
66960
96300
65610
57150
77220
7560
34650
36270
62280
1890
86400
46350
17730
95580
26730
97830
35190
14220
23220
27270
19170
97110
28800
77220
49140
60570
51660
84240
44730
67860
29880
92340
990
97470
47790
5760
63180
2610
81360
71010
53460
63990
14940
46800
99720
55710
87570
9360
66960
81990
24210
37440
42570
91260
48060
83970
10260
59310
79560
9540
26460
23850
14400
2250
60390
15390
55980
88110
12690
11880
46980
86040
28620
86580
68040
89550
28800
1080
47700
79650
94230
18180
23040
3150
55890
16290
32220
54810
97470
76860
17010
77940
29520
34920
10620
70830
14760
33030
5310
61650
65610
45900
52020
21870
16650
43200
8640
63900
41490
83160
92340
70920
12870
17910
68940
57960
12870
77850
7650
75960
38610
25020
38790
34380
91890
73080
57870
28710
91170
44370
39960
83970
1710
98370
18000
61470
53010
17640
71010
6390
39060
68580
49320
22950
27720
66420
26820
84420
28080
73530
45540
90000
57330
24390
90090
88380
80190
4500
21240
49320
46710
58050
21690
94950
62010
63180
61740
47250
46440
12150
78030
27990
24840
76950
86220
75060
1800
1800
52830
84870
9900
90270
10980
67590
42660
4050
86130
49500
57060
68670
21690
3690
26820
25020
46170
31590
81810
16650
96210
45990
40050
91800
47430
4860
2790
28170
15210
81540
28440
89370
77040
79020
76320
2250
46980
7920
88200
92160
16380
51390
89640
4230
27090
79110
65790
72810
15480
9540
61920
78930
70920
70740
77940
38970
45990
90630
86580
12690
75600
45990
89550
52740
80910
61380
23040
5130
73080
2070
78840
11070
51570
55530
19620
60480
2790
78390
46800
95490
65070
19440
75330
46620
7920
91170
44010
41580
63720
29790
72450
25740
64980
83250
19260
69480
97650
540
57420
63720
11250
81540
5040
66150
73170
33480
75510
95940
95130
53550
29700
56700
52200
11520
52650
50850
15660
81540
61020
63270
34830
12960
45090
53280
7110
95130
48870
7740
87750
43650
65880
78210
540
16290
16380
69300
84330
43470
14670
81990
87750
55440
1890
78840
77670
26730
73170
52920
42570
64890
45270
18090
68130
19800
72450
15570
84690
98640
99990
25020
11700
37260
47430
47970
12420
30420
26460
71190
54630
47070
4050
62640
14580
20790
76320
39150
23220
17100
42120
58050
18990
27630
19080
9180
14940
26010
14310
83700
46170
75330
31590
36450
65430
59940
79110
34290
32580
43650
64350
25830
29250
43200
65070
3510
52920
7830
19440
33930
96840
20790
79200
74340
57330
49860
90630
6840
81630
38970
99630
25830
60030
75510
84510
87930
7830
86940
61290
21240
66060
44550
22230
2160
30690
77670
72990
40050
77400
62370
93060
97380
8820
37890
72630
69660
72270
45180
40230
44370
71640
24390
85140
16740
90450
64440
97470
1260
9090
1080
93420
41310
76320
32310
70920
34470
50130
24390
6390
40950
19260
4770
77940
94860
89640
3690
68580
53370
24750
52380
83610
8640
75870
23130
77220
38340
47970
42480
23940
77400
99360
85320
21780
94590
81000
11790
66600
18720
450
10890
45270
45450
37890
20160
33480
28350
1440
34020
40050
61020
5220
65700
62100
98010
22230
42390
84780
83520
57780
18900
61830
39150
46350
56250
99180
95760
52200
4410
5220
6390
17190
90900
38970
69390
51210
85410
2790
77220
38610
95850
60030
38250
27360
42120
6300
26100
24570
49770
62460
900
7290
87930
69480
32940
83700
19350
22860
28170
70740
95040
74250
64170
85860
27900
18630
30690
85320
44280
77670
89190
38250
32490
98820
37440
91980
77580
77940
65790
53730
540
66960
8730
56250
24930
3870
26100
29520
11250
62280
49500
24750
47160
2520
53640
97290
93420
16380
6210
34020
8370
27630
80190
53910
50940
52470
38970
97830
11880
43380
65520
75960
26100
2880
52020
68310
3330
18450
96300
65700
93240
28980
52290
95040
62730
36000
84600
18810
87570
52920
5400
56880
7110
62460
19530
23310
54180
17010
54630
36990
26190
59760
20880
91170
73620
52020
40590
76410
51570
62820
71100
14400
99180
43830
15570
95670
47430
63540
47880
45180
42390
79920
48690
16740
99450
32940
8100
64170
1350
73890
98730
3330
95040
55530
78480
7470
7380
88200
41760
60210
35910
95670
98730
79470
93960
900
1530
25470
47340
20700
89820
4320
14310
55170
24570
17370
13140
24930
70290
44640
33030
87120
10350
1170
22140
93420
85050
63000
78840
65250
18540
91170
39510
61830
25920
22140
59850
26100
66780
24570
7650
42480
39240
11430
23130
25470
94680
23760
35910
18360
29070
6480
9540
90270
64530
91890
49590
47700
26640
33750
73260
17550
94950
22140
96570
60840
82890
54000
18990
15480
78480
53730
45990
78660
12510
85680
38340
78120
6660
52740
91080
89640
97560
95670
69840
59400
24570
92790
67590
32670
8910
40770
96840
20250
66510
64440
11250
32220
8280
39510
3510
12330
57240
9450
83970
66510
76860
99990
99990
32580
60480
26820
36720
40230
1620
18450
23490
25020
67950
23580
42930
5940
16560
99180
54270
45540
58860
9540
81180
79470
47250
35820
91890
99000
86400
12060
52200
70200
52920
51750
67950
19260
68220
78570
18900
41850
47250
75690
61740
990
92610
98460
16560
89460
86400
270
27360
16020
57420
35010
12420
71640
51750
31140
8010
52200
36990
71280
67410
93420
2610
3960
65160
1620
89280
59760
45000
6570
86760
13230
75060
14850
44820
6570
60660
90810
70020
25290
23310
5940
45360
33390
4770
49950
61110
72720
1710
91800
62460
56700
19440
35910
50580
21960
47970
87390
71100
92430
69030
2160
72630
21780
44100
18630
32850
41670
54720
74970
85860
88290
91440
78030
62640
7740
51750
71730
53730
93150
16110
92700
13770
61740
59580
28260
60660
3420
64440
81900
6300
47340
6300
74610
60390
89010
40770
96210
43830
62100
7920
64800
40770
42930
11250
28710
99720
72900
70560
51210
46530
24210
11970
72180
75060
49680
96570
21960
86670
92790
88020
78210
17370
91800
28710
65340
85140
52470
46260
70650
99720
50220
28080
62910
35820
42840
73980
11880
54630
94950
57150
50850
7380
15030
8280
70200
19710
14850
89730
63900
67320
20610
60750
48780
5130
28980
50760
89280
30060
67680
24030
90990
77580
46890
89280
56970
5310
49140
55620
83250
15120
92430
99000
9360
52650
33030
53640
62910
71280
14130
81900
9270
87480
28170
62190
51390
990
84330
22230
24660
5220
11430
51480
89370
89280
63000
57960
14940
62820
78480
14400
89640
74880
55890
28080
91890
86940
17280
80190
55800
48870
97110
97380
83340
52740
36540
21690
40500
19620
18000
1710
54990
34380
44640
83520
59400
27450
88560
65790
55170
16920
83430
29430
24210
37080
71460
64890
27540
56790
14670
51210
63180
6030
87480
77760
94320
2970
47520
68040
62820
89280
86490
37080
99540
62370
94230
69300
85860
78480
68040
63270
83700
69030
85140
80280
82530
37530
25560
4770
76320
10260
6120
54090
18990
84960
73440
53280
55350
90900
84240
8910
70020
86400
11610
85770
57240
88290
91260
7380
62910
34200
74070
22770
71100
84420
79110
13410
9900
88200
56610
19350
71640
84690
10530
20790
72900
67050
24390
21600
24120
6390
88920
42930
36360
30330
62010
58590
22320
24570
47250
73980
18990
22230
19170
0
42300
270
46980
92610
53820
3960
98460
53730
33120
19170
97020
16290
33840
69750
37800
66870
34740
78480
8550
52200
57420
79560
92250
57780
71640
51570
12240
38880
27810
58050
13320
49320
89460
55890
27000
85500
71100
69120
80730
4500
99990
90090
2340
25380
91440
55530
92430
61290
70740
82080
51570
54810
55080
2610
35280
83790
15300
96120
27630
83160
74880
40230
18540
50310
66870
65250
40860
69660
87840
78030
70020
87840
54630
22950
82800
80100
59760
75330
7200
98280
6840
11070
98100
71730
36270
66690
9630
17730
990
35460
62550
38970
8460
58500
64170
19440
42480
17280
75600
91800
55170
35460
92430
6750
10170
19620
71640
50310
20520
39240
34380
90540
70110
24300
11160
23220
40770
1530
71910
45000
43920
69570
56340
70650
53280
45990
18450
9720
3510
64890
16020
62730
19350
14850
38340
20160
21240
66240
19620
32940
66780
27990
18630
41130
64350
85410
180
30420
2970
75960
21780
54720
63630
77760
91260
78750
72000
94410
55530
11250
10710
86670
79290
84960
63720
29520
89010
23310
61650
47700
9270
19080
75420
91440
25470
31590
67860
10800
80820
43920
90180
53820
11520
4860
71640
55170
31140
59130
81360
27540
89100
41850
9180
49950
81090
61290
36990
83880
88290
89640
13770
48690
82980
25020
80550
15210
18540
62280
52290
85860
18450
89100
52560
15660
4410
59670
18720
83520
43020
81000
59310
79740
37350
87840
38430
40140
40860
83790
19710
62640
19260
20700
39510
37620
28260
70920
84420
2790
56340
28260
28170
62280
7020
10260
27720
36990
43200
50130
87210
32310
78930
89550
20880
70200
13500
12060
83160
99540
31590
94410
63000
78750
64260
62190
34650
95130
99360
11070
6570
87750
12780
76860
16920
68490
91980
71910
67590
60660
93510
13500
19710
56790
81990
34650
72000
67860
93420
33930
99720
32850
38970
21420
28980
37170
51120
44100
74880
46710
69210
26460
1440
89010
69930
5040
360
44910
92520
89550
2430
91170
45990
15930
10080
58410
51930
44640
43920
97380
18000
77760
37890
95670
7650
23670
32580
6300
73980
22860
32040
78120
61290
96480
79650
22410
65250
88470
14040
94680
82170
18720
99540
62100
57150
86310
270
30870
70380
17190
82710
72450
61380
58590
77400
45630
70920
45360
97200
11790
25380
0
34830
90450
38700
15840
11610
84600
37890
47700
6210
31590
12780
12600
17010
67230
8910
91530
65520
34200
57240
20340
64620
57420
54270
54270
18900
37710
79200
8550
73800
41940
36630
64170
12870
12600
67230
68400
270
83160
24030
85500
67860
60120
85410
80370
32130
72540
81360
70110
82530
93870
22320
18900
72270
90450
20430
92340
88020
72450
84330
37350
78480
70200
84600
18270
48420
94050
64890
22770
99090
60120
49770
2610
17010
78120
17730
29880
1980
35460
20430
15030
76860
44640
86850
84870
65520
90270
17010
42390
58590
27180
2790
70560
49140
67860
85140
77760
55800
39510
49950
2430
68310
95940
42660
47250
21060
88470
34830
86760
55800
86130
15210
37890
93960
37620
93510
61560
95310
66330
61110
29430
90720
10350
45720
2070
45990
14850
99540
33210
76770
3330
79110
73260
47250
44280
99450
40410
30510
9180
77130
82980
55530
92790
54900
82260
82440
11700
41040
17010
25200
79470
39870
37890
22050
89280
20520
62820
83340
24660
77130
81900
52110
54720
40500
20250
33210
86490
18540
22230
68130
60120
9720
24660
43650
90360
21240
63720
43290
14400
62190
23400
82530
78570
37800
87120
99540
55350
63090
89820
34020
94860
86670
29880
26010
49950
36900
39330
16560
94950
10890
93960
85500
73350
36810
35010
51300
33840
10980
78930
41760
79470
52200
35100
31770
33390
49320
40500
97020
55980
42030
70200
31230
82710
90090
46710
85140
18090
540
97380
70650
25290
90180
46620
53370
3510
49860
13320
12600
8010
53730
78480
41310
18000
85860
32580
22500
29520
84960
10260
42030
94230
75960
20610
76860
43110
69210
5040
4410
67590
43560
11070
45360
43380
79290
83520
84150
9630
16110
78480
61290
40230
55170
64530
27180
61110
72360
1440
76050
58500
20880
42120
26820
3510
44550
65970
21510
77850
69210
17640
52650
92070
32490
32670
75870
28170
95760
70200
65160
93870
6300
83070
51840
45450
54360
40590
69660
98910
23310
27900
91980
29970
83700
43380
29610
44010
97470
47880
54450
18900
67050
49770
98550
87750
53010
18900
45540
630
52110
21600
28440
54270
8550
52920
52020
75420
70920
64440
27810
68220
28980
71190
84600
47970
23670
28350
76050
11790
18540
53550
40950
54720
91620
82260
180
69210
90270
70830
35010
18360
21690
32130
83790
16110
12600
74160
7380
56700
54090
74430
60480
28710
47520
9360
60750
58230
12870
8460
33750
77490
10440
71190
28800
2070
15660
20970
270
67770
22950
45270
26640
49320
9360
35280
59580
61200
20160
45720
2250
29430
4500
83790
25830
34740
67950
97020
10980
40230
20700
52470
11700
51030
8100
57240
69570
89370
84780
37440
75780
96840
66780
35280
97740
18360
81000
56520
53460
69390
19710
51930
43560
70830
8190
90630
19710
87750
70830
26730
83070
92070
79560
18900
41130
23850
17460
53820
45270
13320
73710
22680
53550
25650
74520
31680
98910
13230
35640
16380
49770
27090
24660
34470
29880
20250
26190
7110
82170
87390
87210
15120
86310
79470
75690
94680
45990
35100
54000
5850
40590
92160
56790
77760
21150
24930
79740
53190
38880
7290
71190
85140
93240
75150
37350
17640
79740
82620
89370
3330
67320
1710
30240
71460
36810
92430
21420
55530
39420
82890
98370
35640
37620
30690
52290
67410
28530
5580
41940
32670
16110
88380
5220
41130
87570
50220
82350
35730
88290
98910
36900
46440
40590
94680
68760
9990
18450
31950
46710
39420
23580
83880
15480
16020
4770
23310
65070
16380
75240
56880
82080
15210
64710
67050
89820
89730
28440
67500
87390
65790
58680
41400
65970
65520
84420
39780
28080
58590
91530
81180
80730
68220
65700
96840
65160
28980
59130
1530
59400
41040
52830
85770
54090
98280
42840
81630
42840
18900
80640
3960
78030
60570
13680
73080
69750
4770
7470
79200
88290
39510
11250
5940
44550
62100
28170
16470
51750
32940
43740
27000
57600
54090
79110
85410
36720
43200
27810
57780
74610
13590
46800
58140
78660
67140
63180
83700
27720
63450
20430
21150
92880
90720
55350
40500
21600
88920
35640
57510
94950
1620
71190
54000
96660
85320
86580
22230
66330
63720
10080
71280
20340
33390
13770
5040
35280
45900
64620
86580
44010
77580
11070
34200
26100
74790
59760
62460
69480
72810
80640
67050
76950
48510
94860
57420
77670
80100
32580
44910
72450
27540
65430
72630
66330
39690
91620
38880
71730
60570
62280
1800
77040
69120
97470
46350
66870
76950
31050
33480
27810
16200
62370
58500
37350
24660
34020
9810
58140
40950
44820
82350
92250
16380
47340
20520
41310
9720
19080
77040
23850
98550
14490
44100
22770
13050
51570
24480
93330
86670
78750
6570
54810
6030
41310
26010
60480
44730
61650
67500
42570
26100
31320
69660
52020
55530
80190
4230
7470
16650
85860
58680
25920
50940
83070
99990
14220
97920
25380
76500
18450
23400
49950
73710
34740
66690
99990
62190
15210
85590
71640
54810
64710
90540
65520
1710
51120
58590
51480
28080
14130
74430
14040
21600
81810
5040
43200
28170
24030
13320
55620
45720
9450
22230
20250
55350
89280
7110
10440
9720
25920
32400
16290
62910
13680
75150
81540
44640
75420
23130
13050
56790
69570
21240
5580
27180
97560
17550
22770
77580
25650
8190
92250
54900
34020
73260
77850
65340
86220
65340
31680
68850
63180
11070
9180
35730
23130
60120
26910
34740
48060
81270
59040
11700
9900
41580
60030
79470
45630
87660
65610
35280
4320
81540
66780
12240
36990
34830
32310
46080
36540
45540
92790
38610
99900
6210
53010
42030
63360
99180
48960
80910
60390
54990
82800
80730
49680
45540
67320
58680
47430
99900
76320
73350
4590
46620
53190
61650
23130
12870
23940
89730
11970
16650
88560
22230
72180
62820
86670
49410
28620
46080
8100
10350
67770
8730
22500
90810
40320
39870
5760
2430
87570
46710
15480
85860
43290
86400
64530
50580
88740
48780
94320
23670
38430
97110
9450
14580
52020
12150
63900
30960
39510
88020
31680
27990
73530
60120
36090
26910
62190
91350
79470
60570
87210
16200
63450
92070
35550
10620
59130
14310
82350
63990
79020
26460
25380
990
22230
85320
50310
30780
98370
90900
97200
45810
42750
32850
56250
99180
77400
81360
32580
29520
60930
87570
36180
31680
18900
96030
10530
92880
31860
49590
38520
49140
49320
99270
9450
39510
6300
94770
23580
9090
35010
38250
15300
73080
52740
74610
52650
17280
34920
36180
30870
66150
12960
62820
36990
72450
74610
67230
83340
4230
50400
29970
30240
48690
38700
34380
49680
7560
30330
33570
51570
12240
55080
14220
73170
37620
93780
75870
64170
86490
270
85680
38700
13230
2700
86310
66600
59400
8100
59040
56430
91800
24570
5580
33390
70470
94050
49770
33570
36540
53280
99900
38790
95490
59490
51300
49500
67050
48150
180
96210
49320
39960
53100
39240
30600
33030
86040
55440
6570
33660
53460
42660
630
42570
66240
8550
53910
40320
44550
28170
78390
42840
16020
43920
15390
86400
81270
80370
97830
99090
28530
26280
65700
22140
80730
15930
81990
30870
30510
73890
7380
5220
61740
36630
13590
20880
80910
32040
97830
33930
90090
70560
18270
60480
92250
56610
13590
19080
4320
22410
67320
48600
12690
4140
21870
36810
65880
26820
32220
77130
50220
39870
53460
74520
45900
89370
51840
61830
57240
53640
38430
49680
85590
72630
35550
80370
85860
62730
42030
73890
23040