29 92
90630
83520
12690
96930
91350
22050
63270
30780
9720
54720
27810
18810
54720
99360
95760
99720
96480
96840
15750
72630
97110
98100
95760
10980
48510
79830
80010
29700
14130
450
42120
11250
91620
63990
79200
87840
95940
50400
65610
79830
3510
36090
84960
21150
93420
68130
67860
39870
75780
74070
74340
47430
39240
42210
65520
17370
17100
30150
70650
79740
3150
31680
27630
87300
4590
14850
9720
99450
82350
82170
69480
12510
31680
76410
95040
49050
3420
66330
43830
12510
38160
20970
76590
5040
79560
3600
18630
40860
48960
45810
44550
48780