900 9422
180
35550
70830
43110
80640
82710
30870
16290
17640
33660
79110
75780
67500
72090
22950
4140
15480
15120
92430
37800
77580
34650
71730
33750
83970
35100
63090
85050
82620
86580
42480
87480
19980
25110
37530
45000
50220
24570
46170
57060
76140
35190
90000
2700
58320
4500
25830
3060
38250
76140
57150
3690
90270
54810
50040
99720
27000
42840
86760
28080
80640
39420
55440
85230
46530
79290
25380
84600
36360
18270
79110
51480
18720
47520
62640
80010
75150
60930
25470
84870
64620
78210
66780
20340
35010
24840
15120
76140
43110
79380
54720
94050
96750
73710
51390
57870
92790
35460
61920
7650
87300
32040
13140
56340
61470
59130
99450
9270
40140
61020
20970
84060
8460
43290
58050
53370
28260
25290
62820
94410
50940
86040
14670
35010
48600
46890
77670
10440
81090
72630
9540
10350
31590
81180
58050
63270
14940
14850
53460
19080
37620
16560
24030
84960
43830
35730
68850
14130
90720
22050
69570
43740
63180
19260
63000
47160
19710
50580
18000
98550
73800
44100
93510
71010
13950
93870
59940
19440
97110
17010
17370
65520
71460
71010
15840
2700
180
86670
36180
32310
62100
68940
28170
49590
92250
79470
43740
91080
10080
76770
57510
8730
19890
33120
23220
43920
98460
62280
39150
29880
10620
8100
41490
86760
90810
73440
80460
2340
38340
76050
78930
63180
71190
62550
6750
72720
6210
59940
48510
97650
88830
84960
28260
86130
9990
99540
29610
88830
38520
67410
37890
62370
94950
91620
71280
90720
37980
70650
57510
45000
85230
48330
85320
34110
73800
59310
13230
22860
74070
94770
94950
19710
45720
1800
18270
52020
19260
30150
7740
88830
29070
72360
56520
99450
22140
66240
93870
66960
93960
16740
93960
69390
25740
21600
71820
57240
68130
28530
40410
82260
93780
2880
66240
42930
80280
89010
15210
46980
35370
20700
75330
35280
27990
85140
54360
13230
90270
71190
35550
87300
15660
11970
60390
96390
43920
12780
69930
29250
38430
82440
83700
84420
20970
78480
6390
60300
30330
60300
39150
29610
97110
92700
91530
85320
32310
76320
10080
540
1890
180
30510
86850
30780
8100
57780
73980
4590
69840
66780
20610
73890
72180
450
41400
66690
41310
5220
84780
26640
23670
12240
19350
82350
70920
90810
81270
43290
70200
32040
38070
89010
16560
47160
24930
14220
90360
360
44730
21510
36720
79020
78120
55080
54540
69030
41220
24030
45090
22320
74700
70560
1800
9270
53100
42120
40050
42840
24480
2790
15840
99720
46170
75780
73800
66510
92430
25470
91170
62460
2340
47070
87570
80460
60660
51570
45180
53550
31950
79200
8370
38700
92700
40320
42480
87570
53550
76770
24300
22950
55440
13770
73530
73080
93150
8010
85860
3780
85950
68040
75330
18180
87930
77580
33390
49410
86670
47610
24750
94410
87210
58680
37890
99540
90090
52470
37440
50400
7740
26460
22860
96570
87930
82530
20070
30600
92970
50130
41400
17370
12150
53460
46530
20700
75420
40320
62010
3420
62460
87480
88380
3870
95400
45360
77130
59670
67230
73350
96390
49860
10080
25920
71100
34200
31770
12150
63810
34650
21150
29610
45450
44730
50310
14580
72090
75960
54000
35820
15390
48960
12150
96210
53460
90
49680
30240
29340
34110
83970
2430
10980
9540
16020
45900
51840
98100
15390
49860
23220
61110
90720
89280
34650
54810
54270
90900
59220
65790
31050
55800
18270
28620
450
76680
73620
96570
90720
23040
66150
34020
13230
24480
74610
66780
80370
62280
80010
91890
77490
65970
17820
2250
44280
71640
81360
56430
36360
30780
80460
62550
81000
23220
86400
36360
18720
30960
56430
25380
49320
76860
62280
60750
81000
17460
74700
17190
41940
9810
41310
71640
57690
10890
46350
50400
59040
31680
36450
29790
53640
72900
7470
2520
35730
61110
62910
71370
50130
36900
59760
97920
62370
22230
77760
66510
53820
44820
9090
91530
24930
54810
71010
30780
69120
52200
22320
74790
15480
46530
65250
33840
73890
23940
50400
27270
8910
91620
38520
94140
66330
91080
58320
36810
72630
87840
30060
85140
97650
40500
90
45450
96750
56070
15390
47430
59490
87570
12150
44100
630
59400
20790
76230
53010
15480
42840
23670
83970
1710
74070
26910
45090
83160
25200
54540
83790
68490
29880
46800
46890
86310
91530
44460
94680
87030
40140
44280
64710
56790
64800
98010
98100
95940
29340
8910
85410
64980
21690
23580
47160
53550
28890
52920
14310
72180
70470
28170
48330
30690
26370
91260
67320
8730
6930
61650
66960
11160
23220
39600
21690
49680
96300
8100
90990
82440
98370
55710
84870
39420
55890
1350
97830
64890
90090
54990
10800
58950
51570
98730
56700
1080
65520
5310
34470
92520
88740
28350
92250
43200
2520
12060
7110
54810
48150
97380
8190
91710
82710
60930
95760
45810
94950
21420
69480
81540
74070
3240
30240
80010
67680
66600
90270
87120
3060
82260
54540
13590
93510
28710
42210
56430
97290
15930
98190
27360
5130
75330
49140
63000
63810
74340
86040
11520
4500
82170
5940
23760
75150
69660
14400
30870
61110
73620
51300
66600
20700
90990
11250
66510
25110
70200
10980
71730
99900
50670
45450
86580
87930
16200
32040
79740
53010
99720
71820
75060
16920
61380
15480
35550
50220
8460
6840
9450
90540
39600
57960
77760
73260
85500
33480
16020
39780
15300
61650
76860
41400
44010
67230
49590
91170
96300
88830
59490
13500
1530
74160
99180
25470
69840
36900
43020
53100
95310
65790
9450
35730
14580
52830
91350
30780
49140
63720
47610
900
76680
26820
41490
33570
87120
9180
37080
95310
68490
89550
42840
94950
58140
17820
13320
24030
71730
63090
80550
57150
13050
80640
1620
12780
90900
58500
59850
19080
60930
34830
21870
67230
8730
67590
14850
98190
72630
37980
26010
31050
41670
91080
60030
28080
37890
23580
32220
84870
54630
49320
61200
86670
60660
50760
54270
92520
50310
810
41760
4050
38880
79560
28170
58140
4050
40770
46260
4050
44010
44010
16560
30510
88920
75060
70920
1350
74880
72270
9810
14310
810
79740
13140
66600
55080
46440
62910
39420
6840
76680
54090
11970
66780
38970
63360
21690
75690
69480
32400
24390
35370
80010
43470
30420
61560
85860
67320
70740
11340
82350
45270
11340
12780
62640
37440
23220
56160
6480
43290
91620
20700
85140
18270
83610
91530
6930
2970
20610
46800
34380
40500
29430
93960
59760
25470
96930
26370
23400
21690
44910
76860
23850
71820
99450
7110
79560
5760
84510
59580
78300
3060
29250
52830
96840
24750
98640
36270
20340
25740
68490
44010
43920
450
24840
98370
42930
96840
74160
11970
6840
81540
90180
98370
36900
27000
53100
55170
88560
81810
55800
38160
19440
8910
46620
81810
72090
22230
53100
58770
39150
4950
74160
35640
39780
16200
28620
26370
78300
75780
23670
74160
98640
87390
68040
26010
57240
49410
4230
56790
15570
49590
52470
97740
90360
69120
12330
83610
32580
6480
8550
48780
34650
32580
10080
1260
62370
33210
98370
22140
64800
59580
72270
10080
29610
11700
47970
84330
540
22500
48150
65520
91710
17010
72630
33390
54090
13950
92250
33300
96570
82800
4140
54360
74340
86850
82350
62730
11790
88020
61560
32400
10890
52560
67140
16650
52740
83070
83880
24390
20160
43380
39330
6390
68220
19710
92700
13050
37260
61020
88200
52290
15660
90000
55710
52650
95220
81270
3600
3510
41400
67500
52470
45990
15480
6660
15930
14310
93510
53550
64980
90090
11610
98190
65250
33930
46260
74340
78210
6210
26100
92340
47340
25830
23130
7830
14760
72090
22590
8010
94320
58950
14580
4770
50760
38430
52020
7650
52650
97920
40860
24300
15750
67950
67050
43290
97560
2340
81810
97830
87570
6390
14310
8550
86670
25110
63990
65340
67140
42210
80820
37800
82260
3870
25830
97560
65430
37890
86310
98730
57510
81900
63270
89640
30060
46800
38520
93240
49860
52650
21600
37620
35190
3330
67680
4500
92340
91710
94770
42030
41850
54180
99540
69300
87930
19530
50130
11700
60300
96210
2070
64710
86400
33660
15390
2250
75600
73440
98820
85680
69660
65340
6300
98190
60570
8010
98820
90180
31590
32490
24120
74970
18810
68220
45990
68400
21330
71280
30600
5040
40950
71820
37710
30870
89190
18450
96750
78840
29250
73980
14040
41310
99180
59040
79020
58500
17550
44190
14760
21780
720
92070
14310
58590
6750
50580
75690
79380
66330
41490
8460
86850
34110
59490
33930
24840
50040
15570
8100
41940
54270
81360
32580
86940
10890
65790
12690
57870
40320
39060
34020
99180
29880
14310
86850
3510
95130
26640
47610
35820
54540
19080
19530
40590
54990
12510
16290
36810
96120
57150
16110
45540
50310
76770
59850
10080
82260
13230
38520
8190
75690
3150
72270
990
97560
79110
65700
42210
68400
180
73440
71370
24660
9990
99090
79290
94590
29340
55350
42750
92520
78300
84600
43560
5760
63180
54270
24300
39150
58140
67140
55530
97470
94770
21510
2970
27630
76860
97740
57060
27540
75780
48420
23310
77580
42480
28980
91800
85230
65700
94590
6930
59580
28260
66420
2520
26910
73170
4590
56610
86940
35010
24120
61020
66330
87120
87210
40320
15840
16740
61650
39690
78570
62370
64080
15930
33390
95130
50490
80460
25740
99810
38160
51030
65160
68220
1440
74250
10980
360
30150
36810
29340
60120
69750
89280
4500
38070
46710
78660
45180
75960
51660
22230
40860
19260
72090
94680
71730
63720
12870
84240
62190
97920
10260
25290
82530
66150
87030
81000
94050
86130
11610
540
33390
98190
7380
44730
44910
24570
64710
41400
2700
49860
75330
10980
30240
80100
41310
50400
77130
38070
91620
88290
40950
16200
4500
20250
64800
53100
9630
83070
43110
50310
38880
84510
93240
84690
72900
36180
67140
25650
13680
67950
87120
21870
5760
31050
26820
61110
68850
73080
92880
1170
38790
67050
53190
18540
41040
97830
56970
49230
51300
33120
58050
5040
98640
14220
96300
84240
29340
86940
1980
40770
30150
8910
86490
40950
64800
14580
79380
9540
60120
68670
71190
97650
88650
56970
50220
37800
45000
12870
65610
87120
72630
10890
17550
97830
99900
40590
13410
8550
67410
22770
93150
77040
42480
1800
40500
91710
22140
73980
95040
57240
58770
11430
15570
94320
12330
53460
78300
25380
30420
59400
72090
96930
11790
52290
13140
54630
99180
91800
16920
99810
70560
2070
61650
88560
62820
75420
1980
40500
89010
95310
8280
86760
88380
66600
13320
31320
71730
5760
2160
78120
10260
21690
81540
90090
59130
54000
25560
11520
1620
75240
86850
89460
23850
12780
97020
50310
52200
20340
38610
66690
80280
50130
89550
62550
5940
5220
180
81630
73710
86670
46800
96030
21870
22230
68580
64800
99630
32850
92520
86220
65790
84240
75870
72540
52920
5310
34020
68940
4050
40500
61830
37080
67320
31860
16740
2610
61020
8190
82260
30870
29250
66690
20790
84060
73710
86220
98910
82620
69840
29880
5580
58680
80100
24930
80640
4410
40680
49590
80820
97290
91800
50400
45450
8370
65520
74430
28260
77580
2790
4860
95760
1980
75510
36000
61560
3510
89280
15300
8100
23490
89550
95040
85320
24210
59310
79110
73710
91350
36900
48330
4590
85230
28980
2700
35460
12060
88110
91080
20700
23940
33300
810
55350
68670
31410
51390
75600
96300
95040
47790
95310
70920
98190
56430
70740
42750
60480
92430
58320
59040
56970
1170
47880
59310
25650
88110
42210
98910
51390
54630
74970
88920
26550
20430
8820
35640
62640
14760
44640
43290
50490
67230
77220
84330
89820
73620
27630
40590
6210
18090
92520
25920
84510
81900
58050
7560
87660
22320
39420
50940
26730
63900
69660
49410
36090
37710
76320
60570
33120
56250
37260
5940
15300
73890
85680
47880
36360
80640
29070
61830
94500
78300
38430
13230
88560
22860
39330
80370
34560
91620
10170
41760
81270
94320
13860
59670
28620
57150
6300
57150
98460
87480
3960
71910
21330
13590
48240
1530
39780
84330
44640
180
630
31230
66060
29340
34380
58320
19980
50220
84240
29520
91440
85590
50220
630
51570
98730
58770
84330
40950
80910
82080
21600
67860
79920
87480
30960
93150
57420
81900
86670
90360
51660
32490
84870
17010
34470
21150
60570
69660
85860
57330
29250
5220
3150
22680
48600
86760
5130
35550
92700
69480
59580
52470
92070
30060
66870
44280
9090
60300
74250
46800
66330
45900
89910
57870
31860
42660
55980
23490
82710
89190
63000
98730
82800
39150
19890
87300
75510
14940
67410
43650
25470
29790
95220
87750
36270
34020
50850
43740
66510
36540
74790
900
72180
15030
50850
38160
56700
84780
53550
53460
52380
80370
19260
17640
81000
71280
2430
68130
7650
25380
43380
72630
24480
16200
1890
25290
19530
34290
91800
95310
38610
38070
45270
86220
50220
57960
4680
52920
47070
99270
540
39150
80910
71730
79470
8190
76140
7290
19530
39690
73710
36270
94950
77670
66240
86400
77580
20790
70470
41130
51120
53370
34920
9000
21150
86400
93600
17910
87570
8370
81540
12240
62100
62550
81900
59490
48600
88920
72360
47160
26100
65340
94500
52560
9450
76770
30510
8820
92970
24030
48420
46890
20160
47340
61470
30690
82080
630
57600
80190
57600
29070
35820
66960
53460
13680
95040
6390
77760
41220
32580
19800
54000
25470
94140
79650
84600
41040
88110
87480
80010
9000
49950
9810
36810
25560
3870
4230
41490
7290
73710
34470
58680
72990
68400
56070
69570
66420
81090
18360
59670
35280
99270
13950
99000
78120
35550
53010
27270
41040
41490
18360
36000
91980
35460
69030
90540
81360
450
39690
20070
15930
89820
89640
84420
63720
89640
25020
42210
73980
77220
12150
61470
74970
26730
58050
28080
91080
46890
56970
57330
38430
70560
71730
54630
44010
63540
80910
77310
90810
98460
74610
35190
62100
23400
15120
5310
18720
69030
45450
63540
72990
32490
80190
18450
2700
3150
27000
96660
46980
43650
32670
86760
97200
90720
5850
47520
720
54720
8910
97650
78570
81810
14670
67410
35730
32040
33210
20160
79200
3870
83790
26460
67140
20520
54180
16740
99180
33930
15210
180
68490
13500
89910
21600
45090
37080
89280
93330
23310
67230
84060
66960
5490
54900
74430
97290
63450
73800
22320
18990
97200
2790
71100
29970
7740
70740
72000
47430
41310
84510
94500
8010
16200
86940
42930
69930
4140
84780
81990
19620
33660
90540
3240
44280
41760
57420
27810
12240
96120
18630
48780
43200
4770
12510
52290
42210
89820
42750
98820
81990
17460
93060
47700
29790
64980
48420
15120
49140
49590
84150
27000
72450
57870
46530
90990
39060
80190
70830
34470
4590
73170
9090
36540
7920
54180
17010
56160
31680
96210
40680
13140
56790
68040
20700
60840
74520
51300
75960
34470
80280
360
20610
52380
65970
51930
22950
37530
62370
47070
55350
89370
25020
30960
33300
73890
10350
43830
57060
38700
63720
72180
6930
60030
3780
33930
22590
74700
4050
73530
44010
47610
37440
93060
80820
39600
78570
360
94500
47880
96750
66870
5040
82710
80460
24390
14670
28530
31410
58050
67050
5850
86760
89460
90900
63720
42210
46440
68670
50760
37980
44280
92700
12960
71910
78030
14940
19260
47880
81090
15570
91800
6300
25470
49590
93240
64980
39150
91170
34200
94680
36540
81450
37260
48690
51930
50940
70200
37980
28890
29970
86670
32400
82530
1620
36090
56790
65160
98190
37800
76860
45450
89730
63360
6660
60840
90
9360
43740
44190
75420
79380
63000
79740
7290
25830
60030
81180
81720
95670
67320
88740
6210
18630
68310
11610
84060
26550
42300
95310
76140
9270
84960
65970
23310
6750
54270
90360
47430
95940
75150
95580
84780
86670
10350
11880
32220
55260
49680
75420
55890
13770
58140
69840
28170
78300
64710
79920
87750
16110
86490
81630
50850
73980
63540
58320
86400
60030
50130
2610
71640
70830
50850
13860
1530
92520
20700
92430
990
29790
20250
54360
47160
20970
90900
76410
41310
63630
53100
54540
14220
90180
42210
79290
94230
65700
46350
6570
33750
48420
16290
23850
50940
51390
9810
72630
14850
96840
43650
6480
29250
85140
14220
11250
7650
65070
60570
40140
18180
15120
14400
77130
62730
85050
27810
27360
46260
6570
85950
83880
80910
61740
11520
52920
7740
24390
58320
26550
27540
86490
82170
25290
26460
93780
28710
87210
83340
21960
63000
4680
79920
90810
52740
85770
83340
56070
57150
39780
15210
47880
22410
61110
22860
66420
69030
39510
80010
57420
97830
63540
2880
42840
40950
18270
270
78570
72630
52560
18630
96660
36990
33030
18090
41490
95670
360
14220
14760
83430
45720
28980
8550
99000
6030
13950
28800
19080
12960
83070
49320
8370
1350
52740
32850
1890
65790
81900
50490
50490
83340
20070
34560
32040
25740
58950
38250
70920
39060
53460
23580
29880
98370
55260
70740
41220
30420
73800
18810
40860
39600
20520
78570
14130
22680
5400
67320
32580
39690
61380
64800
26370
6300
30960
39960
58770
89190
10350
87120
78570
40050
59220
35550
5400
76860
68040
77400
7380
53550
59760
7200
71910
25110
46080
66150
99540
47340
94500
88200
81180
71910
19800
95220
61200
98280
99990
18810
27720
18000
75330
36000
94050
59040
46890
92520
43560
270
41490
92520
88830
17550
54630
3150
2970
45810
46440
93150
11250
17370
70200
34200
28260
46530
80010
83160
16380
16200
14580
95040
46620
30600
57420
62370
55620
23220
22950
7290
60210
93420
83610
27450
36810
11700
70560
28530
37440
1980
96480
53100
17370
24840
48870
98190
66060
21240
50760
24750
48690
27630
90180
78300
24390
41040
76050
51210
720
50670
34920
6570
13770
75690
7740
54810
18450
93600
42750
70830
26460
5490
48960
73710
75870
3060
26370
26730
79290
72000
80460
13950
91260
97740
90810
72990
51480
74250
72360
53820
46890
79020
76680
90900
13050
97650
82800
62370
96840
68130
19260
32310
87300
45450
79920
79740
38340
78390
3690
58860
57330
80280
81900
88020
7110
81090
39150
99270
91890
57330
4770
49860
38520
3330
53640
80100
94230
88470
54090
55980
27810
20160
16650
54000
84240
53460
51930
15480
64800
34830
36540
4140
30600
63990
24030
97560
29160
50130
53280
77490
25920
12420
51120
44640
80190
55170
73980
47520
7290
29160
90360
58050
55350
57510
63540
93330
97560
79290
20430
9360
86670
76680
80010
66150
24030
92160
98550
26460
30870
45180
27720
99540
78210
22410
84420
47880
15210
28530
95580
65070
7650
91350
88290
82800
21600
99810
70920
71370
28530
22410
71820
22860
2520
78660
70200
54990
74160
85860
88740
35460
11070
44910
83430
74340
34110
45630
90720
46080
42390
8820
13950
630
13860
67860
71370
18270
36270
44190
81720
80550
70920
73890
16830
65790
3240
94680
28350
14400
21420
69570
35370
77400
68220
9990
7650
14580
23220
36090
15840
47160
27000
85230
21960
74070
61920
29160
83970
71910
72630
55260
71190
56160
83250
95580
48240
36270
38790
10620
36360
31230
11970
49770
59850
84420
75150
52110
42570
47610
37800
21510
16920
16920
43650
94680
79110
79110
41220
44460
15390
17190
46170
47700
34380
91260
19080
39240
450
36360
98190
16560
70380
57330
83160
34560
7110
5850
17910
2070
83880
60930
13590
99810
72900
16560
53460
66870
47970
84870
82980
46530
18180
17820
23580
45540
31230
36180
96840
44370
40590
46440
9000
36990
17190
12060
94770
15660
27270
91080
34650
22500
84780
65610
15030
88470
12510
33300
80190
45990
16380
85230
94050
88470
35100
55260
67230
81180
21060
70740
54450
42390
81810
7110
34200
11610
1350
40320
53910
2070
46080
28710
38700
67590
41130
55530
82620
35820
12960
1260
88830
70740
37620
81990
93870
4950
15210
36720
95490
450
450
89460
17190
83880
12690
3870
85320
77580
51210
93510
84600
13770
86220
4500
35370
34920
9180
2340
82800
34560
21870
55980
7470
98280
8910
80100
21600
64710
2070
81990
40770
38430
76320
54900
48690
65520
92250
78930
31770
29250
89280
11520
37620
20340
69570
99720
82620
62010
56790
73530
29970
87030
53010
65880
40590
1890
45090
76770
36630
72630
73980
56070
43830
84330
32040
70920
87300
97830
35370
61470
98640
81090
91980
69120
44460
97830
50670
8550
77220
99270
11880
19080
5850
54450
29790
81450
9720
91800
61830
46530
3420
63990
57420
28980
52650
3060
62820
92250
4680
34020
97920
54720
59760
57600
26550
50850
66600
29070
45540
25470
23670
44820
15030
87840
93330
97020
48780
5040
95670
57150
27990
22500
7020
21150
28620
59040
3240
53370
62010
68220
71010
77670
17460
72270
77400
56070
52200
67320
87840
33660
44190
97560
12870
87030
71280
82890
9090
94860
42930
26010
29340
64080
59220
6930
51120
45990
79020
12510
32040
4860
76500
88470
4590
58050
62910
22680
40590
71730
62100
93510
96300
42300
99360
43020
44910
61830
4950
67140
94770
29430
31500
28530
62100
3330
88830
37890
28440
70020
45360
12780
58680
7380
93690
8910
97020
62370
54720
61740
91080
33750
68760
66690
21330
36720
35820
98100
9900
51120
14850
35280
16290
68940
60660
62820
96660
99720
75510
97560
6570
76320
86220
87930
43020
98820
45360
83970
11970
95040
48510
35100
17820
53460
74160
37530
15030
63180
13500
99900
76950
56340
65070
4140
53010
77760
98190
14310
59580
20790
13320
35370
94140
32850
22140
58320
45990
37350
3690
96390
58050
96660
2520
42120
29790
37980
90450
62550
63270
19800
21780
81000
9630
74430
53190
25740
95130
24390
38880
82530
89010
25740
25200
12240
20790
71370
33660
82530
72990
96570
31770
59490
35640
63630
49410
96570
14220
56700
73350
6480
15570
5040
31140
85050
21060
88290
54990
94680
72540
92340
11430
37980
68940
87120
73710
57600
29520
18720
96120
99360
21420
89280
65070
2070
13950
42300
79470
83430
36900
65160
63450
41940
52110
75060
29700
6750
990
35550
8730
95760
63090
94050
47070
44370
12870
7920
68130
36900
15030
4770
92340
39780
69210
46260
74070
61380
61650
35550
18810
79380
83970
99450
94950
89640
6390
12600
630
45540
18720
2610
52110
97650
13320
68940
48690
13500
63450
26280
14940
95580
96570
62910
25200
58140
31050
12510
94770
67860
14130
54990
49770
52830
26640
70560
54630
22680
63720
84870
17100
50220
66420
60840
2790
56070
18720
94230
24660
11970
37530
72000
59040
92700
85500
45090
99000
77670
50040
23940
7830
30150
9180
93150
8010
46530
50490
23130
54810
8100
36090
44910
49770
45270
96030
88110
49860
96750
60750
36360
49500
98370
70830
8370
30330
8370
8550
94950
60930
70650
36540
67140
28710
47880
98820
13950
32490
72990
56250
1080
15480
83250
35280
89190
53100
14400
92610
10890
81360
2790
9720
23130
3690
86400
23310
29970
97380
87480
40950
65790
78120
55350
26460
90900
34830
50130
52200
96660
51570
43200
9450
31680
10710
9630
7740
79830
6750
84600
66150
61830
87840
8730
16920
26820
63090
21420
57600
31500
83520
28530
540
44280
26100
95400
24750
38070
74430
6120
57240
91080
63540
54180
42750
28260
56070
52470
44370
96570
46890
70020
42390
94680
67410
24210
23220
56070
16020
52650
87030
85500
91530
37080
16740
94050
63810
1440
18090
58860
50850
53820
46080
19710
80280
5400
41850
14760
69390
1260
26640
60030
9090
55530
22230
59670
55350
22410
49410
82440
14040
29160
73530
6660
2790
26370
48420
89460
9450
34290
95130
14580
55350
63270
39240
63990
30510
90270
10890
36990
59670
73260
20430
48600
18990
94500
18540
89460
98010
16560
4680
84960
29790
83610
34110
47070
63270
87300
1260
83880
9990
29250
810
5040
44550
6120
42840
19080
63630
89730
3330
58050
49950
87570
61200
44460
36180
79830
84240
31680
87210
2430
87030
10170
27990
31230
34290
15030
93510
40500
56070
80730
22590
41490
60750
55620
34110
68670
71100
86040
5400
84240
17010
39870
46800
4590
77940
21510
57510
52650
34470
81720
94950
74070
96660
22050
80010
61020
900
81270
51930
8370
56160
76590
14940
23220
3330
6390
4770
8640
46620
28800
56880
21780
8370
14760
75330
57780
77940
17910
85320
180
48150
90
28170
49950
81270
28350
99990
52110
75690
93600
31860
29430
54900
11790
89910
76860
28620
59850
89280
49140
72000
38160
2520
27630
17100
26280
10170
74070
40680
89910
14850
91080
69300
46530
78570
75150
71190
61380
2430
61920
83520
60750
54090
34650
63360
54720
60390
13140
53640
76680
3600
65340
17100
54630
18990
80460
87570
11520
4680
13050
45630
78480
80910
85950
35460
14670
26730
65430
97020
51840
52560
540
83970
69660
56610
76410
90090
50490
56610
90990
64800
15210
10350
22230
32940
900
17100
81090
10890
93510
90090
8550
40680
64890
68850
10440
68760
63540
9180
29160
40860
88470
5580
34740
11070
73350
79560
99900
67230
9540
99810
44820
63720
27720
24930
71820
17370
9360
82980
5760
3420
73260
7920
23760
56250
24390
44190
70470
81540
23310
13500
60300
50400
9180
28800
90180
8010
50760
78750
62550
28530
67230
11610
28080
23580
35460
53100
13680
990
54180
32850
23310
21600
52830
93690
96840
86040
810
70380
45810
33840
73710
24030
88920
13320
89100
20700
62820
12060
66420
45720
75870
28710
63990
28350
48330
3150
16650
3600
55800
76860
65250
92070
15300
36540
82170
53190
47430
63810
5220
47070
9270
73980
25290
56610
16290
55170
43380
1440
810
3510
10080
56250
81900
27540
39240
6030
10800
47610
95490
91260
1080
78480
48960
10890
17370
630
92160
63540
4050
10440
82710
90540
76500
60930
27630
25200
84600
43200
64260
73890
72270
48870
39150
15660
23850
4860
91440
31500
43560
97650
69300
54540
6390
71280
86130
31860
89370
99720
96480
51210
78390
51750
18900
79110
17730
53820
29250
60300
30600
57060
1170
60120
88380
9360
78480
76950
37800
54000
63630
32490
80820
45180
6570
63990
87210
90720
95040
90
13050
80820
61020
31770
14580
79470
90900
26280
66330
19980
8640
31230
7380
35190
90180
6570
19800
42840
21960
82710
68040
25110
53550
2340
41580
5850
8010
41760
48510
45540
37620
36090
25290
60390
68670
35730
15300
23220
92430
95040
62100
10620
79020
94950
6480
5760
15930
13590
92160
62730
75690
84330
27810
5130
91710
31950
3060
72270
54360
2340
75060
38610
48780
10080
39780
41040
5310
56250
31950
37620
91530
57420
58320
35460
47250
52650
31770
74790
90810
6750
91350
68310
54900
25110
84600
76500
28080
97830
24660
77040
78480
69480
60120
22770
23940
12240
41850
25020
15390
31590
16740
55080
67590
23130
89820
87210
57330
20340
94590
99360
53010
9540
24390
98640
28260
48510
92250
13860
54000
47250
50220
16560
40950
34920
64080
47430
70740
37440
23760
87480
93420
43200
23400
88650
26010
64710
55530
41670
27000
54000
15840
93240
25920
98100
84960
91170
12600
13590
77580
25830
2520
96390
61830
62370
27180
72360
2610
79200
40680
64530
70560
95490
93150
25020
5940
69570
7110
79740
23670
23850
12150
97650
7290
11520
17910
71910
87300
23670
85140
8910
85590
270
55080
80550
43200
80550
89190
59400
8460
12240
61560
64260
36090
23850
70290
96840
67140
84240
99630
69210
20250
29430
48600
13590
6570
38880
15750
78030
85320
46350
1890
86400
18180
71820
56700
16920
35370
35730
91260
98100
81540
8820
51120
24120
36990
2610
45990
79020
83970
3150
10080
41040
20340
2700
37800
84780
26460
74610
3960
25740
44460
17100
65160
50580
92160
48510
33030
80640
64080
12060
70560
29610
98550
78750
50760
85500
28980
25110
18630
73260
78840
88200
43650
7110
5580
67320
91800
47430
10260
25110
66330
23490
22320
5760
51570
22500
15210
29790
24480
80370
17730
26370
7380
57690
80010
91080
39420
76770
14670
46440
86940
77940
12060
23490
92250
78390
54270
37530
2520
80190
7200
31410
12420
66060
65430
15030
59310
36810
28620
96930
11700
56340
48420
14490
90900
90450
8460
77490
7830
63360
8280
4860
45270
33300
54630
6300
16830
30060
6390
68310
22860
29610
8910
56250
28890
83970
25020
95040
88380
40230
23400
44640
47430
94860
29160
6480
73800
4590
67410
42030
30870
50940
33210
81270
12060
50490
81360
88200
44550
35370
85140
63000
43830
61920
34920
76590
7380
50490
16830
12690
65430
6300
94680
91440
94410
88020
58410
81540
37890
86580
51480
6750
77400
62460
4500
86400
66960
84510
37800
5940
90
90450
72090
25470
43920
3060
88830
88470
56700
54630
89370
52830
52110
31950
64350
93240
9990
6930
42750
74430
2880
71100
71100
22050
67320
79650
84150
13950
87480
27180
63000
30240
35460
55080
61020
40320
94050
15930
52830
87390
26280
14850
46440
61380
81450
47610
51660
75420
45090
24480
18540
73170
19710
61470
47430
56340
6840
40410
12060
76320
2880
54450
10980
59760
68490
93600
58320
270
51120
38790
93690
67680
69750
74160
1350
34830
70020
3600
46260
31140
79200
61020
44190
45000
27990
90450
77940
42570
10260
83430
76140
49140
37260
98550
71280
54630
89640
32670
36540
81630
63450
19080
58140
22230
67500
34470
70830
90720
41220
40860
72270
58140
86220
41580
49590
27180
4230
57240
68670
84240
61650
93420
16830
77130
58680
47610
76320
47700
32850
98370
7290
66600
53010
55440
90
34740
64260
98550
34830
70200
25920
69390
8640
65880
62640
28980
64260
78660
32670
71280
5310
1890
73620
85680
99900
99990
57960
46170
59040
29340
83880
58590
44460
79290
67590
5940
22230
810
30510
17190
0
4590
26010
47970
55710
17550
76230
41850
7380
46170
16920
19530
12780
38160
53280
77670
78390
67050
2790
30060
88920
8190
2070
54810
54990
82170
19080
97020
53730
58500
39150
88740
8550
9000
41040
37440
26010
45090
19260
81090
35370
180
15660
59310
55350
73440
20250
62010
26280
96300
180
1800
81540
57420
11250
37440
16290
89370
57600
91890
52830
13500
76950
35820
63720
35010
29430
75510
76320
25740
21600
51480
88020
95490
15300
69390
67140
26730
27000
87660
7650
99630
73980
4860
8370
73710
46530
24570
58860
53910
42030
77490
14400
61560
23670
22680
49050
48420
95580
34560
10980
27630
51750
85230
22500
18720
95130
47700
18270
46890
65700
50850
11250
89640
57240
2160
81270
89190
60480
1080
85590
44010
15930
20250
73710
91710
71730
13140
53370
51390
31500
11430
79650
87570
57780
50580
49860
24570
51570
51120
49950
87030
22230
59940
39780
43470
28080
52200
79650
31680
35100
85680
15660
25110
27180
90000
11880
3420
52740
53820
34020
56430
59580
75510
64620
65880
96030
25560
78120
37890
80370
79020
7830
34380
42930
89460
38610
78480
74430
85500
93780
3960
50220
30330
88380
19530
34830
94860
79740
80280
60570
17640
34830
45270
31950
83250
98820
98460
71730
7470
810
14760
63720
95310
11250
34380
85860
19980
64080
28530
10260
50850
29880
58950
76590
34200
31050
88830
76950
88290
92520
58770
92970
42480
54630
51120
26010
98730
87120
23130
74070
26910
22320
29880
74070
69480
41760
3060
30150
89460
9090
88650
78930
6300
87480
17730
10800
79830
28890
91530
74160
56970
32490
67320
39600
87030
53280
19350
52560
88020
76950
45540
94500
17190
7740
21420
88290
6840
76410
42120
75510
90270
68400
26280
9900
17010
3330
98190
27000
3330
56430
75690
89910
43470
9990
89010
23850
32130
30060
37980
9450
2790
53910
84780
49320
76140
74700
30060
81630
24750
6120
20160
95940
7920
5580
69480
79020
83340
28980
75240
47430
66420
35640
45360
28620
86670
85410
64980
66060
64800
32850
22950
52290
69840
87480
76140
65700
31410
94950
43740
61740
9000
4230
7200
27450
90450
6390
16290
67860
40680
64620
19710
92880
54630
24120
55260
35460
51750
32580
34020
54090
57330
75960
41760
81900
54900
60390
33300
51300
65430
99810
83610
41580
35010
35820
11250
18900
17640
69120
19080
76140
53100
38880
87210
2520
6030
48600
24750
5310
20970
46170
5940
72450
91350
63630
90090
18450
55800
30240
18720
35820
21150
39600
35730
94590
10800
42210
88830
79560
12330
44820
87120
34830
44370
94680
88740
18000
20250
70380
27900
78750
14580
84150
14670
58860
37260
68940
84420
52740
59130
8370
180
85050
84510
91350
3510
17820
41490
89190
25380
52290
76050
21060
61380
86310
9180
29160
78570
93060
33840
92970
38160
38160
58050
3600
10080
61200
57780
59670
56070
12420
40230
93420
44640
5940
76860
60030
68670
42930
32040
80370
41400
76320
51570
87390
86310
95040
46080
15300
20430
37980
62820
98910
10980
33030
64800
51930
73530
11970
77490
78660
27090
83790
14490
21060
81720
70650
39510
44100
41220
28800
93870
56430
71280
58680
87660
51120
85770
68220
50040
47610
43920
85860
4320
31860
36900
46260
97920
30870
46530
61830
69840
76680
14400
81000
30690
73350
88290
89370
21240
270
7110
35910
2070
92970
98640
50580
52020
25110
30780
15750
31680
19170
29970
18810
68760
34200
74160
29700
47250
92880
14760
39060
94410
63810
31590
91890
16830
31140
74430
57330
26100
35550
52920
12510
78210
98280
48960
37710
93420
4320
76950
15480
40050
36090
73800
92430
47970
29340
76320
66510
86580
27990
3960
11520
30420
85680
58590
25740
12600
16650
57870
51660
1440
25830
15570
66960
83610
14940
46350
46620
2970
17640
58230
85140
87030
85050
37350
99090
72810
84960
42390
4230
4680
53910
17640
66150
14760
72090
78930
61290
810
87570
81900
77040
31050
98010
2970
20610
94680
98910
4680
30060
64800
99630
21330
56970
26460
38880
43290
49230
1620
18540
84690
18720
20250
86490
94140
64890
79380
99990
43380
25020
48330
99360
7650
78570
58500
54000
63450
37980
90
89910
66330
39960
14310
4410
6390
3870
37080
38160
10620
97560
68040
20160
53460
66150
3150
71280
26640
1440
68220
44190
33030
29700
52470
62550
88020
33930
2520
82710
1890
31230
57600
71370
51840
6840
13860
1620
58140
77130
12420
67410
71280
12240
49860
77130
27450
9900
57420
44820
57060
68490
67860
79110
25290
26640
29070
5310
68130
79470
98370
25200
48240
22500
21600
39240
79740
1440
64980
19890
67680
37530
76230
59850
62370
74880
87300
16200
86940
38520
25470
4680
55530
74250
45360
61470
30330
99360
85140
80190
67050
85950
89010
68130
93330
18810
98370
44010
49590
43380
25020
67680
99990
70200
61290
50670
77940
83430
12510
17730
75690
27450
54090
63090
57510
40230
1170
67860
38340
91620
46620
44640
83610
73260
20430
28710
5670
75060
74970
41220
17550
2340
14670
23490
26820
5850
86310
38880
75150
45630
96030
20700
4950
54000
24840
36360
17280
15120
91890
50490
25380
16560
62730
69030
56700
73980
61650
21960
22410
72360
55440
93960
64620
22320
62460
81900
46350
82350
900
74700
26010
81090
1530
93510
24390
8190
53190
91710
59850
92610
19800
72090
79020
14040
49770
32940
42030
64710
2250
9450
71100
63900
76230
61560
30960
29970
25830
4500
42660
24390
99360
5310
29610
23310
5490
67770
62550
31140
68040
3330
75600
75600
17010
15210
97920
92430
6660
35190
6120
74250
67950
97290
86760
54450
37710
34470
87030
80910
91080
33930
27090
90000
88560
78480
69660
20700
35820
7650
47250
43020
93510
74430
77220
17010
87120
75420
0
38880
66870
5040
87120
44550
7560
810
18180
22770
85410
43740
32400
80100
97020
74700
99180
16560
18810
68310
7470
19440
63090
86130
92340
6840
20520
97110
85140
25650
2520
87750
81180
8190
71730
23310
28800
50220
96390
95220
67770
51840
33750
71640
12330
64440
75960
51210
21330
10620
42300
34560
51930
72810
66420
63900
11700
85230
1260
91890
11700
45270
12240
39060
69480
22500
54900
92160
31140
64440
15300
36720
49950
88560
3960
63000
32220
80550
91350
74520
23490
46350
74070
32850
76590
52290
54810
44190
30690
87390
24390
720
17100
93510
47880
18900
73710
90270
48330
46440
21060
89190
13950
11520
16920
57330
95580
49050
24390
56340
83880
99540
45630
90270
62550
53820
38610
9900
68850
42570
82980
17190
56520
86670
54270
93240
56250
76500
11250
43830
24660
83880
29160
50220
45540
70650
28170
3330
54180
40590
77130
53460
20880
27630
18450
20970
4860
48240
51120
25200
97290
65610
48600
73170
46980
12600
96030
51840
82980
82890
25740
42300
64710
11970
82170
74520
82530
56880
54900
92340
56160
74430
47160
72990
73710
4410
28350
80280
58590
58320
2880
66960
12420
36990
83250
39150
28980
14850
97380
97740
92790
7920
82350
27270
74430
17550
77490
49860
71460
13680
17730
73620
35010
27360
67050
21690
72270
42750
55080
25200
72450
38880
79470
64530
13140
52470
92880
80460
81270
78570
8460
91980
53010
28890
79920
55890
70650
31770
89730
56430
58230
82170
34110
92520
6750
15660
6030
13950
77220
57600
6660
73260
9000
54450
23760
68310
26550
10350
43290
52290
83880
63990
74610
16740
10440
65700
0
18990
77490
7110
25290
79830
99450
30240
15750
18180
53460
90540
14400
14850
90990
73440
94590
94590
64350
62100
53190
55350
5940
32670
59310
41940
36360
46980
20700
2340
5040
26190
5400
34020
89460
52740
540
27720
28350
8640
4590
47520
6030
55980
40140
53100
53640
31500
29340
30780
62820
50760
55890
80010
92610
94050
270
17730
11340
94680
9810
19080
37710
49770
36270
49050
79650
90180
52020
81270
19530
71910
38610
57690
70470
40680
14310
45360
54990
44820
35100
72450
46170
16470
27000
80190
32130
77760
68850
67860
900
43020
10980
36900
84240
90990
48420
62370
95940
35820
26100
39690
5760
77130
58230
67410
78750
51930
32670
61110
5760
31500
19620
28800
42660
80640
66420
41580
63810
77940
85140
43020
91350
80460
21870
9630
25470
37260
2520
27360
99000
83970
28080
60930
35820
95310
24210
64800
85680
10800
89370
62820
60030
58140
42210
13140
85230
72360
27630
47970
10260
45450
72630
43560
76140
5940
47520
17280
82260
52560
630
93690
50310
40320
89460
56790
80280
18720
97200
59220
2250
81810
61200
42660
42300
21690
30510
95400
70830
44190
48150
17100
77760
58140
17460
64800
1350
33030
77850
69390
25380
43200
20160
54360
35010
62370
5580
46890
37440
58410
46530
10170
66600
45000
49950
25560
26550
14940
8640
31230
1620
30780
38700
90000
2250
30600
48960
70380
720
15210
58140
7920
73080
64620
5220
73620
53100
29430
89910
80190
46980
65970
85230
47880
62730
59130
63990
59310
42210
64440
78840
51300
66600
81900
63900
1800
9540
97380
96030
50580
41040
9090
27540
32580
39510
72900
95040
79380
42300
66960
16560
41850
22680
4950
44370
87480
46260
43650
79830
9090
57690
97380
10170
24750
10620
92430
21420
75240
66600
64350
34650
73710
90810
92070
27180
51390
5760
96030
90810
57690
61650
26370
28800
90630
18270
96120
90
72270
26910
92610
7470
27180
50670
47520
22230
95220
53190
53820
91890
54180
18720
40230
46170
18180
25560
13320
68130
24030
79200
67590
59220
55530
34920
36450
72900
38430
36720
55530
48060
32490
76500
15120
92790
97290
56610
52020
44820
76230
14850
11430
77040
65340
990
58950
70200
60300
54450
85950
39870
12150
92790
73620
76500
99450
94590
15840
73620
48330
65790
40950
72450
92430
76590
4230
17190
16920
36810
31230
70560
80190
83430
26460
37710
2160
86490
17370
39780
6660
85410
77040
54900
96750
91890
38880
56250
82710
82890
64980
22860
73260
36270
42120
17910
64440
15300
32760
22320
1620
83520
10170
4410
75870
37710
52020
24750
83250
25830
56340
64620
61830
7560
60390
75420
12420
14670
93420
61560
77310
86850
80730
89190
13590
80460
72450
33300
18900
76590
41040
88380
28620
25290
76770
9630
95310
31140
56340
27990
26820
76140
98550
17550
52560
77310
53370
92880
43740
67860
32220
80910
50130
26640
16110
97290
2070
69660
58590
71280
27360
74160
60300
74430
65700
72630
20790
59310
96030
39240
45000
94410
8820
57060
93690
49590
96930
37530
75150
70110
73800
89820
37440
93150
96570
18360
40770
76050
10800
97920
38160
73350
43470
15210
19800
32310
83520
10440
61470
93240
13860
44280
45630
52920
80730
81180
44550
53010
35010
14220
82350
32040
80280
66600
18540
810
45900
76050
76140
65970
35100
68130
8640
86850
40590
61290
52920
23670
76950
42390
53820
33300
93690
58950
92070
28170
63180
18540
35910
76500
43920
32310
47790
33840
13320
28890
26910
8910
2250
64980
11880
63090
27990
3600
76320
39510
7740
86940
63630
31500
37440
58410
33390
52380
57780
74970
97200
38970
84420
52290
96840
45630
19890
19890
3960
66690
26640
3870
13680
36360
83520
32760
31050
15480
20340
67770
82350
3060
60570
71280
72450
80640
32940
99720
2790
99450
84780
35910
66510
13230
2520
91350
48960
62460
57780
37800
59220
54810
27990
2610
12780
74250
18000
18720
93960
79560
34560
4950
24300
36720
45720
30780
45090
86310
22770
22050
6660
87750
50490
67410
75150
39060
51750
79830
33930
35820
92610
17370
7110
51120
4230
98820
5310
80910
29610
25920
43830
35820
27090
66150
45450
26190
94590
78480
80550
95490
75060
74700
40500
13230
85860
57780
56160
2610
68670
87030
89730
5490
89460
72540
63360
63990
54540
8280
80550
27810
84870
53010
85950
10080
26100
20970
88920
74700
14670
55620
15570
14490
44820
4410
35190
15300
17550
84960
26190
44460
16740
81810
23130
53820
60750
54360
2160
28800
57600
56880
23490
56160
41850
71730
63810
10980
7470
89640
630
13950
19260
85770
34740
4860
83430
41400
39240
9270
55800
95850
9810
41580
13770
98910
93330
44730
66150
77220
7110
31950
89190
8100
81990
57330
73260
52650
20160
30150
55980
31140
20880
14850
5220
42390
30690
69120
41760
81540
38340
29070
87840
30600
94950
73440
48150
15570
47610
6930
46350
2610
79920
32850
36270
43740
73620
24210
93960
65070
83340
23040
91890
73440
80820
5850
44100
23670
33300
52380
11880
24120
44550
24660
24480
5850
12240
53910
76320
45630
52200
10170
23400
5850
48240
99810
83970
62010
79380
21870
52380
40950
39870
83520
720
57960
67500
96390
1980
41490
10080
85140
88200
63450
60480
27810
53280
76770
51930
6300
75870
60750
72450
64710
87570
40230
25650
93330
98010
11970
67410
5130
3420
85410
75060
39960
81810
1530
87930
40140
7020
54540
68670
16380
44460
30690
18450
77850
65070
23040
31320
71640
21240
16830
63360
89010
4140
80550
84690
46710
61110
99360
50580
11340
83340
70200
74880
86850
99180
51300
6750
36900
5130
63540
81090
96030
78750
83970
76860
27630
28170
10620
59580
99270
11070
63990
68310
7920
71190
86760
88560
88830
48240
7020
89010
40140
72000
180
22230
59040
64530
76140
27000
21150
67410
42750
95220
63810
59310
93870
29880
67770
37080
58050
95850
5760
55800
57240
48060
6390
81090
80640
83790
14490
3420
85050
37710
95940
75690
66870
56070
87840
31500
87570
74070
88290
47160
68940
59670
23580
62730
90090
46980
36090
44910
88470
74970
16470
74340
59850
9630
13050
48510
22230
91620
59310
59220
47520
61740
87030
51930
71460
38700
54990
5220
52830
29610
49590
60930
70740
97200
59940
26370
8640
41220
99270
54900
1080
77130
9720
46260
8910
35100
1620
82260
30420
81900
37260
30960
13320
88380
4770
5040
990
74070
95220
45180
73800
77130
26910
70920
22410
73710
82710
84060
92250
83610
44280
4050
86130
83790
24840
6570
57420
95130
63810
39150
74430
69930
66240
37080
72900
37440
73530
53190
95670
99090
23040
27540
45720
84870
67590
4230
36180
50130
40140
83610
12060
52830
3780
90450
70380
28620
71280
23220
49500
95040
47340
65250
19890
74880
38520
9990
90360
180
46530
76860
19440
24120
53910
16920
82710
10530
15390
80100
89640
97560
50850
23670
8010
68580
47250
23490
27360
25200
68490
54090
67320
22230
3060
39240
96840
49500
27090
630
41400
73710
69030
61110
57420
33660
15120
39330
76320
56970
44550
67320
19440
60750
62190
47700
24930
83430
34020
41130
71010
38880
68490
93960
87840
89370
45900
54990
97470
58410
9360
91980
11250
37710
10980
59220
96390
55710
66240
94590
36720
91800
75960
64800
10530
30060
63180
59040
6480
29700
62010
79380
52650
7200
12150
14040
4950
62460
59940
52290
29070
31590
90540
75330
83070
61380
1980
64170
76050
70740
44820
85770
85410
34020
5670
91170
49050
62820
48510
65880
97830
87120
85500
88560
54900
36180
19440
98460
30420
7110
49230
31140
70740
54990
43110
26820
85500
23310
80550
21420
29250
95220
48960
78750
90270
15930
46080
49320
7110
14130
48780
52020
81090
38160
5670
30960
34380
48510
41760
98550
45900
6840
37800
18540
7920
87210
72720
98910
80010
48510
78120
74340
33030
75870
63540
64440
80730
53910
47430
38250
17910
61920
68850
82170
42840
80730
48420
66060
64080
19530
63090
46890
95940
17280
46710
49410
72180
19620
39330
54990
4680
32040
66420
33660
20610
47610
35910
3690
5310
43290
52920
1260
6030
32400
29340
57330
51750
50490
40770
2070
30600
96750
25200
42930
94770
13770
40680
8730
50400
67770
58950
67230
10530
19440
49050
67860
42660
41850
22230
94230
79560
80370
36540
80460
3420
63810
39690
56970
53370
47880
53550
93600
28080
77400
51210
74160
13050
24840
6750
31410
47790
34920
19620
83970
27900
75780
23850
45360
61470
20340
60840
990
52920
56790
96840
55260
68220
77400
43290
63990
48060
72540
48330
55800
2790
20610
73350
91800
68670
98460
80460
29700
99450
6930
69750
73260
98100
94050
71910
51840
28710
990
7470
71190
34560
31500
29700
32670
58410
45540
67590
77130
72450
71460
68940
63360
18720
16290
27630
57870
74700
20430
48330
93330
55800
58320
28620
58590
540
67320
32400
81180
96480
4320
67230
89280
54810
9540
34110
91980
36360
93240
17460
25920
82530
43560
91530
56250
72000
49140
72540
66870
50400
70020
5850
90990
5760
50760
46170
29340
29340
54180
26550
85050
44910
97110
8370
16740
59760
5130
89100
17550
26910
89100
7200
63900
84420
18090
83970
65160
50220
24660
36630
60390
4230
43290
50040
63450
11160
18990
4770
57060
80100
59400
78480
30240
49410
74430
59490
15570
720
28260
3510
81270
76320
99900
9000
22230
89550
48510
63000
84330
93870
9990
31050
44640
20700
58770
78300
90540
8100
71820
99720
96570
28980
76860
12060
7290
79290
53370
78660
85230
92520
54450
21690
6750
93420
1080
47430
57690
39690
55800
96750
51480
72990
37260
53910
60750
23760
4950
54360
50850
38880
35010
15570
14940
72090
61560
32760
98550
68490
21780
26460
52020
75960
78120
98280
13590
39600
96300
86760
82530
2160
92970
94770
54990
15840
46890
2970
9360
9900
49320
10170
16200
15480
48330
8010
89460
22770
1980
74160
15570
54090
75510
26730
56970
47610
56520
28980
87300
80460
84600
40410
69570
42750
30600
47880
10440
60840
81540
5310
7470
71730
29250
46710
80730
55170
35100
17370
25020
90270
52020
70470
54000
4590
69390
62280
42930
69390
14310
49050
92340
39150
270
83340
80460
10530
50850
52110
9540
51480
64890
35820
65070
6390
34740
29430
51930
67320
26550
22410
96840
30150
10080
26370
12150
59760
68850
57420
34650
90900
1530
50400
23310
5040
64260
37890
73890
9990
6570
85860
34380
29430
88650
21240
51840
7290
32310
28440
51840
84780
18180
98820
67140
34200
5040
79920
28620
29970
81720
83790
55440
77760
36630
35100
19890
33030
69390
4590
30060
12060
40950
92070
21060
75240
28170
12420
83610
76050
82620
16020
44010
4950
12330
78840
95850
99990
97020
17910
27270
54180
67320
29250
27180
16560
54630
10260
14040
40140
69570
89730
94590
8190
64980
48330
19350
27720
32580
96120
34200
90810
81000
54090
83970
46080
88830
26190
35010
85590
97470
87930
76950
9360
45000
16110
86490
61560
5310
15030
8010
53010
71280
42480
94590
67950
50400
72180
9090
78840
7560
77220
20520
64170
97200
8280
61740
46530
0
75330
77310
28800
7110
450
75870
76050
43200
5490
91530
11970
57600
36630
34020
94860
59130
11610
98280
70020
7470
92520
48960
2430
15750
3510
76230
36810
93600
72990
7380
72450
0
34560
88830
77490
36180
78480
76230
60210
57150
86670
34380
44550
55800
74610
19170
53280
99270
11790
19890
80460
22950
15660
32400
73620
9000
24480
13050
64170
40860
13230
60390
31050
70470
85320
40680
84870
39690
39780
72360
14220
12780
67590
18990
18990
58950
11430
11430
44820
93690
98730
30960
18360
86310
5670
9360
70560
90000
45720
10080
33570
60120
37800
69840
1260
99450
34740
18720
88020
54090
90540
31320
54090
9630
8010
39510
83070
64440
16200
40770
41130
33480
41310
26910
98550
30240
28170
81270
23850
95490
60390
39330
6930
17370
93150
87030
1890
58950
68760
36360
64980
32490
91980
35550
30420
44190
81450
58770
79740
24750
45450
64530
23850
42210
50760
61740
7920
45720
49230
72180
18540
48420
8010
96480
58680
12510
64530
95850
11160
16110
59040
8910
6840
66060
40500
91530
40230
65430
31320
95400
85590
44010
74610
26190
41400
89550
13770
81180
50850
97110
68850
95040
36990
39330
12240
99270
23670
37710
89100
8550
81180
27270
24120
99900
6840
52290
20160
28260
85590
43380
39150
29880
60300
68130
71460
54180
56610
26640
3780
83070
79380
16200
85050
80550
3420
17100
23850
21600
79650
21960
7380
69660
17910
49230
59580
11520
71190
73260
15120
14670
32400
91800
21690
78840
7200
13320
10710
58320
89640
98370
4590
450
24120
13590
9360
16740
7290
33210
42840
39240
20520
22770
73350
6840
83340
17550
10080
2700
20430
88740
92880
3600
44010
21780
18720
40680
34470
59580
7380
45270
57330
14490
13050
69660
66330
26820
87390
25020
90
18900
92520
77310
63000
71370
30600
34920
70380
73890
70830
8370
95760
45000
42750
30060
17190
41490
39060
9090
68670
80370
92070
35550
80820
75240
6210
76410
47160
25470
66600
80550
20430
40590
60840
16290
88560
15930
43020
41670
53100
61920
52290
47070
80730
56250
16290
43740
13860
12150
6750
17370
59310
65880
1710
79740
53280
53910
34200
17910
51660
98370
59760
10620
28080
88110
28800
270
62640
65790
8190
48870
15480
9270
18270
36360
4500
79200
93330
39150
63360
45540
67230
80820
39690
17100
20430
42840
69750
70290
8640
20700
52650
82710
30240
92430
2070
81900
90720
9090
75600
76410
9090
37350
81540
51930
2880
95310
17640
62100
8370
51840
5940
48780
78840
55710
55890
91080
94500
41850
45720
91890
87750
18000
23400
94140
73800
34470
99360
72180
53190
86850
52470
14310
64620
14850
9090
40950
40230
63720
49590
20700
36270
68670
77400
22410
4590
28530
67950
94500
11070
51030
90000
90630
57420
75060
86940
49590
51390
47610
44370
7650
67050
97290
85050
38070
4950
27360
52110
73260
5310
89550
98010
29610
64350
82440
61650
93690
6120
13680
27900
88380
70380
56250
98550
71190
58140
55890
8550
32310
180
91170
40860
39150
52200
12330
66420
49410
18360
34650
46710
24120
86580
94950
74430
98550
37080
37170
63000
85320
12330
97830
68310
81360
49590
11340
24300
23670
38250
35730
72720
71190
29070
50490
23760
99450
66960
31320
2970
72720
81450
80640
2070
94320
9630
38340
44460
79200
59580
32220
28170
79290
74070
55710
52110
33750
40320
58500
23040
96210
88470
37980
14490
7380
8190
60210
70290
14220
61740
32670
13140
85140
52380
23940
31410
50130
94140
78300
43830
82530
53550
17010
27270
77040
36270
90810
72000
74520
24120
60750
13590
61470
83160
50040
48330
180
12780
76680
10710
42660
11430
42480
59310
24930
88110
7290
87840
41670
56790
73350
68580
50490
78030
31950
75240
7650
29700
55440
32940
77580
37170
45540
990
74700
24930
55800
46170
92070
78660
8280
58680
93510
19620
25290
39240
98280
22140
51390
60300
31770
43560
59220
95670
73890
52920
18810
40410
38610
23760
60930
9000
5580
35370
5400
89010
76950
3600
85050
88560
50580
26730
7740
92340
84780
27090
62190
25470
54630
98640
36180
19890
5130
20430
53190
84690
79560
98370
2340
75150
21060
85590
84600
80640
87390
37260
14580
9900
21510
57330
49320
55350
36090
19890
17550
42570
2790
63900
25200
32310
43920
26280
70470
65160
14400
720
12330
69570
79740
45540
60480
67320
720
86760
35280
20070
43200
23400
94140
33930
29700
12150
18810
94050
74790
15840
11790
28440
29520
62730
40320
29160
29700
86310
92970
20880
83250
58050
50400
84870
32130
47790
27180
21240
28350
90720
98910
88830
64890
4770
76950
66060
90360
83520
49230
26460
17460
72720
34380
34380
29520
94860
74250
70290
60570
96390
28620
1980
55350
21330
83610
1800
54900
43020
96570
87480
77670
88740
19350
99630
63090
61110
64800
32220
27450
63990
68310
89910
34650
17730
88020
89010
99450
10800
7110
54900
99180
73980
30330
87210
16830
85860
7920
47430
20790
16200
59400
57960
94140
6570
4860
42660
16380
65700
36090
57060
26910
14040
64080
19440
7740
72630
65520
47880
60570
30240
41760
91710
48240
95850
33030
62280
59130
87930
98550
85320
48780
65520
14310
48240
28440
98190
82440
74970
85770
65430
28260
69840
44370
56970
43290
89010
20880
33480
92160
68130
12960
22500
53370
10800
60120
55440
32670
52020
76050
67770
54990
50760
65970
32310
32670
37080
55980
51570
18450
23580
69660
75960
20610
92430
29520
95850
66690
86220
21510
58770
99540
36540
82260
56700
93690
97920
23310
49860
60210
42210
87840
57510
23670
87930
14220
29250
69840
99450
84150
33210
36090
24120
4950
12510
37350
52200
8010
53190
36810
72450
65700
19710
31860
15030
64530
66330
70020
2790
91620
58140
54630
34380
40860
4410
26280
78750
14580
81720
99900
66420
18180
37080
96840
630
89190
15750
53730
20880
91890
85230
54360
35190
97830
58410
66690
10530
66870
84960
37260
10080
90180
32490
30240
97560
33570
89550
65070
68040
37980
44010
22590
46080
86670
25020
61380
71010
16020
15120
72450
86400
61560
78210
66960
12600
69210
64710
80550
36180
84330
27720
89190
8010
8820
25650
97920
37710
3240
28170
81090
64800
34830
67140
31410
51750
52020
26550
60750
68940
50220
8730
40860
26730
3330
33390
59940
40320
58770
68220
79380
31860
56250
61560
51750
8640
49320
810
52020
33210
65970
37350
29250
67500
94950
53550
54180
48150
43470
17460
48870
89010
62280
53190
50040
85860
34020
92700
54540
99450
6210
82260
53550
80100
64800
57420
53100
450
29790
17640
49410
3060
58590
70290
64890
33120
44910
87840
9990
62190
40770
52920
9810
12870
78480
82260
39600
19890
18990
16110
57060
58230
96840
97830
21960
51750
30060
98550
450
41130
96480
85770
17640
60930
58590
26280
12960
72270
62280
33750
28350
38880
67680
83160
55080
3690
37440
57600
62190
21060
79920
8370
52650
97110
55080
40860
90720
810
50670
43830
3600
4950
34200
1530
27630
69570
33750
1620
3600
75600
41310
31230
77220
52380
51840
30960
96390
44730
71370
48150
22590
48960
58230
14310
52290
22950
72720
19080
42210
77850
30780
96840
4410
8190
65070
96120
68940
30600
96930
27270
38340
11790
63270
23490
7650
87660
96750
72990
98460
3870
78840
3780
61020
33390
75060
26820
59760
81810
21510
28620
14130
91080
63900
46170
67050
28530
95670
9810
3960
81630
18000
76410
97110
49500
82710
56250
5490
84870
1440
2790
99180
83520
74070
32580
67050
32760
79200
31230
19080
76680
70560
9990
2430
82890
95580
70740
36720
1170
540
88110
52020
40680
5490
64800
84240
46440
71910
13320
92070
50940
95220
45090
10350
53640
19350
99630
5760
83520
54360
13770
59580
20970
10980
2340
13140
60570
26010
52380
82620
7560
38070
33750
38970
75330
29700
26460
3510
42570
45720
40140
17280
83880
29610
84150
27900
96480
58500
32580
7200
99000
60750
55530
98100
38070
32760
55440
75330
9450
8460
47700
56520
83430
89010
96930
51300
43920
41220
91350
80010
89010
26370
47610
28170
1620
83610
70110
81810
7830
24030
69930
5940
88920
27180
70380
70290
13230
56340
91800
48240
29700
7830
39600
26640
73530
56160
95850
16830
59130
54000
85860
65160
17910
60210
74430
97020
89550
33660
63450
62370
55170
73890
29430
72810
83070
38700
21240
46080
57600
80190
1620
41310
50130
47340
57240
34290
360
18000
3240
65520
90090
46800
92340
43650
35010
54900
74520
61740
29700
3420
51750
38250
76500
76500
10260
80010
49590
90000
2160
44820
60840
63810
49500
78030
45540
65160
60660
74700
11160
86040
16920
19800
36630
3960
89910
90090
39240
45540
31680
56160
35460
4500
11160
40770
55800
39150
22410
64800
27180
56520
180
55980
39330
78120
50850
11160
77490
17820
25110
27360
36270
72090
26910
86310
5670
54270
46980
54090
85860
1440
75240
80640
29070
39330
78390
34560
62640
99630
75510
360
70470
55260
96300
64890
75870
15750
78750
12690
28440
79830
7830
98550
77940
78300
71100
29520
19440
38250
90360
56250
23940
68490
47880
42210
66240
19710
33840
78030
85770
62550
82080
79650
79110
27270
25650
44640
25470
3870
10440
81630
72810
2610
33390
40320
60930
53100
81900
11070
79560
43740
4590
32130
16020
93510
35550
86220
6300
88020
33120
36450
71100
63720
58410
23220
41580
53910
64440
95130
57510
81000
89190
98550
59130
81180
11070
67860
42750
62190
75240
31500
88830
10080
98370
97200
12420
9450
44190
46620
6300
42930
91440
80190
90900
61470
40770
69390
18270
98460
29880
72000
95310
7920
47160
7200
44010
94770
62910
81540
26640
40320
52290
27990
4500
53280
57600
57150
7830
66960
1260
81180
88200
9990
69120
57240
81450
78210
69300
51660
89100
58590
47790
54900
56070
36360
11160
22680
22680
68850
61830
94860
26910
71280
14850
19260
89460
75870
67320
77310
98010
98100
90360
59040
6570
33570
93960
21330
71370
85230
13860
91800
75330
6750
11610
44910
81630
54270
36900
13320
14220
26190
25290
13230
52290
7830
98820
76500
69930
84330
71460
52830
58140
37620
7470
3960
93240
80370
81450
38790
21780
5400
45990
8190
37980
7110
34560
4500
53820
82800
90450
68490
33300
92340
9900
37440
23400
58680
16470
45360
71010
52020
53640
2610
90900
36090
24390
89640
98820
55530
52290
95850
15660
8010
20610
41040
16920
43200
450
43110
48150
61560
24660
47160
23850
25830
71190
45810
58140
31140
16560
56520
37710
81720
270
90900
26910
64890
39420
94590
56430
15030
630
52920
24750
18270
98730
11070
360
2070
45540
71460
99000
73170
91440
16380
22230
56700
62370
82710
92790
82980
61560
33840
98460
96840
61470
89820
22140
13500
61380
18000
65610
19620
53010
41850
32850
63000
59580
87390
10260
24750
39960
14760
45990
2880
91080
15930
29790
26280
28440
64260
54630
90
88290
54360
94230
37620
31050
3150
22770
86670
49680
93780
76500
54990
64080
15210
28710
60750
73440
82350
94050
85590
22140
33930
94140
54270
35370
91530
19890
22410
6480
94500
20970
75960
38520
25020
73800
20610
79650
13860
99990
70830
33660
82710
92610
67680
85770
94410
41130
84600
7830
93420
88470
54720
11340
6210
71100
18180
59220
24840
68850
18810
81270
16110
64440
99090
64080
81990
19530
49140
71640
13050
21780
9540
71190
85500
89010
82080
77580
11430
82800
5310
74790
58860
37890
540
71550
32580
51750
64890
76320
92430
34560
10620
52290
35550
61830
57780
3240
31680
59220
32490
45540
44730
52470
45900
23130
29880
37620
24480
33480
54270
97470
26550
77850
85230
1980
14760
57150
95400
15570
720
94950
81000
51750
60570
30060
35370
22050
62010
51660
55620
90
59040
56880
56610
92790
45720
42750
24930
64980
62280
81630
81540
84510
96480
37980
93690
42120
80100
16020
63180
33750
44820
47880
68940
90540
4770
38160
57510
52380
28980
82710
31590
58410
73080
35190
68760
92790
72720
84780
51300
39330
49860
39330
84420
4410
79020
42300
92700
33120
88290
97830
91800
84150
60210
28260
59040
82620
50670
38430
78300
5220
64170
58500
69120
78300
88650
62370
25290
23940
12690
32310
35640
77310
59220
53820
88560
24750
79830
37620
90450
3150
37800
89820
80280
3780
6300
16110
8910
40590
3420
44190
32940
28080
46350
79740
12060
50580
91530
52110
84330
40860
3870
92250
78480
45990
28890
22320
75060
16740
22320
13680
59400
7830
17640
11160
7830
18720
19800
900
67050
68760
85590
73710
48240
55530
22410